0 0
0.02 0.0722996
0.04 0.102701
0.06 0.126505
0.08 0.14707
0.1 0.1657
0.12 0.183067
0.14 0.199573
0.16 0.215484
0.18 0.230986
0.2 0.246218
0.22 0.261286
0.24 0.276276
0.26 0.291257
0.28 0.306288
0.3 0.321419
0.32 0.336693
0.34 0.352147
0.36 0.367814
0.38 0.383724
0.4 0.399903
0.42 0.416373
0.44 0.433155
0.46 0.450264
0.48 0.467717
0.5 0.485522
0.52 0.503688
0.54 0.52222
0.56 0.541118
0.58 0.560378
0.6 0.579994
0.62 0.599951
0.64 0.620232
0.66 0.640814
0.68 0.661666
0.7 0.682753
0.72 0.704031
0.74 0.72545
0.76 0.746952
0.78 0.76847
0.8 0.789932
0.82 0.811256
0.84 0.832355
0.86 0.853132
0.88 0.873487
0.9 0.893313
0.92 0.9125
0.94 0.930937
0.96 0.948509
0.98 0.965105
1 0.980616
1.02 0.994937
1.04 1.00797
1.06 1.01964
1.08 1.02985
1.1 1.03855
1.12 1.04568
1.14 1.05121
1.16 1.05513
1.18 1.05742
1.2 1.05809
1.22 1.05717
1.24 1.05471
1.26 1.05075
1.28 1.04535
1.3 1.03859
1.32 1.03054
1.34 1.0213
1.36 1.01095
1.38 0.999587
1.4 0.987307
1.42 0.974203
1.44 0.960369
1.46 0.945895
1.48 0.93087
1.5 0.915378
1.52 0.899498
1.54 0.883305
1.56 0.86687
1.58 0.850258
1.6 0.833528
1.62 0.816735
1.64 0.799929
1.66 0.783154
1.68 0.766453
1.7 0.749859
1.72 0.733406
1.74 0.717121
1.76 0.701029
1.78 0.685152
1.8 0.669507
1.82 0.65411
1.84 0.638975
1.86 0.624111
1.88 0.609527
1.9 0.59523
1.92 0.581225
1.94 0.567516
1.96 0.554105
1.98 0.540993
2 0.52818
2.02 0.515665
2.04 0.503446
2.06 0.491522
2.08 0.479888
2.1 0.468542
2.12 0.457479
2.14 0.446695
2.16 0.436186
2.18 0.425946
2.2 0.415971
2.22 0.406255
2.24 0.396793
2.26 0.387579
2.28 0.378608
2.3 0.369874
2.32 0.361371
2.34 0.353094
2.36 0.345037
2.38 0.337195
2.4 0.329562
2.42 0.322133
2.44 0.314902
2.46 0.307864
2.48 0.301014
2.5 0.294347
2.52 0.287857
2.54 0.28154
2.56 0.275392
2.58 0.269406
2.6 0.263579
2.62 0.257907
2.64 0.252384
2.66 0.247007
2.68 0.241771
2.7 0.236673
2.72 0.231708
2.74 0.226873
2.76 0.222163
2.78 0.217576
2.8 0.213107
2.82 0.208754
2.84 0.204513
2.86 0.20038
2.88 0.196353
2.9 0.192429
2.92 0.188604
2.94 0.184876
2.96 0.181242
2.98 0.177699
3 0.174245
3.02 0.170877
3.04 0.167592
3.06 0.164389
3.08 0.161265
3.1 0.158217
3.12 0.155244
3.14 0.152343
3.16 0.149512
3.18 0.14675
3.2 0.144054
3.22 0.141423
3.24 0.138854
3.26 0.136347
3.28 0.133899
3.3 0.131508
3.32 0.129173
3.34 0.126893
3.36 0.124666
3.38 0.12249
3.4 0.120365
3.42 0.118288
3.44 0.116258
3.46 0.114275
3.48 0.112336
3.5 0.110442
3.52 0.108589
3.54 0.106778
3.56 0.105007
3.58 0.103276
3.6 0.101582
3.62 0.0999259
3.64 0.0983056
3.66 0.0967205
3.68 0.0951697
3.7 0.0936522
3.72 0.0921672
3.74 0.0907139
3.76 0.0892914
3.78 0.0878989
3.8 0.0865358
3.82 0.0852011
3.84 0.0838942
3.86 0.0826144
3.88 0.0813611
3.9 0.0801334
3.92 0.0789309
3.94 0.0777528
3.96 0.0765986
3.98 0.0754677
4 0.0743594
4.02 0.0732733
4.04 0.0722087
4.06 0.0711653
4.08 0.0701423
4.1 0.0691395
4.12 0.0681562
4.14 0.0671919
4.16 0.0662464
4.18 0.065319
4.2 0.0644094
4.22 0.0635171
4.24 0.0626417
4.26 0.0617829
4.28 0.0609402
4.3 0.0601133
4.32 0.0593018
4.34 0.0585054
4.36 0.0577236
4.38 0.0569562
4.4 0.0562029
4.42 0.0554632
4.44 0.054737
4.46 0.0540238
4.48 0.0533235
4.5 0.0526357
4.52 0.0519601
4.54 0.0512965
4.56 0.0506446
4.58 0.0500041
4.6 0.0493749
4.62 0.0487565
4.64 0.0481489
4.66 0.0475518
4.68 0.0469649
4.7 0.046388
4.72 0.045821
4.74 0.0452636
4.76 0.0447155
4.78 0.0441767
4.8 0.0436468
4.82 0.0431258
4.84 0.0426134
4.86 0.0421095
4.88 0.0416138
4.9 0.0411263
4.92 0.0406467
4.94 0.0401748
4.96 0.0397106
4.98 0.0392538
5 0.0388044
5.02 0.0383621
5.04 0.0379268
5.06 0.0374984
5.08 0.0370767
5.1 0.0366616
5.12 0.0362531
5.14 0.0358508
5.16 0.0354548
5.18 0.0350649
5.2 0.0346809
5.22 0.0343028
5.24 0.0339305
5.26 0.0335638
5.28 0.0332027
5.3 0.0328469
5.32 0.0324965
5.34 0.0321513
5.36 0.0318112
5.38 0.0314762
5.4 0.0311461
5.42 0.0308208
5.44 0.0305003
5.46 0.0301844
5.48 0.0298731
5.5 0.0295663
5.52 0.0292639
5.54 0.0289658
5.56 0.028672
5.58 0.0283823
5.6 0.0280967
5.62 0.0278152
5.64 0.0275376
5.66 0.0272639
5.68 0.026994
5.7 0.0267278
5.72 0.0264653
5.74 0.0262064
5.76 0.0259511
5.78 0.0256992
5.8 0.0254508
5.82 0.0252057
5.84 0.024964
5.86 0.0247255
5.88 0.0244902
5.9 0.024258
5.92 0.0240289
5.94 0.0238029
5.96 0.0235798
5.98 0.0233597
6 0.0231424
6.02 0.022928
6.04 0.0227163
6.06 0.0225074
6.08 0.0223012
6.1 0.0220977
6.12 0.0218967
6.14 0.0216984
6.16 0.0215025
6.18 0.0213091
6.2 0.0211182
6.22 0.0209296
6.24 0.0207435
6.26 0.0205596
6.28 0.0203781
6.3 0.0201987
6.32 0.0200216
6.34 0.0198467
6.36 0.019674
6.38 0.0195033
6.4 0.0193347
6.42 0.0191682
6.44 0.0190037
6.46 0.0188411
6.48 0.0186805
6.5 0.0185219
6.52 0.0183651
6.54 0.0182102
6.56 0.0180571
6.58 0.0179059
6.6 0.0177564
6.62 0.0176087
6.64 0.0174627
6.66 0.0173184
6.68 0.0171758
6.7 0.0170348
6.72 0.0168954
6.74 0.0167577
6.76 0.0166215
6.78 0.0164869
6.8 0.0163538
6.82 0.0162222
6.84 0.0160922
6.86 0.0159635
6.88 0.0158364
6.9 0.0157106
6.92 0.0155863
6.94 0.0154633
6.96 0.0153417
6.98 0.0152215
7 0.0151025
7.02 0.0149849
7.04 0.0148686
7.06 0.0147535
7.08 0.0146397
7.1 0.0145271
7.12 0.0144158
7.14 0.0143056
7.16 0.0141966
7.18 0.0140888
7.2 0.0139822
7.22 0.0138766
7.24 0.0137722
7.26 0.0136689
7.28 0.0135667
7.3 0.0134656
7.32 0.0133655
7.34 0.0132665
7.36 0.0131685
7.38 0.0130715
7.4 0.0129755
7.42 0.0128806
7.44 0.0127865
7.46 0.0126935
7.48 0.0126014
7.5 0.0125103
7.52 0.01242
7.54 0.0123307
7.56 0.0122423
7.58 0.0121548
7.6 0.0120682
7.62 0.0119824
7.64 0.0118975
7.66 0.0118135
7.68 0.0117302
7.7 0.0116478
7.72 0.0115662
7.74 0.0114855
7.76 0.0114055
7.78 0.0113263
7.8 0.0112478
7.82 0.0111702
7.84 0.0110932
7.86 0.0110171
7.88 0.0109416
7.9 0.0108669
7.92 0.0107929
7.94 0.0107197
7.96 0.0106471
7.98 0.0105752
8 0.010504
8.02 0.0104335
8.04 0.0103636
8.06 0.0102944
8.08 0.0102258
8.1 0.0101579
8.12 0.0100906
8.14 0.010024
8.16 0.00995793
8.18 0.0098925
8.2 0.00982768
8.22 0.00976346
8.24 0.00969983
8.26 0.00963678
8.28 0.00957431
8.3 0.00951241
8.32 0.00945107
8.34 0.00939028
8.36 0.00933005
8.38 0.00927036
8.4 0.00921121
8.42 0.00915258
8.44 0.00909449
8.46 0.00903691
8.48 0.00897984
8.5 0.00892328
8.52 0.00886723
8.54 0.00881166
8.56 0.00875659
8.58 0.008702
8.6 0.00864789
8.62 0.00859425
8.64 0.00854109
8.66 0.00848838
8.68 0.00843613
8.7 0.00838433
8.72 0.00833298
8.74 0.00828208
8.76 0.00823161
8.78 0.00818157
8.8 0.00813196
8.82 0.00808277
8.84 0.00803401
8.86 0.00798565
8.88 0.00793771
8.9 0.00789017
8.92 0.00784303
8.94 0.00779629
8.96 0.00774993
8.98 0.00770397
9 0.00765839
9.02 0.00761319
9.04 0.00756836
9.06 0.00752391
9.08 0.00747982
9.1 0.00743609
9.12 0.00739273
9.14 0.00734972
9.16 0.00730706
9.18 0.00726475
9.2 0.00722279
9.22 0.00718117
9.24 0.00713988
9.26 0.00709893
9.28 0.0070583
9.3 0.00701801
9.32 0.00697804
9.34 0.00693838
9.36 0.00689905
9.38 0.00686003
9.4 0.00682132
9.42 0.00678291
9.44 0.00674481
9.46 0.00670701
9.48 0.00666951
9.5 0.00663231
9.52 0.00659539
9.54 0.00655877
9.56 0.00652243
9.58 0.00648637
9.6 0.00645059
9.62 0.0064151
9.64 0.00637987
9.66 0.00634492
9.68 0.00631024
9.7 0.00627582
9.72 0.00624167
9.74 0.00620778
9.76 0.00617414
9.78 0.00614077
9.8 0.00610765
9.82 0.00607477
9.84 0.00604215
9.86 0.00600978
9.88 0.00597764
9.9 0.00594575
9.92 0.0059141
9.94 0.00588269
9.96 0.00585151
9.98 0.00582056
10 0.00578984
10.02 0.00575935
10.04 0.00572909
10.06 0.00569905
10.08 0.00566923
10.1 0.00563963
10.12 0.00561025
10.14 0.00558108
10.16 0.00555213
10.18 0.00552338
10.2 0.00549485
10.22 0.00546652
10.24 0.0054384
10.26 0.00541048
10.28 0.00538277
10.3 0.00535525
10.32 0.00532793
10.34 0.00530081
10.36 0.00527388
10.38 0.00524714
10.4 0.0052206
10.42 0.00519424
10.44 0.00516807
10.46 0.00514208
10.48 0.00511628
10.5 0.00509066
10.52 0.00506523
10.54 0.00503996
10.56 0.00501488
10.58 0.00498997
10.6 0.00496524
10.62 0.00494068
10.64 0.00491629
10.66 0.00489207
10.68 0.00486801
10.7 0.00484412
10.72 0.0048204
10.74 0.00479684
10.76 0.00477344
10.78 0.00475021
10.8 0.00472713
10.82 0.00470421
10.84 0.00468144
10.86 0.00465883
10.88 0.00463638
10.9 0.00461407
10.92 0.00459192
10.94 0.00456992
10.96 0.00454806
10.98 0.00452635
11 0.00450479
11.02 0.00448337
11.04 0.00446209
11.06 0.00444096
11.08 0.00441997
11.1 0.00439911
11.12 0.0043784
11.14 0.00435782
11.16 0.00433738
11.18 0.00431707
11.2 0.0042969
11.22 0.00427686
11.24 0.00425695
11.26 0.00423717
11.28 0.00421751
11.3 0.00419799
11.32 0.0041786
11.34 0.00415933
11.36 0.00414018
11.38 0.00412116
11.4 0.00410226
11.42 0.00408349
11.44 0.00406483
11.46 0.00404629
11.48 0.00402788
11.5 0.00400958
11.52 0.00399139
11.54 0.00397333
11.56 0.00395538
11.58 0.00393754
11.6 0.00391981
11.62 0.0039022
11.64 0.0038847
11.66 0.00386731
11.68 0.00385003
11.7 0.00383285
11.72 0.00381579
11.74 0.00379883
11.76 0.00378197
11.78 0.00376523
11.8 0.00374858
11.82 0.00373204
11.84 0.0037156
11.86 0.00369927
11.88 0.00368303
11.9 0.0036669
11.92 0.00365086
11.94 0.00363492
11.96 0.00361908
11.98 0.00360334
12 0.0035877
12.02 0.00357214
12.04 0.00355669
12.06 0.00354133
12.08 0.00352606
12.1 0.00351088
12.12 0.00349579
12.14 0.0034808
12.16 0.0034659
12.18 0.00345108
12.2 0.00343636
12.22 0.00342172
12.24 0.00340717
12.26 0.00339271
12.28 0.00337833
12.3 0.00336404
12.32 0.00334984
12.34 0.00333572
12.36 0.00332168
12.38 0.00330773
12.4 0.00329385
12.42 0.00328006
12.44 0.00326635
12.46 0.00325272
12.48 0.00323918
12.5 0.00322571
12.52 0.00321231
12.54 0.003199
12.56 0.00318577
12.58 0.00317261
12.6 0.00315952
12.62 0.00314652
12.64 0.00313359
12.66 0.00312073
12.68 0.00310795
12.7 0.00309524
12.72 0.0030826
12.74 0.00307004
12.76 0.00305755
12.78 0.00304513
12.8 0.00303278
12.82 0.0030205
12.84 0.00300829
12.86 0.00299615
12.88 0.00298408
12.9 0.00297207
12.92 0.00296014
12.94 0.00294827
12.96 0.00293647
12.98 0.00292474
13 0.00291307
13.02 0.00290146
13.04 0.00288993
13.06 0.00287845
13.08 0.00286704
13.1 0.0028557
13.12 0.00284441
13.14 0.00283319
13.16 0.00282203
13.18 0.00281094
13.2 0.0027999
13.22 0.00278892
13.24 0.00277801
13.26 0.00276716
13.28 0.00275636
13.3 0.00274563
13.32 0.00273495
13.34 0.00272433
13.36 0.00271377
13.38 0.00270327
13.4 0.00269282
13.42 0.00268243
13.44 0.0026721
13.46 0.00266182
13.48 0.0026516
13.5 0.00264143
13.52 0.00263132
13.54 0.00262126
13.56 0.00261126
13.58 0.00260131
13.6 0.00259141
13.62 0.00258157
13.64 0.00257177
13.66 0.00256204
13.68 0.00255235
13.7 0.00254271
13.72 0.00253313
13.74 0.00252359
13.76 0.00251411
13.78 0.00250467
13.8 0.00249529
13.82 0.00248596
13.84 0.00247667
13.86 0.00246743
13.88 0.00245824
13.9 0.0024491
13.92 0.00244001
13.94 0.00243096
13.96 0.00242197
13.98 0.00241301
14 0.00240411
14.02 0.00239525
14.04 0.00238644
14.06 0.00237767
14.08 0.00236895
14.1 0.00236027
14.12 0.00235164
14.14 0.00234305
14.16 0.0023345
14.18 0.002326
14.2 0.00231754
14.22 0.00230913
14.24 0.00230076
14.26 0.00229243
14.28 0.00228414
14.3 0.0022759
14.32 0.0022677
14.34 0.00225954
14.36 0.00225142
14.38 0.00224334
14.4 0.0022353
14.42 0.0022273
14.44 0.00221934
14.46 0.00221143
14.48 0.00220355
14.5 0.00219571
14.52 0.00218791
14.54 0.00218015
14.56 0.00217243
14.58 0.00216474
14.6 0.0021571
14.62 0.00214949
14.64 0.00214192
14.66 0.00213439
14.68 0.00212689
14.7 0.00211944
14.72 0.00211201
14.74 0.00210463
14.76 0.00209728
14.78 0.00208997
14.8 0.00208269
14.82 0.00207545
14.84 0.00206824
14.86 0.00206107
14.88 0.00205393
14.9 0.00204683
14.92 0.00203977
14.94 0.00203273
14.96 0.00202574
14.98 0.00201877
15 0.00201184
15.02 0.00200494
15.04 0.00199808
15.06 0.00199124
15.08 0.00198445
15.1 0.00197768
15.12 0.00197095
15.14 0.00196424
15.16 0.00195757
15.18 0.00195094
15.2 0.00194433
15.22 0.00193775
15.24 0.00193121
15.26 0.0019247
15.28 0.00191822
15.3 0.00191177
15.32 0.00190534
15.34 0.00189895
15.36 0.00189259
15.38 0.00188626
15.4 0.00187996
15.42 0.00187369
15.44 0.00186745
15.46 0.00186124
15.48 0.00185505
15.5 0.0018489
15.52 0.00184277
15.54 0.00183667
15.56 0.0018306
15.58 0.00182456
15.6 0.00181855
15.62 0.00181256
15.64 0.00180661
15.66 0.00180067
15.68 0.00179477
15.7 0.0017889
15.72 0.00178305
15.74 0.00177722
15.76 0.00177143
15.78 0.00176566
15.8 0.00175992
15.82 0.0017542
15.84 0.00174851
15.86 0.00174285
15.88 0.00173721
15.9 0.0017316
15.92 0.00172601
15.94 0.00172045
15.96 0.00171491
15.98 0.0017094
16 0.00170391
16.02 0.00169845
16.04 0.00169301
16.06 0.0016876
16.08 0.00168221
16.1 0.00167684
16.12 0.0016715
16.14 0.00166618
16.16 0.00166089
16.18 0.00165562
16.2 0.00165037
16.22 0.00164515
16.24 0.00163995
16.26 0.00163477
16.28 0.00162962
16.3 0.00162449
16.32 0.00161938
16.34 0.00161429
16.36 0.00160923
16.38 0.00160419
16.4 0.00159917
16.42 0.00159417
16.44 0.0015892
16.46 0.00158425
16.48 0.00157931
16.5 0.0015744
16.52 0.00156951
16.54 0.00156465
16.56 0.0015598
16.58 0.00155498
16.6 0.00155017
16.62 0.00154539
16.64 0.00154063
16.66 0.00153588
16.68 0.00153116
16.7 0.00152646
16.72 0.00152178
16.74 0.00151712
16.76 0.00151248
16.78 0.00150786
16.8 0.00150326
16.82 0.00149868
16.84 0.00149411
16.86 0.00148957
16.88 0.00148505
16.9 0.00148054
16.92 0.00147606
16.94 0.0014716
16.96 0.00146715
16.98 0.00146272
17 0.00145831
17.02 0.00145392
17.04 0.00144955
17.06 0.0014452
17.08 0.00144086
17.1 0.00143655
17.12 0.00143225
17.14 0.00142797
17.16 0.0014237
17.18 0.00141946
17.2 0.00141523
17.22 0.00141102
17.24 0.00140683
17.26 0.00140266
17.28 0.0013985
17.3 0.00139436
17.32 0.00139024
17.34 0.00138613
17.36 0.00138204
17.38 0.00137797
17.4 0.00137392
17.42 0.00136988
17.44 0.00136586
17.46 0.00136186
17.48 0.00135787
17.5 0.0013539
17.52 0.00134994
17.54 0.001346
17.56 0.00134208
17.58 0.00133817
17.6 0.00133428
17.62 0.0013304
17.64 0.00132654
17.66 0.0013227
17.68 0.00131887
17.7 0.00131506
17.72 0.00131126
17.74 0.00130748
17.76 0.00130372
17.78 0.00129996
17.8 0.00129623
17.82 0.00129251
17.84 0.0012888
17.86 0.00128511
17.88 0.00128143
17.9 0.00127777
17.92 0.00127413
17.94 0.00127049
17.96 0.00126688
17.98 0.00126327
18 0.00125968
18.02 0.00125611
18.04 0.00125255
18.06 0.001249
18.08 0.00124547
18.1 0.00124195
18.12 0.00123845
18.14 0.00123496
18.16 0.00123148
18.18 0.00122802
18.2 0.00122457
18.22 0.00122113
18.24 0.00121771
18.26 0.0012143
18.28 0.00121091
18.3 0.00120753
18.32 0.00120416
18.34 0.0012008
18.36 0.00119746
18.38 0.00119413
18.4 0.00119081
18.42 0.00118751
18.44 0.00118422
18.46 0.00118094
18.48 0.00117768
18.5 0.00117442
18.52 0.00117118
18.54 0.00116796
18.56 0.00116474
18.58 0.00116154
18.6 0.00115835
18.62 0.00115517
18.64 0.00115201
18.66 0.00114885
18.68 0.00114571
18.7 0.00114258
18.72 0.00113947
18.74 0.00113636
18.76 0.00113327
18.78 0.00113019
18.8 0.00112712
18.82 0.00112406
18.84 0.00112101
18.86 0.00111798
18.88 0.00111495
18.9 0.00111194
18.92 0.00110894
18.94 0.00110595
18.96 0.00110297
18.98 0.00110001
19 0.00109705
19.02 0.00109411
19.04 0.00109118
19.06 0.00108825
19.08 0.00108534
19.1 0.00108244
19.12 0.00107955
19.14 0.00107667
19.16 0.00107381
19.18 0.00107095
19.2 0.0010681
19.22 0.00106527
19.24 0.00106244
19.26 0.00105963
19.28 0.00105682
19.3 0.00105403
19.32 0.00105124
19.34 0.00104847
19.36 0.00104571
19.38 0.00104296
19.4 0.00104021
19.42 0.00103748
19.44 0.00103476
19.46 0.00103205
19.48 0.00102934
19.5 0.00102665
19.52 0.00102397
19.54 0.0010213
19.56 0.00101863
19.58 0.00101598
19.6 0.00101334
19.62 0.0010107
19.64 0.00100808
19.66 0.00100546
19.68 0.00100286
19.7 0.00100026
19.72 0.000997676
19.74 0.000995099
19.76 0.000992531
19.78 0.000989973
19.8 0.000987424
19.82 0.000984884
19.84 0.000982353
19.86 0.000979831
19.88 0.000977319
19.9 0.000974815
19.92 0.000972321
19.94 0.000969835
19.96 0.000967359
19.98 0.000964891
20 0.000962432
