0 0
0.02 0.072167
0.04 0.102326
0.06 0.125817
0.08 0.146013
0.1 0.164225
0.12 0.181131
0.14 0.19714
0.16 0.212519
0.18 0.227459
0.2 0.242102
0.22 0.256559
0.24 0.270919
0.26 0.285256
0.28 0.299632
0.3 0.314101
0.32 0.328712
0.34 0.34351
0.36 0.358532
0.38 0.373816
0.4 0.389396
0.42 0.405305
0.44 0.421571
0.46 0.438225
0.48 0.455291
0.5 0.472797
0.52 0.490764
0.54 0.509215
0.56 0.528169
0.58 0.547643
0.6 0.567651
0.62 0.588205
0.64 0.609312
0.66 0.630976
0.68 0.653194
0.7 0.675961
0.72 0.699262
0.74 0.723076
0.76 0.747376
0.78 0.772123
0.8 0.797271
0.82 0.82276
0.84 0.84852
0.86 0.874471
0.88 0.900516
0.9 0.926548
0.92 0.952447
0.94 0.978077
0.96 1.00329
0.98 1.02794
1 1.05185
1.02 1.07485
1.04 1.09677
1.06 1.11743
1.08 1.13665
1.1 1.15428
1.12 1.17014
1.14 1.1841
1.16 1.19605
1.18 1.20586
1.2 1.21348
1.22 1.21884
1.24 1.22192
1.26 1.22272
1.28 1.22128
1.3 1.21765
1.32 1.2119
1.34 1.20412
1.36 1.19445
1.38 1.18299
1.4 1.16989
1.42 1.15529
1.44 1.13934
1.46 1.12218
1.48 1.10398
1.5 1.08486
1.52 1.06496
1.54 1.04443
1.56 1.02338
1.58 1.00193
1.6 0.980177
1.62 0.958231
1.64 0.936175
1.66 0.914092
1.68 0.892051
1.7 0.870117
1.72 0.848347
1.74 0.826789
1.76 0.805486
1.78 0.784474
1.8 0.763785
1.82 0.743446
1.84 0.723477
1.86 0.703896
1.88 0.684718
1.9 0.665952
1.92 0.647608
1.94 0.62969
1.96 0.612202
1.98 0.595144
2 0.578517
2.02 0.562319
2.04 0.546545
2.06 0.531193
2.08 0.516257
2.1 0.50173
2.12 0.487607
2.14 0.473881
2.16 0.460543
2.18 0.447585
2.2 0.435001
2.22 0.42278
2.24 0.410916
2.26 0.399399
2.28 0.38822
2.3 0.377371
2.32 0.366843
2.34 0.356628
2.36 0.346717
2.38 0.337102
2.4 0.327774
2.42 0.318725
2.44 0.309948
2.46 0.301434
2.48 0.293176
2.5 0.285166
2.52 0.277397
2.54 0.269862
2.56 0.262553
2.58 0.255463
2.6 0.248587
2.62 0.241917
2.64 0.235447
2.66 0.229172
2.68 0.223084
2.7 0.217178
2.72 0.21145
2.74 0.205892
2.76 0.2005
2.78 0.195268
2.8 0.190192
2.82 0.185267
2.84 0.180488
2.86 0.17585
2.88 0.17135
2.9 0.166982
2.92 0.162742
2.94 0.158627
2.96 0.154633
2.98 0.150756
3 0.146991
3.02 0.143337
3.04 0.139788
3.06 0.136343
3.08 0.132997
3.1 0.129747
3.12 0.126591
3.14 0.123526
3.16 0.120548
3.18 0.117656
3.2 0.114846
3.22 0.112115
3.24 0.109462
3.26 0.106884
3.28 0.104378
3.3 0.101943
3.32 0.0995759
3.34 0.0972747
3.36 0.0950376
3.38 0.0928625
3.4 0.0907475
3.42 0.0886908
3.44 0.0866906
3.46 0.084745
3.48 0.0828526
3.5 0.0810115
3.52 0.0792204
3.54 0.0774776
3.56 0.0757816
3.58 0.0741311
3.6 0.0725247
3.62 0.070961
3.64 0.0694388
3.66 0.0679568
3.68 0.0665137
3.7 0.0651085
3.72 0.06374
3.74 0.062407
3.76 0.0611086
3.78 0.0598437
3.8 0.0586113
3.82 0.0574105
3.84 0.0562403
3.86 0.0550998
3.88 0.0539881
3.9 0.0529044
3.92 0.0518479
3.94 0.0508178
3.96 0.0498134
3.98 0.0488338
4 0.0478783
4.02 0.0469464
4.04 0.0460372
4.06 0.0451501
4.08 0.0442846
4.1 0.0434399
4.12 0.0426156
4.14 0.041811
4.16 0.0410255
4.18 0.0402587
4.2 0.0395099
4.22 0.0387788
4.24 0.0380648
4.26 0.0373674
4.28 0.0366863
4.3 0.0360208
4.32 0.0353706
4.34 0.0347353
4.36 0.0341145
4.38 0.0335078
4.4 0.0329148
4.42 0.0323351
4.44 0.0317683
4.46 0.0312142
4.48 0.0306724
4.5 0.0301425
4.52 0.0296243
4.54 0.0291175
4.56 0.0286216
4.58 0.0281365
4.6 0.0276619
4.62 0.0271975
4.64 0.026743
4.66 0.0262982
4.68 0.0258628
4.7 0.0254366
4.72 0.0250193
4.74 0.0246108
4.76 0.0242108
4.78 0.023819
4.8 0.0234354
4.82 0.0230596
4.84 0.0226915
4.86 0.0223309
4.88 0.0219777
4.9 0.0216315
4.92 0.0212923
4.94 0.0209599
4.96 0.0206341
4.98 0.0203148
5 0.0200017
5.02 0.0196949
5.04 0.019394
5.06 0.019099
5.08 0.0188097
5.1 0.018526
5.12 0.0182478
5.14 0.0179749
5.16 0.0177072
5.18 0.0174445
5.2 0.0171869
5.22 0.0169341
5.24 0.016686
5.26 0.0164426
5.28 0.0162037
5.3 0.0159693
5.32 0.0157391
5.34 0.0155132
5.36 0.0152914
5.38 0.0150737
5.4 0.0148599
5.42 0.0146499
5.44 0.0144438
5.46 0.0142413
5.48 0.0140425
5.5 0.0138472
5.52 0.0136553
5.54 0.0134669
5.56 0.0132817
5.58 0.0130998
5.6 0.0129211
5.62 0.0127455
5.64 0.0125729
5.66 0.0124033
5.68 0.0122366
5.7 0.0120727
5.72 0.0119116
5.74 0.0117533
5.76 0.0115977
5.78 0.0114446
5.8 0.0112942
5.82 0.0111462
5.84 0.0110007
5.86 0.0108577
5.88 0.010717
5.9 0.0105786
5.92 0.0104425
5.94 0.0103086
5.96 0.0101769
5.98 0.0100473
6 0.00991985
6.02 0.00979443
6.04 0.00967103
6.06 0.0095496
6.08 0.00943011
6.1 0.00931251
6.12 0.00919678
6.14 0.00908288
6.16 0.00897077
6.18 0.00886041
6.2 0.00875178
6.22 0.00864483
6.24 0.00853955
6.26 0.00843589
6.28 0.00833383
6.3 0.00823334
6.32 0.00813438
6.34 0.00803694
6.36 0.00794097
6.38 0.00784646
6.4 0.00775337
6.42 0.00766168
6.44 0.00757137
6.46 0.00748241
6.48 0.00739478
6.5 0.00730844
6.52 0.00722339
6.54 0.00713958
6.56 0.00705702
6.58 0.00697566
6.6 0.00689549
6.62 0.00681648
6.64 0.00673863
6.66 0.0066619
6.68 0.00658628
6.7 0.00651174
6.72 0.00643828
6.74 0.00636586
6.76 0.00629448
6.78 0.00622411
6.8 0.00615473
6.82 0.00608634
6.84 0.00601891
6.86 0.00595242
6.88 0.00588687
6.9 0.00582223
6.92 0.00575848
6.94 0.00569562
6.96 0.00563363
6.98 0.0055725
7 0.0055122
7.02 0.00545273
7.04 0.00539407
7.06 0.00533621
7.08 0.00527914
7.1 0.00522284
7.12 0.0051673
7.14 0.0051125
7.16 0.00505844
7.18 0.00500511
7.2 0.00495248
7.22 0.00490056
7.24 0.00484933
7.26 0.00479877
7.28 0.00474888
7.3 0.00469964
7.32 0.00465106
7.34 0.0046031
7.36 0.00455578
7.38 0.00450906
7.4 0.00446296
7.42 0.00441745
7.44 0.00437253
7.46 0.00432818
7.48 0.0042844
7.5 0.00424119
7.52 0.00419852
7.54 0.0041564
7.56 0.00411482
7.58 0.00407375
7.6 0.00403321
7.62 0.00399318
7.64 0.00395365
7.66 0.00391461
7.68 0.00387607
7.7 0.003838
7.72 0.0038004
7.74 0.00376327
7.76 0.0037266
7.78 0.00369038
7.8 0.00365461
7.82 0.00361927
7.84 0.00358437
7.86 0.00354989
7.88 0.00351583
7.9 0.00348219
7.92 0.00344895
7.94 0.00341611
7.96 0.00338367
7.98 0.00335162
8 0.00331995
8.02 0.00328866
8.04 0.00325774
8.06 0.00322719
8.08 0.00319701
8.1 0.00316718
8.12 0.0031377
8.14 0.00310857
8.16 0.00307978
8.18 0.00305132
8.2 0.0030232
8.22 0.00299541
8.24 0.00296794
8.26 0.00294079
8.28 0.00291395
8.3 0.00288742
8.32 0.0028612
8.34 0.00283528
8.36 0.00280966
8.38 0.00278432
8.4 0.00275928
8.42 0.00273452
8.44 0.00271005
8.46 0.00268585
8.48 0.00266192
8.5 0.00263826
8.52 0.00261487
8.54 0.00259174
8.56 0.00256887
8.58 0.00254625
8.6 0.00252389
8.62 0.00250177
8.64 0.0024799
8.66 0.00245827
8.68 0.00243688
8.7 0.00241573
8.72 0.00239481
8.74 0.00237411
8.76 0.00235365
8.78 0.0023334
8.8 0.00231338
8.82 0.00229357
8.84 0.00227398
8.86 0.0022546
8.88 0.00223543
8.9 0.00221646
8.92 0.0021977
8.94 0.00217914
8.96 0.00216077
8.98 0.00214261
9 0.00212463
9.02 0.00210685
9.04 0.00208925
9.06 0.00207184
9.08 0.00205462
9.1 0.00203757
9.12 0.00202071
9.14 0.00200402
9.16 0.0019875
9.18 0.00197116
9.2 0.00195499
9.22 0.00193898
9.24 0.00192314
9.26 0.00190746
9.28 0.00189195
9.3 0.0018766
9.32 0.0018614
9.34 0.00184636
9.36 0.00183147
9.38 0.00181674
9.4 0.00180215
9.42 0.00178771
9.44 0.00177342
9.46 0.00175928
9.48 0.00174527
9.5 0.00173141
9.52 0.00171769
9.54 0.0017041
9.56 0.00169065
9.58 0.00167734
9.6 0.00166415
9.62 0.0016511
9.64 0.00163818
9.66 0.00162539
9.68 0.00161272
9.7 0.00160018
9.72 0.00158776
9.74 0.00157546
9.76 0.00156328
9.78 0.00155123
9.8 0.00153929
9.82 0.00152746
9.84 0.00151575
9.86 0.00150416
9.88 0.00149268
9.9 0.0014813
9.92 0.00147004
9.94 0.00145889
9.96 0.00144784
9.98 0.0014369
10 0.00142607
10.02 0.00141533
10.04 0.0014047
10.06 0.00139418
10.08 0.00138375
10.1 0.00137342
10.12 0.00136318
10.14 0.00135305
10.16 0.00134301
10.18 0.00133306
10.2 0.00132321
10.22 0.00131345
10.24 0.00130378
10.26 0.0012942
10.28 0.00128471
10.3 0.00127531
10.32 0.00126599
10.34 0.00125676
10.36 0.00124762
10.38 0.00123856
10.4 0.00122959
10.42 0.00122069
10.44 0.00121188
10.46 0.00120315
10.48 0.0011945
10.5 0.00118593
10.52 0.00117743
10.54 0.00116901
10.56 0.00116067
10.58 0.00115241
10.6 0.00114422
10.62 0.0011361
10.64 0.00112805
10.66 0.00112008
10.68 0.00111218
10.7 0.00110435
10.72 0.00109659
10.74 0.0010889
10.76 0.00108128
10.78 0.00107372
10.8 0.00106623
10.82 0.00105881
10.84 0.00105145
10.86 0.00104416
10.88 0.00103693
10.9 0.00102977
10.92 0.00102267
10.94 0.00101563
10.96 0.00100865
10.98 0.00100174
11 0.000994879
11.02 0.000988082
11.04 0.000981343
11.06 0.000974663
11.08 0.000968041
11.1 0.000961476
11.12 0.000954967
11.14 0.000948514
11.16 0.000942116
11.18 0.000935773
11.2 0.000929485
11.22 0.00092325
11.24 0.000917068
11.26 0.000910938
11.28 0.000904861
11.3 0.000898835
11.32 0.00089286
11.34 0.000886936
11.36 0.000881061
11.38 0.000875235
11.4 0.000869459
11.42 0.000863731
11.44 0.000858051
11.46 0.000852418
11.48 0.000846832
11.5 0.000841293
11.52 0.0008358
11.54 0.000830352
11.56 0.000824949
11.58 0.000819591
11.6 0.000814278
11.62 0.000809008
11.64 0.000803781
11.66 0.000798597
11.68 0.000793456
11.7 0.000788356
11.72 0.000783299
11.74 0.000778282
11.76 0.000773306
11.78 0.000768371
11.8 0.000763476
11.82 0.00075862
11.84 0.000753804
11.86 0.000749026
11.88 0.000744287
11.9 0.000739586
11.92 0.000734923
11.94 0.000730297
11.96 0.000725708
11.98 0.000721156
12 0.00071664
12.02 0.00071216
12.04 0.000707715
12.06 0.000703306
12.08 0.000698932
12.1 0.000694592
12.12 0.000690287
12.14 0.000686016
12.16 0.000681778
12.18 0.000677573
12.2 0.000673402
12.22 0.000669263
12.24 0.000665156
12.26 0.000661082
12.28 0.000657039
12.3 0.000653027
12.32 0.000649047
12.34 0.000645098
12.36 0.000641179
12.38 0.00063729
12.4 0.000633432
12.42 0.000629603
12.44 0.000625804
12.46 0.000622034
12.48 0.000618292
12.5 0.00061458
12.52 0.000610895
12.54 0.000607239
12.56 0.000603611
12.58 0.00060001
12.6 0.000596437
12.62 0.00059289
12.64 0.000589371
12.66 0.000585878
12.68 0.000582411
12.7 0.000578971
12.72 0.000575556
12.74 0.000572168
12.76 0.000568804
12.78 0.000565466
12.8 0.000562152
12.82 0.000558864
12.84 0.000555599
12.86 0.000552359
12.88 0.000549144
12.9 0.000545952
12.92 0.000542783
12.94 0.000539638
12.96 0.000536516
12.98 0.000533418
13 0.000530342
13.02 0.000527288
13.04 0.000524257
13.06 0.000521249
13.08 0.000518262
13.1 0.000515297
13.12 0.000512353
13.14 0.000509432
13.16 0.000506531
13.18 0.000503651
13.2 0.000500792
13.22 0.000497954
13.24 0.000495137
13.26 0.000492339
13.28 0.000489562
13.3 0.000486805
13.32 0.000484068
13.34 0.00048135
13.36 0.000478652
13.38 0.000475973
13.4 0.000473313
13.42 0.000470672
13.44 0.000468049
13.46 0.000465446
13.48 0.000462861
13.5 0.000460294
13.52 0.000457745
13.54 0.000455215
13.56 0.000452702
13.58 0.000450207
13.6 0.000447729
13.62 0.000445269
13.64 0.000442826
13.66 0.000440401
13.68 0.000437992
13.7 0.0004356
13.72 0.000433224
13.74 0.000430865
13.76 0.000428523
13.78 0.000426197
13.8 0.000423887
13.82 0.000421593
13.84 0.000419314
13.86 0.000417052
13.88 0.000414805
13.9 0.000412573
13.92 0.000410357
13.94 0.000408156
13.96 0.00040597
13.98 0.000403799
14 0.000401643
14.02 0.000399501
14.04 0.000397374
14.06 0.000395262
14.08 0.000393164
14.1 0.00039108
14.12 0.00038901
14.14 0.000386955
14.16 0.000384913
14.18 0.000382885
14.2 0.00038087
14.22 0.000378869
14.24 0.000376882
14.26 0.000374907
14.28 0.000372946
14.3 0.000370998
14.32 0.000369064
14.34 0.000367142
14.36 0.000365232
14.38 0.000363336
14.4 0.000361452
14.42 0.00035958
14.44 0.000357721
14.46 0.000355875
14.48 0.00035404
14.5 0.000352218
14.52 0.000350407
14.54 0.000348608
14.56 0.000346822
14.58 0.000345046
14.6 0.000343283
14.62 0.000341531
14.64 0.00033979
14.66 0.000338061
14.68 0.000336343
14.7 0.000334637
14.72 0.000332941
14.74 0.000331256
14.76 0.000329582
14.78 0.000327919
14.8 0.000326267
14.82 0.000324626
14.84 0.000322994
14.86 0.000321374
14.88 0.000319764
14.9 0.000318164
14.92 0.000316574
14.94 0.000314995
14.96 0.000313426
14.98 0.000311866
15 0.000310317
15.02 0.000308777
15.04 0.000307247
15.06 0.000305727
15.08 0.000304217
15.1 0.000302716
15.12 0.000301225
15.14 0.000299743
15.16 0.00029827
15.18 0.000296806
15.2 0.000295352
15.22 0.000293907
15.24 0.000292471
15.26 0.000291044
15.28 0.000289626
15.3 0.000288216
15.32 0.000286816
15.34 0.000285424
15.36 0.000284041
15.38 0.000282666
15.4 0.0002813
15.42 0.000279943
15.44 0.000278594
15.46 0.000277253
15.48 0.00027592
15.5 0.000274596
15.52 0.000273279
15.54 0.000271971
15.56 0.000270671
15.58 0.000269379
15.6 0.000268095
15.62 0.000266818
15.64 0.00026555
15.66 0.000264289
15.68 0.000263035
15.7 0.00026179
15.72 0.000260552
15.74 0.000259321
15.76 0.000258098
15.78 0.000256882
15.8 0.000255674
15.82 0.000254473
15.84 0.000253279
15.86 0.000252093
15.88 0.000250913
15.9 0.000249741
15.92 0.000248575
15.94 0.000247417
15.96 0.000246265
15.98 0.000245121
16 0.000243983
16.02 0.000242852
16.04 0.000241727
16.06 0.00024061
16.08 0.000239499
16.1 0.000238394
16.12 0.000237296
16.14 0.000236205
16.16 0.00023512
16.18 0.000234041
16.2 0.000232969
16.22 0.000231903
16.24 0.000230844
16.26 0.00022979
16.28 0.000228743
16.3 0.000227702
16.32 0.000226667
16.34 0.000225638
16.36 0.000224615
16.38 0.000223598
16.4 0.000222586
16.42 0.000221581
16.44 0.000220582
16.46 0.000219588
16.48 0.0002186
16.5 0.000217618
16.52 0.000216641
16.54 0.00021567
16.56 0.000214705
16.58 0.000213745
16.6 0.000212791
16.62 0.000211842
16.64 0.000210899
16.66 0.000209961
16.68 0.000209028
16.7 0.000208101
16.72 0.000207179
16.74 0.000206262
16.76 0.000205351
16.78 0.000204444
16.8 0.000203543
16.82 0.000202647
16.84 0.000201756
16.86 0.00020087
16.88 0.000199989
16.9 0.000199113
16.92 0.000198242
16.94 0.000197376
16.96 0.000196514
16.98 0.000195658
17 0.000194806
17.02 0.000193959
17.04 0.000193117
17.06 0.00019228
17.08 0.000191447
17.1 0.000190619
17.12 0.000189795
17.14 0.000188976
17.16 0.000188162
17.18 0.000187352
17.2 0.000186546
17.22 0.000185745
17.24 0.000184949
17.26 0.000184156
17.28 0.000183369
17.3 0.000182585
17.32 0.000181806
17.34 0.000181031
17.36 0.00018026
17.38 0.000179494
17.4 0.000178732
17.42 0.000177974
17.44 0.00017722
17.46 0.00017647
17.48 0.000175724
17.5 0.000174983
17.52 0.000174245
17.54 0.000173511
17.56 0.000172782
17.58 0.000172056
17.6 0.000171334
17.62 0.000170616
17.64 0.000169902
17.66 0.000169192
17.68 0.000168486
17.7 0.000167783
17.72 0.000167085
17.74 0.000166389
17.76 0.000165698
17.78 0.000165011
17.8 0.000164327
17.82 0.000163646
17.84 0.00016297
17.86 0.000162297
17.88 0.000161627
17.9 0.000160961
17.92 0.000160299
17.94 0.00015964
17.96 0.000158985
17.98 0.000158333
18 0.000157684
18.02 0.000157039
18.04 0.000156398
18.06 0.00015576
18.08 0.000155125
18.1 0.000154493
18.12 0.000153865
18.14 0.00015324
18.16 0.000152618
18.18 0.000152
18.2 0.000151385
18.22 0.000150773
18.24 0.000150164
18.26 0.000149558
18.28 0.000148956
18.3 0.000148356
18.32 0.00014776
18.34 0.000147167
18.36 0.000146577
18.38 0.00014599
18.4 0.000145406
18.42 0.000144825
18.44 0.000144247
18.46 0.000143672
18.48 0.0001431
18.5 0.000142531
18.52 0.000141965
18.54 0.000141402
18.56 0.000140841
18.58 0.000140284
18.6 0.000139729
18.62 0.000139177
18.64 0.000138628
18.66 0.000138082
18.68 0.000137538
18.7 0.000136998
18.72 0.00013646
18.74 0.000135924
18.76 0.000135392
18.78 0.000134862
18.8 0.000134335
18.82 0.00013381
18.84 0.000133289
18.86 0.000132769
18.88 0.000132253
18.9 0.000131739
18.92 0.000131227
18.94 0.000130719
18.96 0.000130212
18.98 0.000129708
19 0.000129207
19.02 0.000128708
19.04 0.000128212
19.06 0.000127718
19.08 0.000127227
19.1 0.000126738
19.12 0.000126252
19.14 0.000125768
19.16 0.000125286
19.18 0.000124807
19.2 0.00012433
19.22 0.000123855
19.24 0.000123383
19.26 0.000122913
19.28 0.000122446
19.3 0.00012198
19.32 0.000121517
19.34 0.000121057
19.36 0.000120598
19.38 0.000120142
19.4 0.000119688
19.42 0.000119236
19.44 0.000118787
19.46 0.000118339
19.48 0.000117894
19.5 0.000117451
19.52 0.00011701
19.54 0.000116571
19.56 0.000116135
19.58 0.0001157
19.6 0.000115268
19.62 0.000114838
19.64 0.00011441
19.66 0.000113983
19.68 0.000113559
19.7 0.000113137
19.72 0.000112717
19.74 0.000112299
19.76 0.000111883
19.78 0.000111469
19.8 0.000111057
19.82 0.000110647
19.84 0.000110239
19.86 0.000109833
19.88 0.000109429
19.9 0.000109026
19.92 0.000108626
19.94 0.000108228
19.96 0.000107831
19.98 0.000107436
20 0.000107044
