0 1.3789 0
0.056 1.3789 0
0.112 1.3789 0
0.168 1.3789 0
0.224 1.3789 0
0.28 1.3789 0
0.336 1.3789 0
0.392 1.3789 0
0.448 1.3789 0
0.504 1.3789 0
0.56 1.3789 0
0.616 1.3789 0
0.672 1.3789 0
0.728 1.3789 0
0.784 1.3789 0
0.84 1.3789 0
0.896 1.3789 0
0.952 1.3789 0
1.008 1.3789 0
1.064 1.3789 0
1.12 1.3789 0
1.176 1.3789 0
1.232 1.3789 0
1.288 1.3789 0
1.344 1.3789 0
1.4 1.3789 0
1.456 1.3789 0
1.512 1.3789 0
1.568 1.3789 0
1.624 1.3789 0
1.68 1.3789 0
1.736 1.3789 0
1.792 1.3789 0
1.848 1.3789 0
1.904 1.3789 0
1.96 1.3789 0
2.016 1.3789 0
2.072 1.3789 0
2.128 1.3789 0
2.184 1.3789 0
2.24 1.3789 0
2.296 1.3789 0
2.352 1.3789 0
2.408 1.3789 0
2.464 1.3789 0
2.52 1.3789 0
2.576 1.3789 0
2.632 1.3789 0
2.688 1.3789 0
2.744 1.3789 0
2.8 1.3789 0
2.856 1.3789 0
2.912 1.3789 0
2.968 1.3789 0
3.024 1.3789 0
3.08 1.3789 0
3.136 1.3789 0
3.192 1.3789 0
3.248 1.3789 0
3.304 1.3789 0
3.36 1.3789 0
3.416 1.3789 0
3.472 1.3789 0
3.528 1.3789 0
3.584 1.3789 0
3.64 1.3789 0
3.696 1.3789 0
3.752 1.3789 0
3.808 1.3789 0
3.864 1.3789 0
3.92 1.3789 0
3.976 1.3789 0
4.032 1.3789 0
4.088 1.3789 0
4.144 1.3789 0
4.2 1.3789 0
4.256 1.3789 0
4.312 1.3789 0
4.368 1.3789 0
4.424 1.3789 0
4.48 1.3789 0
4.536 1.3789 0
4.592 1.3789 0
4.648 1.3789 0
4.704 1.3789 0
4.76 1.3789 0
4.816 1.3789 0
4.872 1.3789 0
4.928 1.3789 0
4.984 1.3789 0
5.04 1.3789 0
5.096 1.3789 0
5.152 1.3789 0
5.208 1.3789 0
5.264 1.3789 0
5.32 1.3789 0
5.376 1.3789 0
5.432 1.3789 0
5.488 1.3789 0
5.544 1.3789 0
5.6 1.3789 0
5.656 1.3789 0
5.712 1.3789 0
5.768 1.3789 0
5.824 1.3789 0
5.88 1.3789 0
5.936 1.3789 0
5.992 1.3789 0
6.048 1.3789 0
6.104 1.3789 0
6.16 1.3789 0
6.216 1.3789 0
6.272 1.3789 0
6.328 1.3789 0
6.384 1.3789 0
6.44 1.3789 0
6.496 1.3789 0
6.552 1.3789 0
6.608 1.3789 0
6.664 1.3789 0
6.72 1.3789 0
6.776 1.3789 0
6.832 1.3789 0
6.888 1.3789 0
6.944 1.3789 0
7 1.3789 0
7.056 1.3789 0
7.112 1.3789 0
7.168 1.3789 0
7.224 1.3789 0
7.28 1.3789 0
7.336 1.3789 0
7.392 1.3789 0
7.448 1.3789 0
7.504 1.3789 0
7.56 1.3789 0
7.616 1.3789 0
7.672 1.3789 0
7.728 1.3789 0
7.784 1.3789 0
7.84 1.3789 0
7.896 1.3789 0
7.952 1.3789 0
8.008 1.3789 0
8.064 1.3789 0
8.12 1.3789 0
8.176 1.3789 0
8.232 1.3789 0
8.288 1.3789 0
8.344 1.3789 0
8.4 1.3789 0
8.456 1.3789 0
8.512 1.3789 0
8.568 1.3789 0
8.624 1.3789 0
8.68 1.3789 0
8.736 1.3789 0
8.792 1.3789 0
8.848 1.3789 0
8.904 1.3789 0
8.96 1.3789 0
9.016 1.3789 0
9.072 1.3789 0
9.128 1.3789 0
9.184 1.3789 0
9.24 1.3789 0
9.296 1.3789 0
9.352 1.3789 0
9.408 1.3789 0
9.464 1.3789 0
9.52 1.3789 0
9.576 1.3789 0
9.632 1.3789 0
9.688 1.3789 0
9.744 1.3789 0
9.8 1.3789 0
9.856 1.3789 0
9.912 1.3789 0
9.968 1.3789 0
10.024 1.3789 0
10.08 1.3789 0
10.136 1.3789 0
10.192 1.3789 0
10.248 1.3789 0
10.304 1.3789 0
10.36 1.3789 0
10.416 1.3789 0
10.472 1.3789 0
10.528 1.3789 0
10.584 1.3789 0
10.64 1.3789 0
10.696 1.3789 0
10.752 1.3789 0
10.808 1.3789 0
10.864 1.3789 0
10.92 1.3789 0
10.976 1.3789 0
11.032 1.3789 0
11.088 1.3789 0
11.144 1.3789 0
11.2 1.3789 0
11.256 1.3789 0
11.312 1.3789 0
11.368 1.3789 0
11.424 1.3789 0
11.48 1.3789 0
11.536 1.3789 0
11.592 1.3789 0
11.648 1.3789 0
11.704 1.3789 0
11.76 1.3789 0
11.816 1.3789 0
11.872 1.3789 0
11.928 1.3789 0
11.984 1.3789 0
