-0.0002 1.24863e-09
0.0558 1.24863e-09
0.1118 1.24863e-09
0.1678 1.24861e-09
0.2238 1.24857e-09
0.2798 1.24842e-09
0.3358 1.24803e-09
0.3918 1.24714e-09
0.4478 1.24515e-09
0.5038 1.24092e-09
0.5598 1.23225e-09
0.6158 1.21547e-09
0.6718 1.1855e-09
0.7278 1.13761e-09
0.7838 1.07131e-09
0.8398 9.94034e-10
0.8958 9.19554e-10
0.9518 8.597e-10
1.0078 8.17406e-10
1.0638 7.88475e-10
1.1198 7.68148e-10
1.1758 7.5538e-10
1.2318 7.52469e-10
1.2878 7.61195e-10
1.3438 7.81292e-10
1.3998 8.1327e-10
1.4558 8.59674e-10
1.5118 9.22148e-10
1.5678 1.00084e-09
1.6238 1.09752e-09
1.6798 1.21495e-09
1.7358 1.35408e-09
1.7918 1.51646e-09
1.8478 1.70567e-09
1.9038 1.92392e-09
1.9598 2.17337e-09
2.0158 2.45866e-09
2.0718 2.78355e-09
2.1278 3.15169e-09
2.1838 3.56931e-09
2.2398 4.04217e-09
2.2958 4.5763e-09
2.3518 5.18026e-09
2.4078 5.86248e-09
2.4638 6.63228e-09
2.5198 7.50135e-09
2.5758 8.48199e-09
2.6318 9.58891e-09
2.6878 1.08401e-08
2.7438 1.22553e-08
2.7998 1.38552e-08
2.8558 1.56592e-08
2.9118 1.76847e-08
2.9678 1.99495e-08
3.0238 2.24773e-08
3.0798 2.53142e-08
3.1358 2.85397e-08
3.1918 3.22391e-08
3.2478 3.64566e-08
3.3038 4.12032e-08
3.3598 4.65079e-08
3.4158 5.24372e-08
3.4718 5.9073e-08
3.5278 6.64961e-08
3.5838 7.47839e-08
3.6398 8.40202e-08
3.6958 9.43152e-08
3.7518 1.05822e-07
3.8078 1.18732e-07
3.8638 1.33259e-07
3.9198 1.49636e-07
3.9758 1.68099e-07
4.0318 1.8888e-07
4.0878 2.12205e-07
4.1438 2.3831e-07
4.1998 2.67448e-07
4.2558 2.99898e-07
4.3118 3.35981e-07
4.3678 3.76065e-07
4.4238 4.20569e-07
4.4798 4.69964e-07
4.5358 5.24766e-07
4.5918 5.85539e-07
4.6478 6.52882e-07
4.7038 7.2743e-07
4.7598 8.09845e-07
4.8158 9.00813e-07
4.8718 1.00104e-06
4.9278 1.11122e-06
4.9838 1.23209e-06
5.0398 1.36436e-06
5.0958 1.50878e-06
5.1518 1.66605e-06
5.2078 1.83678e-06
5.2638 2.02144e-06
5.3198 2.22035e-06
5.3758 2.43383e-06
5.4318 2.66222e-06
5.4878 2.90582e-06
5.5438 3.16452e-06
5.5998 3.43774e-06
5.6558 3.72456e-06
5.7118 4.02391e-06
5.7678 4.33457e-06
5.8238 4.65512e-06
5.8798 4.984e-06
5.9358 5.31963e-06
5.9918 5.66042e-06
6.0478 6.00465e-06
6.1038 6.35038e-06
6.1598 6.69558e-06
6.2158 7.03827e-06
6.2718 7.37644e-06
6.3278 7.7082e-06
6.3838 8.0319e-06
6.4398 8.34618e-06
6.4958 8.6499e-06
6.5518 8.94209e-06
6.6078 9.22201e-06
6.6638 9.48907e-06
6.7198 9.74282e-06
6.7758 9.98291e-06
6.8318 1.02091e-05
6.8878 1.04214e-05
6.9438 1.06198e-05
6.9998 1.08044e-05
7.0558 1.09753e-05
7.1118 1.11328e-05
7.1678 1.12774e-05
7.2238 1.14094e-05
7.2798 1.15295e-05
7.3358 1.16382e-05
7.3918 1.17362e-05
7.4478 1.18242e-05
7.5038 1.1903e-05
7.5598 1.19734e-05
7.6158 1.20364e-05
7.6718 1.20926e-05
7.7278 1.21427e-05
7.7838 1.21875e-05
7.8398 1.22276e-05
7.8958 1.22635e-05
7.9518 1.22959e-05
8.0078 1.23254e-05
8.0638 1.23526e-05
8.1198 1.23778e-05
8.1758 1.24017e-05
8.2318 1.24247e-05
8.2878 1.24472e-05
8.3438 1.24698e-05
8.3998 1.24929e-05
8.4558 1.2517e-05
8.5118 1.25425e-05
8.5678 1.257e-05
8.6238 1.25998e-05
8.6798 1.26324e-05
8.7358 1.26683e-05
8.7918 1.27079e-05
8.8478 1.27515e-05
8.9038 1.27996e-05
8.9598 1.28526e-05
9.0158 1.29106e-05
9.0718 1.2974e-05
9.1278 1.30429e-05
9.1838 1.31174e-05
9.2398 1.31977e-05
9.2958 1.32837e-05
9.3518 1.33753e-05
9.4078 1.34723e-05
9.4638 1.35745e-05
9.5198 1.36816e-05
9.5758 1.3793e-05
9.6318 1.39083e-05
9.6878 1.40269e-05
9.7438 1.41485e-05
9.7998 1.42722e-05
9.8558 1.43976e-05
9.9118 1.45238e-05
9.9678 1.46503e-05
10.0238 1.47767e-05
10.0798 1.49026e-05
10.1358 1.50278e-05
10.1918 1.51519e-05
10.2478 1.52746e-05
10.3038 1.53958e-05
10.3598 1.55152e-05
10.4158 1.56326e-05
10.4718 1.5748e-05
10.5278 1.58614e-05
10.5838 1.59728e-05
10.6398 1.60824e-05
10.6958 1.61903e-05
10.7518 1.62966e-05
10.8078 1.64014e-05
10.8638 1.65049e-05
10.9198 1.66071e-05
10.9758 1.67081e-05
11.0318 1.6808e-05
11.0878 1.69069e-05
11.1438 1.7005e-05
11.1998 1.71021e-05
11.2558 1.71984e-05
11.3118 1.72939e-05
11.3678 1.73885e-05
11.4238 1.74822e-05
11.4798 1.75747e-05
11.5358 1.76661e-05
11.5918 1.77559e-05
11.6478 1.78442e-05
11.7038 1.79306e-05
11.7598 1.80151e-05
11.8158 1.80974e-05
11.8718 1.81775e-05
11.9278 1.82553e-05
11.9838 1.8331e-05
