0 8.150288777e-10 3.5456 0.282041 -0.00224032 8.153315739e-10 3.54706 0.281924 -0.00152288 0
0.056 8.150291164e-10 3.54673 0.282041 -0.0180346 8.153309856e-10 3.54117 0.285608 0.106705 0
0.112 8.150293552e-10 3.54963 0.282042 -0.033829 8.153303971e-10 3.5232 0.296843 0.214097 0
0.168 8.15029594e-10 3.55431 0.282042 -0.0496233 8.153298122e-10 3.49328 0.315543 0.319812 0
0.224 8.150298327e-10 3.56075 0.282042 -0.0654176 8.153292344e-10 3.45166 0.341559 0.423021 0
0.28 8.150300714e-10 3.56896 0.282042 -0.081212 8.153286673e-10 3.39865 0.37469 0.522916 0
0.336 8.150303101e-10 3.57894 0.282042 -0.0970063 8.153281143e-10 3.33468 0.414674 0.618715 0
0.392 8.150305485e-10 3.59069 0.282042 -0.112801 8.153275788e-10 3.26025 0.4612 0.709666 0
0.448 8.150307865e-10 3.6042 0.282042 -0.128595 8.153270637e-10 3.17593 0.513901 0.795057 0
0.504 8.150310236e-10 3.61949 0.282042 -0.144389 8.153265716e-10 3.08239 0.572366 0.874218 0
0.56 8.15031259e-10 3.63654 0.282042 -0.160184 8.153261047e-10 2.98036 0.636137 0.94653 0
0.616 8.150314913e-10 3.65537 0.282042 -0.175978 8.153256643e-10 2.87065 0.704713 1.01143 0
0.672 8.150317192e-10 3.67596 0.282042 -0.191772 8.153252514e-10 2.7541 0.777558 1.0684 0
0.728 8.150319416e-10 3.69832 0.282042 -0.207567 8.153248672e-10 2.63164 0.8541 1.117 0
0.784 8.150321598e-10 3.72245 0.282043 -0.223361 8.153245146e-10 2.50423 0.93374 1.15685 0
0.84 8.15032377e-10 3.74835 0.282043 -0.239156 8.153241985e-10 2.37285 1.01585 1.18763 0
0.896 8.150325975e-10 3.77602 0.282043 -0.25495 8.153239246e-10 2.23855 1.0998 1.20911 0
0.952 8.150328232e-10 3.80546 0.282043 -0.270744 8.153236962e-10 2.10236 1.18492 1.22112 0
1.008 8.150330535e-10 3.83667 0.282043 -0.286539 8.153235136e-10 1.96537 1.27054 1.22356 0
1.064 8.150332867e-10 3.86964 0.282043 -0.302333 8.153233752e-10 1.82865 1.356 1.21641 0
1.12 8.150335219e-10 3.90439 0.282043 -0.318128 8.153232803e-10 1.69325 1.44062 1.19973 0
1.176 8.150337595e-10 3.9409 0.282043 -0.333922 8.153232288e-10 1.56026 1.52375 1.17365 0
1.232 8.150340004e-10 3.97918 0.282043 -0.349716 8.153232212e-10 1.4307 1.60473 1.13837 0
1.288 8.150342446e-10 4.01924 0.282043 -0.365511 8.153232567e-10 1.3056 1.68292 1.09418 0
1.344 8.150344919e-10 4.06106 0.282043 -0.381305 8.153233336e-10 1.18593 1.75772 1.04141 0
1.4 8.150347428e-10 4.10465 0.282043 -0.3971 8.153234509e-10 1.07263 1.82854 0.980479 0
1.456 8.150349982e-10 4.15 0.282044 -0.412894 8.153236077e-10 0.966585 1.89482 0.911868 0
1.512 8.15035258e-10 4.19713 0.282044 -0.428689 8.153238018e-10 0.868634 1.95604 0.836113 0
1.568 8.150355224e-10 4.24603 0.282044 -0.444483 8.153240309e-10 0.77954 2.01173 0.753806 0
1.624 8.150357923e-10 4.29669 0.282044 -0.460277 8.153242931e-10 0.700002 2.06144 0.665593 0
1.68 8.150360681e-10 4.34913 0.282044 -0.476072 8.15324586e-10 0.630642 2.1048 0.572165 0
1.736 8.150363498e-10 4.40333 0.282044 -0.491866 8.153249066e-10 0.572004 2.14145 0.474254 0
1.792 8.150366384e-10 4.4593 0.282044 -0.507661 8.153252524e-10 0.524547 2.17111 0.372626 0
1.848 8.150369349e-10 4.51704 0.282044 -0.523455 8.153256208e-10 0.488644 2.19355 0.268079 0
1.904 8.150372393e-10 4.57655 0.282044 -0.53925 8.153260086e-10 0.464576 2.2086 0.161432 0
1.96 8.150375528e-10 4.63783 0.282044 -0.555044 8.153264129e-10 0.45253 2.21613 0.0535189 0
2.016 8.150378768e-10 4.70088 0.282044 -0.570839 8.153268313e-10 0.452602 2.21608 -0.0548131 0
2.072 8.150382118e-10 4.76569 0.282045 -0.586633 8.153272605e-10 0.464792 2.20846 -0.162716 0
2.128 8.150385593e-10 4.83228 0.282045 -0.602428 8.153276981e-10 0.489003 2.19333 -0.269343 0
2.184 8.150389211e-10 4.90063 0.282045 -0.618222 8.153281418e-10 0.525045 2.17081 -0.373861 0
2.24 8.150392983e-10 4.97076 0.282045 -0.634017 8.153285891e-10 0.572638 2.14106 -0.475449 0
2.296 8.150396931e-10 5.04265 0.282045 -0.649811 8.153290382e-10 0.631406 2.10433 -0.573312 0
2.352 8.150401078e-10 5.11631 0.282045 -0.665606 8.153294881e-10 0.700891 2.0609 -0.666683 0
2.408 8.150405444e-10 5.19174 0.282045 -0.6814 8.153299374e-10 0.780547 2.01111 -0.754831 0
2.464 8.150410061e-10 5.26894 0.282046 -0.697195 8.153303858e-10 0.869751 1.95536 -0.837064 0
2.52 8.150414959e-10 5.34791 0.282046 -0.712989 8.153308337e-10 0.967804 1.89407 -0.912738 0
2.576 8.150420172e-10 5.42864 0.282046 -0.728784 8.153312815e-10 1.07394 1.82774 -0.981262 0
2.632 8.150425745e-10 5.51115 0.282046 -0.744578 8.153317311e-10 1.18732 1.75687 -1.0421 0
2.688 8.150431724e-10 5.59542 0.282046 -0.760373 8.153321849e-10 1.30706 1.68203 -1.09477 0
2.744 8.150438162e-10 5.68146 0.282046 -0.776167 8.153326459e-10 1.43222 1.6038 -1.13886 0
2.8 8.150445112e-10 5.76927 0.282047 -0.791962 8.153331176e-10 1.56183 1.52279 -1.17403 0
2.856 8.150452625e-10 5.85885 0.282047 -0.807756 8.153336041e-10 1.69486 1.43964 -1.2 0
2.912 8.150460753e-10 5.9502 0.282047 -0.82355 8.153341098e-10 1.83028 1.355 -1.21656 0
2.968 8.15046956e-10 6.04331 0.282047 -0.839345 8.153346402e-10 1.96701 1.26954 -1.2236 0
3.024 8.150479136e-10 6.1382 0.282048 -0.855139 8.153352041e-10 2.104 1.18391 -1.22105 0
3.08 8.150489628e-10 6.23485 0.282048 -0.870934 8.153358151e-10 2.24017 1.0988 -1.20893 0
3.136 8.15050121e-10 6.33327 0.282048 -0.886728 8.15336491e-10 2.37444 1.01487 -1.18733 0
3.192 8.150514018e-10 6.43346 0.282049 -0.902522 8.153372454e-10 2.50578 0.932784 -1.15644 0
3.248 8.150528128e-10 6.53541 0.282049 -0.918317 8.153380854e-10 2.63314 0.853175 -1.11648 0
3.304 8.150543636e-10 6.63914 0.282049 -0.934111 8.153390206e-10 2.75554 0.776671 -1.06778 0
3.36 8.150560691e-10 6.74463 0.28205 -0.949905 8.153400671e-10 2.872 0.703871 -1.0107 0
3.416 8.150579485e-10 6.85188 0.28205 -0.965699 8.153412445e-10 2.98163 0.635347 -0.945712 0
3.472 8.150600228e-10 6.96091 0.282051 -0.981494 8.153425734e-10 3.08356 0.571635 -0.873309 0
3.528 8.150623135e-10 7.0717 0.282051 -0.997288 8.153440748e-10 3.17699 0.513234 -0.794064 0
3.584 8.150648443e-10 7.18426 0.282052 -1.01308 8.153457717e-10 3.26118 0.460602 -0.708596 0
3.64 8.150676432e-10 7.29859 0.282053 -1.02888 8.153476911e-10 3.33549 0.414152 -0.617575 0
3.696 8.150707437e-10 7.41468 0.282053 -1.04467 8.153498647e-10 3.39932 0.374247 -0.521715 0
3.752 8.150741852e-10 7.53253 0.282054 -1.06046 8.153523291e-10 3.45218 0.341201 -0.421767 0
3.808 8.150780109e-10 7.65215 0.282055 -1.07626 8.153551236e-10 3.49365 0.315272 -0.318513 0
3.864 8.150822677e-10 7.77354 0.282056 -1.09205 8.153582899e-10 3.52341 0.296664 -0.212763 0
3.92 8.15087005e-10 7.89669 0.282057 -1.10784 8.153618702e-10 3.54122 0.285522 -0.105345 0
3.976 8.150922749e-10 8.0216 0.282058 -1.12364 8.153659075e-10 3.54694 0.281935 0.00289886 0
4.032 8.150981329e-10 8.14827 0.282059 -1.13943 8.15370444e-10 3.54053 0.285931 0.11112 0
4.088 8.151046372e-10 8.2767 0.282061 -1.15522 8.153755233e-10 3.52204 0.297478 0.218472 0
4.144 8.151118503e-10 8.4069 0.282062 -1.17101 8.153811906e-10 3.49161 0.316486 0.324111 0
4.2 8.151198429e-10 8.53885 0.282064 -1.1868 8.153874935e-10 3.44949 0.342808 0.427212 0
4.256 8.151286935e-10 8.67257 0.282065 -1.20259 8.153944827e-10 3.39599 0.376236 0.526964 0
4.312 8.151384884e-10 8.80804 0.282067 -1.21838 8.154022115e-10 3.33154 0.416509 0.622588 0
4.368 8.151493226e-10 8.94526 0.282069 -1.23417 8.154107368e-10 3.25664 0.463313 0.713333 0
4.424 8.151613e-10 9.08424 0.282072 -1.24996 8.154201178e-10 3.17189 0.51628 0.798488 0
4.48 8.151745312e-10 9.22497 0.282074 -1.26575 8.154304159e-10 3.07794 0.574997 0.877386 0
4.536 8.151891361e-10 9.36745 0.282077 -1.28154 8.154416917e-10 2.97553 0.639004 0.949408 0
4.592 8.152052412e-10 9.51168 0.28208 -1.29732 8.154540094e-10 2.86546 0.7078 1.01399 0
4.648 8.152229802e-10 9.65766 0.282083 -1.31311 8.154674343e-10 2.7486 0.780846 1.07062 0
4.704 8.152424905e-10 9.80538 0.282086 -1.32889 8.154820262e-10 2.62586 0.857572 1.11887 0
4.76 8.152639144e-10 9.95484 0.28209 -1.34468 8.154978474e-10 2.49821 0.937376 1.15834 0
4.816 8.152873962e-10 10.106 0.282094 -1.36046 8.155149555e-10 2.36663 1.01963 1.18874 0
4.872 8.153130816e-10 10.259 0.282098 -1.37624 8.155334018e-10 2.23217 1.1037 1.20982 0
4.928 8.153411116e-10 10.4136 0.282103 -1.39202 8.155532482e-10 2.09588 1.18892 1.22141 0
4.984 8.153716178e-10 10.57 0.282108 -1.4078 8.155745478e-10 1.95883 1.27463 1.22343 0
5.04 8.15404721e-10 10.7282 0.282113 -1.42357 8.155973382e-10 1.82209 1.36015 1.21586 0
5.096 8.154405298e-10 10.888 0.282119 -1.43935 8.156216585e-10 1.68673 1.44482 1.19875 0
5.152 8.154791272e-10 11.0496 0.282126 -1.45512 8.156475433e-10 1.55381 1.52796 1.17225 0
5.208 8.155205679e-10 11.2129 0.282132 -1.47089 8.156750307e-10 1.42439 1.60895 1.13656 0
5.264 8.155648653e-10 11.3779 0.28214 -1.48666 8.157041262e-10 1.29946 1.68712 1.09195 0
5.32 8.156120035e-10 11.5446 0.282147 -1.50242 8.15734864e-10 1.18001 1.76189 1.03878 0
5.376 8.156619183e-10 11.7131 0.282156 -1.51819 8.157672568e-10 1.06699 1.83265 0.977454 0
5.432 8.157144749e-10 11.8832 0.282164 -1.53395 8.158012977e-10 0.961264 1.89886 0.908464 0
5.488 8.157694743e-10 12.0551 0.282174 -1.54972 8.158369843e-10 0.863675 1.96 0.832346 0
5.544 8.158266448e-10 12.2287 0.282183 -1.56548 8.158742659e-10 0.774985 2.01558 0.749694 0
5.6 8.158856445e-10 12.404 0.282194 -1.58125 8.159130936e-10 0.695891 2.06516 0.661157 0
5.656 8.159460643e-10 12.5811 0.282205 -1.59701 8.159533864e-10 0.627012 2.10837 0.567428 0
5.712 8.160074888e-10 12.7599 0.282216 -1.61277 8.159950731e-10 0.56889 2.14486 0.469241 0
5.768 8.160694346e-10 12.9404 0.282228 -1.62854 8.160380408e-10 0.521981 2.17433 0.367366 0
5.824 8.16131355e-10 13.1227 0.282241 -1.64431 8.16082188e-10 0.486652 2.19656 0.262602 0
5.88 8.161926711e-10 13.3067 0.282253 -1.66008 8.161272988e-10 0.463182 2.21137 0.155771 0
5.936 8.162527848e-10 13.4926 0.282267 -1.67586 8.161731272e-10 0.451754 2.21864 0.0477109 0
5.992 8.163110564e-10 13.6802 0.28228 -1.69164 8.162193551e-10 0.452457 2.2183 -0.0607294 0
6.048 8.163668603e-10 13.8696 0.282294 -1.70743 8.162656833e-10 0.465288 2.21037 -0.168698 0
6.104 8.164196956e-10 14.0608 0.282308 -1.72322 8.163118413e-10 0.490144 2.1949 -0.275347 0
6.16 8.164690591e-10 14.2538 0.282322 -1.73902 8.163575921e-10 0.526829 2.172 -0.379837 0
6.216 8.165145152e-10 14.4487 0.282337 -1.75482 8.164027318e-10 0.575057 2.14187 -0.481347 0
6.272 8.165556509e-10 14.6454 0.282351 -1.77063 8.164470651e-10 0.634447 2.10472 -0.579078 0
6.328 8.165921638e-10 14.8439 0.282365 -1.78645 8.164904634e-10 0.704532 2.06085 -0.672261 0
6.384 8.166238476e-10 15.0443 0.282379 -1.80228 8.165327359e-10 0.784762 2.01061 -0.760163 0
6.44 8.166505534e-10 15.2466 0.282393 -1.81811 8.165736593e-10 0.874506 1.95438 -0.842092 0
6.496 8.166722263e-10 15.4507 0.282407 -1.83395 8.166130531e-10 0.973057 1.89262 -0.917402 0
6.552 8.166888596e-10 15.6566 0.28242 -1.8498 8.166507019e-10 1.07964 1.8258 -0.985501 0
6.608 8.167005365e-10 15.8645 0.282433 -1.86565 8.166864093e-10 1.19342 1.75445 -1.04585 0
6.664 8.167074022e-10 16.0742 0.282445 -1.88151 8.167199757e-10 1.31351 1.67914 -1.09798 0
6.72 8.167096745e-10 16.2858 0.282457 -1.89737 8.167512053e-10 1.43894 1.60046 -1.14148 0
6.776 8.167076067e-10 16.4992 0.282468 -1.91324 8.167799151e-10 1.56876 1.51903 -1.176 0
6.832 8.167015087e-10 16.7145 0.282479 -1.92912 8.168059556e-10 1.70192 1.43548 -1.20128 0
6.888 8.166917082e-10 16.9316 0.282489 -1.94499 8.168292139e-10 1.83739 1.35048 -1.21711 0
6.944 8.166785667e-10 17.1506 0.282498 -1.96087 8.168496062e-10 1.9741 1.26471 -1.22338 0
7 8.166624567e-10 17.3715 0.282506 -1.97675 8.168671071e-10 2.11097 1.17882 -1.22003 0
7.056 8.166437278e-10 17.5942 0.282514 -1.99264 8.1688173e-10 2.24694 1.09351 -1.20708 0
7.112 8.166227211e-10 17.8187 0.282521 -2.00852 8.168935651e-10 2.38093 1.00944 -1.18465 0
7.168 8.16599776e-10 18.045 0.282528 -2.02441 8.169027381e-10 2.51189 0.927272 -1.15291 0
7.224 8.165752134e-10 18.2732 0.282533 -2.04029 8.169094043e-10 2.6388 0.847656 -1.11211 0
7.28 8.165493315e-10 18.5032 0.282538 -2.05618 8.169137548e-10 2.76065 0.771217 -1.06257 0
7.336 8.165224198e-10 18.735 0.282543 -2.07206 8.169160127e-10 2.87648 0.698556 -1.00468 0
7.392 8.164947433e-10 18.9686 0.282546 -2.08794 8.169164017e-10 2.98539 0.630244 -0.938896 0
7.448 8.164665452e-10 19.204 0.282549 -2.10382 8.169151524e-10 3.08652 0.566818 -0.865735 0
7.504 8.164380682e-10 19.4412 0.282551 -2.1197 8.169124849e-10 3.17908 0.508776 -0.785772 0
7.56 8.164095538e-10 19.6802 0.282553 -2.13558 8.169086211e-10 3.26233 0.456574 -0.699638 0
7.616 8.163812026e-10 19.9209 0.282554 -2.15145 8.169037696e-10 3.33562 0.41062 -0.608008 0
7.672 8.163531963e-10 20.1635 0.282554 -2.16732 8.168981291e-10 3.39839 0.371276 -0.511605 0
7.728 8.163256901e-10 20.4078 0.282554 -2.18319 8.168918853e-10 3.45012 0.33885 -0.411185 0
7.784 8.162988305e-10 20.6539 0.282554 -2.19905 8.168852071e-10 3.49043 0.313595 -0.307538 0
7.84 8.162727351e-10 20.9017 0.282553 -2.21491 8.168782479e-10 3.51898 0.295709 -0.201479 0
7.896 8.162475052e-10 21.1513 0.282551 -2.23077 8.168711444e-10 3.53556 0.285331 -0.0938421 0
7.952 8.162232263e-10 21.4027 0.28255 -2.24662 8.16864013e-10 3.54004 0.282543 0.0145279 0
8.008 8.161999751e-10 21.6558 0.282548 -2.26247 8.168569582e-10 3.53237 0.287363 0.122779 0
8.064 8.161778193e-10 21.9107 0.282545 -2.27832 8.168500684e-10 3.51263 0.299755 0.23006 0
8.12 8.161568075e-10 22.1673 0.282542 -2.29417 8.168434166e-10 3.48096 0.319618 0.335529 0
8.176 8.161369738e-10 22.4257 0.282539 -2.31001 8.16837054e-10 3.43762 0.346797 0.438358 0
8.232 8.161183471e-10 22.6858 0.282536 -2.32585 8.168310231e-10 3.38295 0.381076 0.537737 0
8.288 8.161009529e-10 22.9477 0.282533 -2.34168 8.168253584e-10 3.31738 0.422185 0.632888 0
8.344 8.160848106e-10 23.2113 0.282529 -2.35751 8.168200766e-10 3.24142 0.469801 0.723063 0
8.4 8.160699329e-10 23.4766 0.282526 -2.37334 8.168151857e-10 3.15566 0.523549 0.807554 0
8.456 8.160563328e-10 23.7437 0.282522 -2.38917 8.168106909e-10 3.0608 0.583005 0.885698 0
8.512 8.160440161e-10 24.0126 0.282518 -2.40499 8.168065982e-10 2.95756 0.647703 0.956881 0
8.568 8.160329941e-10 24.2831 0.282514 -2.42081 8.168029113e-10 2.84676 0.717134 1.02055 0
8.624 8.160232565e-10 24.5554 0.28251 -2.43663 8.167996276e-10 2.72928 0.790753 1.07619 0
8.68 8.160147985e-10 24.8295 0.282507 -2.45245 8.16796751e-10 2.60603 0.86798 1.12338 0
8.736 8.160076265e-10 25.1053 0.282503 -2.46826 8.167942883e-10 2.47799 0.94821 1.16175 0
8.792 8.160017452e-10 25.3828 0.282499 -2.48407 8.167922545e-10 2.34616 1.03081 1.19099 0
8.848 8.159971489e-10 25.662 0.282495 -2.49988 8.167906639e-10 2.21157 1.11514 1.21087 0
8.904 8.159938248e-10 25.943 0.282491 -2.51568 8.1678952e-10 2.07529 1.20053 1.22124 0
8.96 8.159917485e-10 26.2257 0.282487 -2.53149 8.167888286e-10 1.93837 1.28631 1.22202 0
9.016 8.159908913e-10 26.5101 0.282484 -2.54729 8.167886239e-10 1.80191 1.3718 1.21321 0
9.072 8.159912137e-10 26.7963 0.28248 -2.56309 8.167889223e-10 1.66697 1.45635 1.19486 0
9.128 8.159926764e-10 27.0842 0.282477 -2.57889 8.167897274e-10 1.53461 1.53928 1.16713 0
9.184 8.159952405e-10 27.3738 0.282473 -2.59468 8.167910631e-10 1.40587 1.61994 1.13023 0
9.24 8.159988634e-10 27.6652 0.28247 -2.61048 8.167929443e-10 1.28177 1.6977 1.08446 0
9.296 8.160035018e-10 27.9583 0.282467 -2.62627 8.167953623e-10 1.16327 1.77195 1.03017 0
9.352 8.160091028e-10 28.2531 0.282464 -2.64207 8.167983148e-10 1.0513 1.84211 0.967787 0
9.408 8.16015601e-10 28.5497 0.282462 -2.65786 8.168017751e-10 0.946757 1.90762 0.897803 0
9.464 8.160229165e-10 28.848 0.282459 -2.67365 8.168057042e-10 0.85045 1.96797 0.820767 0
9.52 8.160309815e-10 29.1481 0.282457 -2.68944 8.168100358e-10 0.763137 2.02269 0.737284 0
9.576 8.160397216e-10 29.4499 0.282455 -2.70523 8.168147076e-10 0.685506 2.07134 0.64801 0
9.632 8.160490655e-10 29.7534 0.282453 -2.72101 8.168196457e-10 0.618165 2.11355 0.553645 0
9.688 8.160589559e-10 30.0587 0.282451 -2.7368 8.168247912e-10 0.561644 2.14898 0.454931 0
9.744 8.160693242e-10 30.3657 0.282449 -2.75259 8.168300707e-10 0.516387 2.17735 0.352642 0
9.8 8.160800859e-10 30.6745 0.282448 -2.76838 8.168354269e-10 0.482749 2.19845 0.247583 0
9.856 8.160911673e-10 30.985 0.282447 -2.78417 8.168408074e-10 0.460994 2.21209 0.140578 0
9.912 8.161025226e-10 31.2973 0.282445 -2.79996 8.168461923e-10 0.451294 2.21818 0.0324683 0
9.968 8.161140866e-10 31.6113 0.282445 -2.81575 8.168515711e-10 0.453725 2.21667 -0.0758971 0
10.024 8.161258031e-10 31.9271 0.282444 -2.83154 8.168569183e-10 0.468267 2.20757 -0.183667 0
10.08 8.161376278e-10 32.2446 0.282443 -2.84733 8.168622112e-10 0.494806 2.19095 -0.289994 0
10.136 8.161494866e-10 32.564 0.282443 -2.86312 8.168674878e-10 0.533134 2.16694 -0.394043 0
10.192 8.161612967e-10 32.885 0.282443 -2.87891 8.168727438e-10 0.58295 2.13573 -0.494997 0
10.248 8.161729702e-10 33.2079 0.282442 -2.8947 8.168779307e-10 0.643861 2.09756 -0.592062 0
10.304 8.161844329e-10 33.5325 0.282442 -2.9105 8.168830248e-10 0.71539 2.05274 -0.684474 0
10.36 8.161956286e-10 33.8589 0.282443 -2.92629 8.168880753e-10 0.796973 2.00161 -0.771509 0
10.416 8.162065177e-10 34.1871 0.282443 -2.94209 8.168931108e-10 0.887971 1.94457 -0.852482 0
10.472 8.162170284e-10 34.517 0.282443 -2.95789 8.168981404e-10 0.987668 1.88208 -0.926755 0
10.528 8.162270895e-10 34.8488 0.282444 -2.97369 8.169031869e-10 1.09528 1.81463 -0.993746 0
10.584 8.162366288e-10 35.1823 0.282445 -2.98949 8.169083055e-10 1.20996 1.74275 -1.05293 0
10.64 8.16245583e-10 35.5176 0.282445 -3.00529 8.169135605e-10 1.33081 1.66699 -1.10383 0
10.696 8.162539044e-10 35.8547 0.282446 -3.0211 8.169190111e-10 1.45688 1.58796 -1.14607 0
10.752 8.162615311e-10 36.1937 0.282447 -3.0369 8.169247217e-10 1.58717 1.50628 -1.17929 0
10.808 8.162683977e-10 36.5344 0.282448 -3.05271 8.169307856e-10 1.72067 1.42258 -1.20325 0
10.864 8.162744479e-10 36.8769 0.282449 -3.06853 8.169372951e-10 1.85632 1.33754 -1.21774 0
10.92 8.162796598e-10 37.2212 0.282451 -3.08434 8.169443142e-10 1.99306 1.25181 -1.22267 0
10.976 8.162840129e-10 37.5673 0.282452 -3.10016 8.169518837e-10 2.12981 1.16607 -1.21799 0
11.032 8.162874847e-10 37.9153 0.282453 -3.11597 8.169600309e-10 2.26549 1.08099 -1.20373 0
11.088 8.162900597e-10 38.265 0.282455 -3.1318 8.169687956e-10 2.39904 0.997251 -1.18002 0
11.144 8.162917584e-10 38.6166 0.282456 -3.14762 8.169782045e-10 2.52941 0.915501 -1.14703 0
11.2 8.162926258e-10 38.97 0.282458 -3.16345 8.169882568e-10 2.65558 0.836385 -1.10503 0
11.256 8.162926978e-10 39.3252 0.28246 -3.17927 8.169989401e-10 2.77655 0.760526 -1.05434 0
11.312 8.162920037e-10 39.6822 0.282462 -3.1951 8.170102269e-10 2.89137 0.68852 -0.995372 0
11.368 8.1629059e-10 40.041 0.282463 -3.21094 8.170220748e-10 2.99914 0.620933 -0.928581 0
11.424 8.162885051e-10 40.4016 0.282465 -3.22677 8.170344384e-10 3.09901 0.558295 -0.854496 0
11.48 8.162858108e-10 40.764 0.282467 -3.2426 8.170472644e-10 3.1902 0.5011 -0.773698 0
11.536 8.162825796e-10 41.1282 0.282469 -3.25844 8.170605166e-10 3.27199 0.449796 -0.686825 0
11.592 8.162788813e-10 41.4942 0.28247 -3.27428 8.170741422e-10 3.34374 0.404786 -0.594558 0
11.648 8.162747829e-10 41.8621 0.282472 -3.29011 8.170880847e-10 3.40488 0.366424 -0.497625 0
11.704 8.162703588e-10 42.2317 0.282473 -3.30595 8.171022948e-10 3.45494 0.33501 -0.396786 0
11.76 8.162656839e-10 42.6031 0.282475 -3.32179 8.171167164e-10 3.49353 0.31079 -0.292835 0
11.816 8.162608291e-10 42.9762 0.282476 -3.33763 8.171312861e-10 3.52033 0.293954 -0.186589 0
11.872 8.162558554e-10 43.3512 0.282478 -3.35347 8.171459356e-10 3.53514 0.284634 -0.0788831 0
11.928 8.162508149e-10 43.728 0.282479 -3.36931 8.171606e-10 3.53785 0.282903 0.0294365 0
11.984 8.162457535e-10 44.1065 0.28248 -3.38514 8.171752109e-10 3.52843 0.288772 0.137518 0
