0 1.99627e+15
5.30323e-07 1.98306e+15
1.06065e-06 1.94539e+15
1.59097e-06 1.88849e+15
2.12129e-06 1.81896e+15
2.65162e-06 1.7427e+15
3.18194e-06 1.66341e+15
3.71226e-06 1.58231e+15
4.24258e-06 1.49892e+15
4.77291e-06 1.41239e+15
5.30323e-06 1.32261e+15
5.83355e-06 1.23056e+15
6.36388e-06 1.13793e+15
6.8942e-06 1.0463e+15
7.42452e-06 9.56539e+14
7.95485e-06 8.68644e+14
8.48517e-06 7.82127e+14
9.01549e-06 6.96623e+14
9.54582e-06 6.12308e+14
1.00761e-05 5.29909e+14
1.06065e-05 4.50339e+14
1.11368e-05 3.74228e+14
1.16671e-05 3.01667e+14
1.21974e-05 2.32293e+14
1.27278e-05 1.65647e+14
1.32581e-05 1.01542e+14
1.37884e-05 4.02106e+13
1.43187e-05 -1.7844e+13
1.4849e-05 -7.21712e+13
1.53794e-05 -1.22652e+14
1.59097e-05 -1.69554e+14
1.644e-05 -2.13337e+14
1.69703e-05 -2.54362e+14
1.75007e-05 -2.92685e+14
1.8031e-05 -3.28074e+14
1.85613e-05 -3.60218e+14
1.90916e-05 -3.88978e+14
1.9622e-05 -4.14523e+14
2.01523e-05 -4.37254e+14
2.06826e-05 -4.57585e+14
2.12129e-05 -4.75737e+14
2.17432e-05 -4.91658e+14
2.22736e-05 -5.05145e+14
2.28039e-05 -5.16048e+14
2.33342e-05 -5.24436e+14
2.38645e-05 -5.30613e+14
2.43949e-05 -5.34976e+14
2.49252e-05 -5.37818e+14
2.54555e-05 -5.39213e+14
2.59858e-05 -5.39043e+14
2.65162e-05 -5.37153e+14
2.70465e-05 -5.33528e+14
2.75768e-05 -5.2836e+14
2.81071e-05 -5.21982e+14
2.86374e-05 -5.14706e+14
2.91678e-05 -5.0668e+14
2.96981e-05 -4.97859e+14
3.02284e-05 -4.881e+14
3.07587e-05 -4.7732e+14
3.12891e-05 -4.65604e+14
3.18194e-05 -4.53198e+14
3.23497e-05 -4.40393e+14
3.288e-05 -4.27377e+14
3.34104e-05 -4.14167e+14
3.39407e-05 -4.00643e+14
3.4471e-05 -3.86682e+14
3.50013e-05 -3.72275e+14
3.55316e-05 -3.57576e+14
3.6062e-05 -3.42826e+14
3.65923e-05 -3.28229e+14
3.71226e-05 -3.1385e+14
3.76529e-05 -2.99605e+14
3.81833e-05 -2.85355e+14
3.87136e-05 -2.7102e+14
3.92439e-05 -2.56665e+14
3.97742e-05 -2.42469e+14
4.03046e-05 -2.28628e+14
4.08349e-05 -2.15244e+14
4.13652e-05 -2.02274e+14
4.18955e-05 -1.89586e+14
4.24258e-05 -1.77055e+14
4.29562e-05 -1.64669e+14
4.34865e-05 -1.52538e+14
4.40168e-05 -1.40835e+14
4.45471e-05 -1.29683e+14
4.50775e-05 -1.19085e+14
4.56078e-05 -1.08929e+14
4.61381e-05 -9.90744e+13
4.66684e-05 -8.9447e+13
4.71988e-05 -8.00925e+13
4.77291e-05 -7.11448e+13
4.82594e-05 -6.27359e+13
4.87897e-05 -5.49081e+13
4.932e-05 -4.75872e+13
4.98504e-05 -4.06333e+13
5.03807e-05 -3.39337e+13
5.0911e-05 -2.7475e+13
5.14413e-05 -2.13465e+13
5.19717e-05 -1.56746e+13
5.2502e-05 -1.0533e+13
5.30323e-05 -5.88965e+12
5.35626e-05 -1.62477e+12
5.4093e-05 2.3929e+12
5.46233e-05 6.2243e+12
5.51536e-05 9.82708e+12
5.56839e-05 1.30926e+13
5.62142e-05 1.5927e+13
5.67446e-05 1.83208e+13
5.72749e-05 2.03608e+13
5.78052e-05 2.21782e+13
5.83355e-05 2.3867e+13
5.88659e-05 2.54299e+13
5.93962e-05 2.67853e+13
5.99265e-05 2.78319e+13
6.04568e-05 2.8524e+13
6.09872e-05 2.89093e+13
6.15175e-05 2.91026e+13
6.20478e-05 2.92159e+13
6.25781e-05 2.92904e+13
6.31084e-05 2.92781e+13
6.36388e-05 2.90824e+13
6.41691e-05 2.8631e+13
6.46994e-05 2.7931e+13
6.52297e-05 2.70697e+13
6.57601e-05 2.61616e+13
6.62904e-05 2.52778e+13
6.68207e-05 2.44053e+13
6.7351e-05 2.34635e+13
6.78814e-05 2.2365e+13
6.84117e-05 2.10805e+13
6.8942e-05 1.96625e+13
6.94723e-05 1.82149e+13
7.00026e-05 1.68273e+13
7.0533e-05 1.55202e+13
7.10633e-05 1.42371e+13
7.15936e-05 1.28879e+13
7.21239e-05 1.14143e+13
7.26543e-05 9.83231e+12
7.31846e-05 8.22446e+12
7.37149e-05 6.68694e+12
7.42452e-05 5.26847e+12
7.47756e-05 3.94146e+12
7.53059e-05 2.6246e+12
7.58362e-05 1.24102e+12
7.63665e-05 -2.27652e+11
7.68968e-05 -1.72733e+12
7.74272e-05 -3.16657e+12
7.79575e-05 -4.47634e+12
7.84878e-05 -5.65427e+12
7.90181e-05 -6.76356e+12
7.95485e-05 -7.88826e+12
8.00788e-05 -9.07519e+12
8.06091e-05 -1.03019e+13
8.11394e-05 -1.14914e+13
8.16698e-05 -1.25641e+13
8.22001e-05 -1.349e+13
8.27304e-05 -1.43079e+13
8.32607e-05 -1.50979e+13
8.3791e-05 -1.59268e+13
8.43214e-05 -1.6803e+13
8.48517e-05 -1.76717e+13
8.5382e-05 -1.84522e+13
8.59123e-05 -1.90928e+13
8.64427e-05 -1.96049e+13
8.6973e-05 -2.00552e+13
8.75033e-05 -2.05202e+13
8.80336e-05 -2.10355e+13
8.8564e-05 -2.15725e+13
8.90943e-05 -2.20592e+13
8.96246e-05 -2.24293e+13
9.01549e-05 -2.26678e+13
9.06852e-05 -2.28206e+13
9.12156e-05 -2.29642e+13
9.17459e-05 -2.31543e+13
9.22762e-05 -2.33898e+13
9.28065e-05 -2.36148e+13
9.33369e-05 -2.37576e+13
9.38672e-05 -2.37803e+13
9.43975e-05 -2.37042e+13
9.49278e-05 -2.35962e+13
9.54582e-05 -2.35242e+13
9.59885e-05 -2.35121e+13
9.65188e-05 -2.35256e+13
9.70491e-05 -2.34965e+13
9.75794e-05 -2.337e+13
9.81098e-05 -2.31421e+13
9.86401e-05 -2.28631e+13
9.91704e-05 -2.26036e+13
9.97007e-05 -2.2408e+13
0.000100231 -2.2266e+13
0.000100761 -2.21206e+13
0.000101292 -2.19081e+13
0.000101822 -2.16016e+13
0.000102352 -2.12295e+13
0.000102883 -2.0857e+13
0.000103413 -2.05421e+13
0.000103943 -2.02979e+13
0.000104474 -2.00849e+13
0.000105004 -1.98386e+13
0.000105534 -1.95139e+13
0.000106065 -1.91161e+13
0.000106595 -1.86969e+13
0.000107125 -1.83205e+13
0.000107656 -1.80202e+13
0.000108186 -1.77774e+13
0.000108716 -1.75348e+13
0.000109247 -1.72359e+13
0.000109777 -1.68636e+13
0.000110307 -1.64514e+13
0.000110838 -1.60611e+13
0.000111368 -1.57413e+13
0.000111898 -1.54951e+13
0.000112428 -1.52789e+13
0.000112959 -1.50324e+13
0.000113489 -1.47196e+13
0.000114019 -1.4353e+13
0.00011455 -1.39851e+13
0.00011508 -1.36728e+13
0.00011561 -1.34393e+13
0.000116141 -1.32591e+13
0.000116671 -1.30757e+13
0.000117201 -1.28397e+13
0.000117732 -1.25427e+13
0.000118262 -1.22221e+13
0.000118792 -1.19357e+13
0.000119323 -1.17231e+13
0.000119853 -1.15788e+13
0.000120383 -1.14564e+13
0.000120914 -1.13005e+13
0.000121444 -1.10836e+13
0.000121974 -1.08248e+13
0.000122505 -1.05759e+13
0.000123035 -1.0387e+13
0.000123565 -1.0272e+13
0.000124096 -1.02001e+13
0.000124626 -1.01164e+13
0.000125156 -9.97929e+12
0.000125687 -9.78795e+12
0.000126217 -9.58266e+12
0.000126747 -9.41718e+12
0.000127278 -9.32238e+12
0.000127808 -9.28551e+12
0.000128338 -9.25908e+12
0.000128869 -9.19292e+12
0.000129399 -9.06785e+12
0.000129929 -8.90823e+12
0.000130459 -8.76502e+12
0.00013099 -8.68121e+12
0.00013152 -8.66276e+12
0.00013205 -8.67482e+12
0.000132581 -8.66529e+12
0.000133111 -8.59995e+12
0.000133641 -8.48516e+12
0.000134172 -8.36315e+12
0.000134702 -8.28317e+12
0.000135232 -8.26815e+12
0.000135763 -8.29937e+12
0.000136293 -8.32922e+12
0.000136823 -8.31336e+12
0.000137354 -8.2404e+12
0.000137884 -8.13916e+12
0.000138414 -8.0589e+12
0.000138945 -8.03585e+12
0.000139475 -8.06882e+12
0.000140005 -8.12017e+12
0.000140536 -8.14134e+12
0.000141066 -8.10545e+12
0.000141596 -8.02519e+12
0.000142127 -7.94385e+12
0.000142657 -7.90587e+12
0.000143187 -7.92682e+12
0.000143718 -7.98306e+12
0.000144248 -8.02786e+12
0.000144778 -8.02293e+12
0.000145309 -7.96406e+12
0.000145839 -7.88365e+12
0.000146369 -7.82855e+12
0.000146899 -7.82836e+12
0.00014743 -7.87558e+12
0.00014796 -7.93085e+12
0.00014849 -7.94964e+12
0.000149021 -7.9122e+12
0.000149551 -7.83664e+12
0.000150081 -7.76644e+12
0.000150612 -7.74095e+12
0.000151142 -7.76888e+12
0.000151672 -7.82265e+12
0.000152203 -7.85716e+12
0.000152733 -7.84026e+12
0.000153263 -7.77427e+12
0.000153794 -7.69417e+12
0.000154324 -7.64381e+12
0.000154854 -7.64631e+12
0.000155385 -7.6886e+12
0.000155915 -7.73051e+12
0.000156445 -7.73193e+12
0.000156976 -7.67985e+12
0.000157506 -7.59693e+12
0.000158036 -7.52599e+12
0.000158567 -7.50106e+12
0.000159097 -7.52449e+12
0.000159627 -7.56565e+12
0.000160158 -7.58171e+12
0.000160688 -7.54659e+12
0.000161218 -7.46846e+12
0.000161749 -7.38395e+12
0.000162279 -7.33336e+12
0.000162809 -7.33352e+12
0.00016334 -7.36655e+12
0.00016387 -7.39224e+12
0.0001644 -7.37519e+12
0.00016493 -7.3087e+12
0.000165461 -7.21908e+12
0.000165991 -7.14775e+12
0.000166521 -7.12325e+12
0.000167052 -7.14215e+12
0.000167582 -7.17154e+12
0.000168112 -7.17143e+12
0.000168643 -7.12171e+12
0.000169173 -7.03563e+12
0.000169703 -6.95064e+12
0.000170234 -6.90306e+12
0.000170764 -6.90365e+12
0.000171294 -6.93051e+12
0.000171825 -6.94406e+12
0.000172355 -6.91386e+12
0.000172885 -6.83899e+12
0.000173416 -6.7486e+12
0.000173946 -6.68203e+12
0.000174476 -6.66233e+12
0.000175007 -6.68079e+12
0.000175537 -6.70306e+12
0.000176067 -6.69244e+12
0.000176598 -6.6346e+12
0.000177128 -6.54717e+12
0.000177658 -6.46762e+12
0.000178189 -6.42798e+12
0.000178719 -6.43325e+12
0.000179249 -6.45824e+12
0.00017978 -6.46473e+12
0.00018031 -6.42727e+12
0.00018084 -6.35028e+12
0.00018137 -6.26492e+12
0.000181901 -6.20792e+12
0.000182431 -6.19684e+12
0.000182961 -6.21835e+12
0.000183492 -6.23739e+12
0.000184022 -6.22093e+12
0.000184552 -6.1602e+12
0.000185083 -6.07649e+12
0.000185613 -6.00661e+12
0.000186143 -5.97804e+12
0.000186674 -5.99044e+12
0.000187204 -6.01608e+12
0.000187734 -6.01864e+12
0.000188265 -5.97775e+12
0.000188795 -5.90264e+12
0.000189325 -5.82571e+12
0.000189856 -5.78063e+12
0.000190386 -5.77962e+12
0.000190916 -5.80534e+12
0.000191447 -5.82273e+12
0.000191977 -5.80276e+12
0.000192507 -5.7419e+12
0.000193038 -5.66442e+12
0.000193568 -5.60584e+12
0.000194098 -5.58895e+12
0.000194629 -5.60853e+12
0.000195159 -5.63501e+12
0.000195689 -5.63453e+12
0.00019622 -5.59176e+12
0.00019675 -5.52013e+12
0.00019728 -5.45266e+12
0.000197811 -5.41955e+12
0.000198341 -5.42787e+12
0.000198871 -5.45693e+12
0.000199401 -5.47234e+12
0.000199932 -5.44927e+12
0.000200462 -5.38911e+12
0.000200992 -5.31841e+12
0.000201523 -5.27084e+12
0.000202053 -5.26447e+12
0.000202583 -5.28968e+12
0.000203114 -5.31575e+12
0.000203644 -5.31171e+12
0.000204174 -5.26718e+12
0.000204705 -5.19925e+12
0.000205235 -5.14084e+12
0.000205765 -5.11842e+12
0.000206296 -5.13421e+12
0.000206826 -5.16477e+12
0.000207356 -5.17699e+12
0.000207887 -5.15037e+12
0.000208417 -5.09084e+12
0.000208947 -5.02656e+12
0.000209478 -4.98888e+12
0.000210008 -4.99118e+12
0.000210538 -5.01991e+12
0.000211069 -5.0439e+12
0.000211599 -5.03541e+12
0.000212129 -4.98884e+12
0.00021266 -4.92436e+12
0.00021319 -4.8742e+12
0.00021372 -4.86088e+12
0.000214251 -4.88205e+12
0.000214781 -4.91221e+12
0.000215311 -4.92002e+12
0.000215841 -4.88942e+12
0.000216372 -4.83039e+12
0.000216902 -4.77209e+12
0.000217432 -4.74313e+12
0.000217963 -4.75226e+12
0.000218493 -4.7826e+12
0.000219023 -4.80309e+12
0.000219554 -4.78956e+12
0.000220084 -4.74091e+12
0.000220614 -4.67979e+12
0.000221145 -4.6372e+12
0.000221675 -4.63157e+12
0.000222205 -4.65637e+12
0.000222736 -4.68465e+12
0.000223266 -4.6873e+12
0.000223796 -4.65266e+12
0.000224327 -4.59432e+12
0.000224857 -4.54182e+12
0.000225387 -4.52068e+12
0.000225918 -4.5352e+12
0.000226448 -4.56569e+12
0.000226978 -4.5818e+12
0.000227509 -4.56309e+12
0.000228039 -4.51271e+12
0.000228569 -4.45519e+12
0.0002291 -4.4198e+12
0.00022963 -4.42081e+12
0.00023016 -4.44792e+12
0.000230691 -4.47333e+12
0.000231221 -4.47056e+12
0.000231751 -4.43227e+12
0.000232282 -4.37515e+12
0.000232812 -4.32854e+12
0.000233342 -4.31461e+12
0.000233872 -4.33344e+12
0.000234403 -4.36305e+12
0.000234933 -4.37436e+12
0.000235463 -4.35077e+12
0.000235994 -4.29933e+12
0.000236524 -4.24588e+12
0.000237054 -4.21751e+12
0.000237585 -4.22437e+12
0.000238115 -4.2528e+12
0.000238645 -4.27475e+12
0.000239176 -4.26666e+12
0.000239706 -4.22539e+12
0.000240236 -4.17021e+12
0.000240767 -4.12972e+12
0.000241297 -4.12254e+12
0.000241827 -4.14478e+12
0.000242358 -4.1728e+12
0.000242888 -4.17917e+12
0.000243418 -4.15123e+12
0.000243949 -4.09956e+12
0.000244479 -4.0507e+12
0.000245009 -4.02924e+12
0.00024554 -4.04124e+12
0.00024607 -4.0702e+12
0.0002466 -4.0883e+12
0.000247131 -4.07521e+12
0.000247661 -4.03175e+12
0.000248191 -3.97924e+12
0.000248722 -3.94506e+12
0.000249252 -3.94416e+12
0.000249782 -3.96903e+12
0.000250312 -3.99485e+12
0.000250843 -3.99631e+12
0.000251373 -3.96467e+12
0.000251903 -3.91357e+12
0.000252434 -3.86978e+12
0.000252964 -3.85504e+12
0.000253494 -3.87147e+12
0.000254025 -3.90021e+12
0.000254555 -3.9142e+12
0.000255085 -3.8965e+12
0.000255616 -3.85162e+12
0.000256146 -3.80244e+12
0.000256676 -3.77466e+12
0.000257207 -3.77951e+12
0.000257737 -3.8062e+12
0.000258267 -3.8293e+12
0.000258798 -3.82594e+12
0.000259328 -3.79123e+12
0.000259858 -3.74147e+12
0.000260389 -3.70307e+12
0.000260919 -3.69473e+12
0.000261449 -3.71484e+12
0.00026198 -3.74264e+12
0.00026251 -3.75232e+12
0.00026304 -3.73043e+12
0.000263571 -3.68487e+12
0.000264101 -3.63955e+12
0.000264631 -3.61811e+12
0.000265162 -3.62808e+12
0.000265692 -3.65578e+12
0.000266222 -3.67568e+12
0.000266752 -3.66765e+12
0.000267283 -3.6305e+12
0.000267813 -3.58271e+12
0.000268343 -3.54991e+12
0.000268874 -3.54755e+12
0.000269404 -3.57053e+12
0.000269934 -3.59671e+12
0.000270465 -3.60193e+12
0.000270995 -3.57628e+12
0.000271525 -3.53072e+12
0.000272056 -3.48967e+12
0.000272586 -3.4744e+12
0.000273116 -3.48878e+12
0.000273647 -3.51669e+12
0.000274177 -3.53298e+12
0.000274707 -3.52047e+12
0.000275238 -3.4815e+12
0.000275768 -3.43625e+12
0.000276298 -3.40912e+12
0.000276829 -3.41222e+12
0.000277359 -3.43725e+12
0.000277889 -3.46119e+12
0.00027842 -3.46188e+12
0.00027895 -3.43294e+12
0.00027948 -3.38803e+12
0.000280011 -3.35155e+12
0.000280541 -3.34216e+12
0.000281071 -3.36022e+12
0.000281602 -3.38758e+12
0.000282132 -3.39994e+12
0.000282662 -3.38322e+12
0.000283193 -3.34304e+12
0.000283723 -3.30083e+12
0.000284253 -3.27935e+12
0.000284783 -3.28733e+12
0.000285314 -3.31361e+12
0.000285844 -3.33478e+12
0.000286374 -3.33096e+12
0.000286905 -3.29924e+12
0.000287435 -3.25556e+12
0.000287965 -3.22389e+12
0.000288496 -3.22004e+12
0.000289026 -3.24103e+12
0.000289556 -3.26715e+12
0.000290087 -3.27536e+12
0.000290617 -3.25476e+12
0.000291147 -3.21399e+12
0.000291678 -3.17524e+12
0.000292208 -3.15932e+12
0.000292738 -3.17158e+12
0.000293269 -3.19836e+12
0.000293799 -3.21629e+12
0.000294329 -3.20808e+12
0.00029486 -3.17415e+12
0.00029539 -3.13227e+12
0.00029592 -3.10556e+12
0.000296451 -3.10683e+12
0.000296981 -3.13001e+12
0.000297511 -3.15429e+12
0.000298042 -3.15821e+12
0.000298572 -3.13416e+12
0.000299102 -3.09341e+12
0.000299633 -3.0585e+12
0.000300163 -3.04797e+12
0.000300693 -3.06387e+12
0.000301223 -3.09044e+12
0.000301754 -3.1048e+12
0.000302284 -3.09241e+12
0.000302814 -3.05684e+12
0.000303345 -3.01729e+12
0.000303875 -2.99562e+12
0.000304405 -3.00157e+12
0.000304936 -3.02622e+12
0.000305466 -3.04812e+12
0.000305996 -3.04775e+12
0.000306527 -3.0207e+12
0.000307057 -2.98058e+12
0.000307587 -2.94981e+12
0.000308118 -2.94444e+12
0.000308648 -2.96333e+12
0.000309178 -2.98905e+12
0.000309709 -2.99959e+12
0.000310239 -2.98331e+12
0.000310769 -2.9467e+12
0.0003113 -2.90996e+12
0.00031183 -2.89333e+12
0.00031236 -2.90345e+12
0.000312891 -2.92889e+12
0.000313421 -2.94797e+12
0.000313951 -2.94337e+12
0.000314482 -2.91383e+12
0.000315012 -2.87493e+12
0.000315542 -2.84854e+12
0.000316073 -2.84801e+12
0.000316603 -2.86926e+12
0.000317133 -2.89353e+12
0.000317664 -2.9001e+12
0.000318194 -2.88028e+12
0.000318724 -2.84323e+12
0.000319254 -2.80972e+12
0.000319785 -2.79806e+12
0.000320315 -2.81182e+12
0.000320845 -2.83739e+12
0.000321376 -2.85329e+12
0.000321906 -2.84462e+12
0.000322436 -2.81314e+12
0.000322967 -2.77599e+12
0.000323497 -2.75411e+12
0.000324027 -2.75809e+12
0.000324558 -2.78104e+12
0.000325088 -2.80334e+12
0.000325618 -2.80587e+12
0.000326149 -2.78293e+12
0.000326679 -2.74603e+12
0.000327209 -2.71608e+12
0.00032774 -2.70925e+12
0.00032827 -2.72608e+12
0.0003288 -2.75117e+12
0.000329331 -2.7636e+12
0.000329861 -2.75109e+12
0.000330391 -2.71822e+12
0.000330922 -2.68332e+12
0.000331452 -2.66604e+12
0.000331982 -2.67409e+12
0.000332513 -2.69811e+12
0.000333043 -2.71798e+12
0.000333573 -2.71649e+12
0.000334104 -2.69088e+12
0.000334634 -2.6547e+12
0.000335164 -2.62859e+12
0.000335694 -2.62637e+12
0.000336225 -2.6457e+12
0.000336755 -2.66972e+12
0.000337285 -2.67849e+12
0.000337816 -2.66243e+12
0.000338346 -2.62874e+12
0.000338876 -2.59651e+12
0.000339407 -2.58382e+12
0.000339937 -2.5955e+12
0.000340467 -2.61996e+12
0.000340998 -2.63703e+12
0.000341528 -2.6316e+12
0.000342058 -2.6038e+12
0.000342589 -2.56887e+12
0.000343119 -2.54682e+12
0.000343649 -2.54892e+12
0.00034418 -2.57014e+12
0.00034471 -2.59258e+12
0.00034524 -2.59757e+12
0.000345771 -2.57831e+12
0.000346301 -2.54435e+12
0.000346831 -2.51518e+12
0.000347362 -2.507e+12
0.000347892 -2.52181e+12
0.000348422 -2.54611e+12
0.000348953 -2.56006e+12
0.000349483 -2.55087e+12
0.000350013 -2.5214e+12
0.000350544 -2.48822e+12
0.000351074 -2.47033e+12
0.000351604 -2.47642e+12
0.000352135 -2.49894e+12
0.000352665 -2.51933e+12
0.000353195 -2.52051e+12
0.000353725 -2.49844e+12
0.000354256 -2.46477e+12
0.000354786 -2.43896e+12
0.000355316 -2.43514e+12
0.000355847 -2.45255e+12
0.000356377 -2.47614e+12
0.000356907 -2.48674e+12
0.000357438 -2.47401e+12
0.000357968 -2.4434e+12
0.000358498 -2.4124e+12
0.000359029 -2.39875e+12
0.000359559 -2.40842e+12
0.000360089 -2.43166e+12
0.00036062 -2.4496e+12
0.00036115 -2.44701e+12
0.00036168 -2.42256e+12
0.000362211 -2.3897e+12
0.000362741 -2.3675e+12
0.000363271 -2.36783e+12
0.000363802 -2.3873e+12
0.000364332 -2.40966e+12
0.000364862 -2.41675e+12
0.000365393 -2.40078e+12
0.000365923 -2.36955e+12
0.000366453 -2.34114e+12
0.000366984 -2.33169e+12
0.000367514 -2.34452e+12
0.000368044 -2.36791e+12
0.000368575 -2.38307e+12
0.000369105 -2.37681e+12
0.000369635 -2.35046e+12
0.000370165 -2.31889e+12
0.000370696 -2.30048e+12
0.000371226 -2.30468e+12
0.000371756 -2.32566e+12
0.000372287 -2.34633e+12
0.000372817 -2.34982e+12
0.000373347 -2.33095e+12
0.000373878 -2.29963e+12
0.000374408 -2.27414e+12
0.000374938 -2.26882e+12
0.000375469 -2.28434e+12
0.000375999 -2.30734e+12
0.000376529 -2.31945e+12
0.00037706 -2.3097e+12
0.00037759 -2.28193e+12
0.00037812 -2.25212e+12
0.000378651 -2.2376e+12
0.000379181 -2.24534e+12
0.000379711 -2.26729e+12
0.000380242 -2.28584e+12
0.000380772 -2.28574e+12
0.000381302 -2.26435e+12
0.000381833 -2.23344e+12
0.000382363 -2.21116e+12
0.000382893 -2.20981e+12
0.000383424 -2.22754e+12
0.000383954 -2.24963e+12
0.000384484 -2.2585e+12
0.000385015 -2.24551e+12
0.000385545 -2.21682e+12
0.000386075 -2.18917e+12
0.000386606 -2.17856e+12
0.000387136 -2.18948e+12
0.000387666 -2.21185e+12
0.000388196 -2.22794e+12
0.000388727 -2.2243e+12
0.000389257 -2.20082e+12
0.000389787 -2.17081e+12
0.000390318 -2.15195e+12
0.000390848 -2.15435e+12
0.000391378 -2.17378e+12
0.000391909 -2.19451e+12
0.000392439 -2.20001e+12
0.000392969 -2.18406e+12
0.0003935 -2.15495e+12
0.00039403 -2.12982e+12
0.00039456 -2.12311e+12
0.000395091 -2.13678e+12
0.000395621 -2.15906e+12
0.000396151 -2.17241e+12
0.000396682 -2.16535e+12
0.000397212 -2.14023e+12
0.000397742 -2.11158e+12
0.000398273 -2.09628e+12
0.000398803 -2.10217e+12
0.000399333 -2.12277e+12
