-0.0002 0
-0.00019947 0
-0.000198939 0
-0.000198409 0
-0.000197879 0
-0.000197348 0
-0.000196818 0
-0.000196288 0
-0.000195757 0
-0.000195227 0
-0.000194697 0
-0.000194166 0
-0.000193636 0
-0.000193106 0
-0.000192575 0
-0.000192045 0
-0.000191515 0
-0.000190985 0
-0.000190454 0
-0.000189924 0
-0.000189394 0
-0.000188863 0
-0.000188333 0
-0.000187803 0
-0.000187272 0
-0.000186742 0
-0.000186212 0
-0.000185681 0
-0.000185151 0
-0.000184621 0
-0.00018409 0
-0.00018356 0
-0.00018303 0
-0.000182499 0
-0.000181969 0
-0.000181439 0
-0.000180908 0
-0.000180378 0
-0.000179848 0
-0.000179317 0
-0.000178787 0
-0.000178257 0
-0.000177726 0
-0.000177196 0
-0.000176666 0
-0.000176135 0
-0.000175605 0
-0.000175075 0
-0.000174544 0
-0.000174014 0
-0.000173484 0
-0.000172954 0
-0.000172423 0
-0.000171893 0
-0.000171363 0
-0.000170832 0
-0.000170302 0
-0.000169772 0
-0.000169241 0
-0.000168711 0
-0.000168181 0
-0.00016765 0
-0.00016712 0
-0.00016659 0
-0.000166059 0
-0.000165529 0
-0.000164999 0
-0.000164468 0
-0.000163938 0
-0.000163408 0
-0.000162877 0
-0.000162347 0
-0.000161817 0
-0.000161286 0
-0.000160756 0
-0.000160226 0
-0.000159695 0
-0.000159165 0
-0.000158635 0
-0.000158104 0
-0.000157574 0
-0.000157044 0
-0.000156514 0
-0.000155983 0
-0.000155453 0
-0.000154923 0
-0.000154392 0
-0.000153862 0
-0.000153332 0
-0.000152801 0
-0.000152271 0
-0.000151741 0
-0.00015121 0
-0.00015068 0
-0.00015015 3331.52
-0.000149619 3331.52
-0.000149089 3331.52
-0.000148559 3331.52
-0.000148028 3331.52
-0.000147498 3331.52
-0.000146968 3331.52
-0.000146437 3331.52
-0.000145907 3331.52
-0.000145377 3331.52
-0.000144846 3331.52
-0.000144316 3331.52
-0.000143786 3331.52
-0.000143255 3331.52
-0.000142725 3331.52
-0.000142195 3331.52
-0.000141664 3331.52
-0.000141134 3331.52
-0.000140604 3331.52
-0.000140073 3331.52
-0.000139543 3331.52
-0.000139013 3331.52
-0.000138483 3331.52
-0.000137952 3331.52
-0.000137422 3331.52
-0.000136892 3331.52
-0.000136361 3331.52
-0.000135831 3331.52
-0.000135301 3331.52
-0.00013477 3331.52
-0.00013424 3331.52
-0.00013371 3331.52
-0.000133179 3331.52
-0.000132649 3331.52
-0.000132119 3331.52
-0.000131588 3331.52
-0.000131058 3331.52
-0.000130528 3331.52
-0.000129997 3331.52
-0.000129467 3331.52
-0.000128937 3331.52
-0.000128406 3331.52
-0.000127876 3331.52
-0.000127346 3331.52
-0.000126815 3331.52
-0.000126285 3331.52
-0.000125755 3331.52
-0.000125224 3331.52
-0.000124694 3331.52
-0.000124164 3331.52
-0.000123633 3331.52
-0.000123103 3331.52
-0.000122573 3331.52
-0.000122043 3331.52
-0.000121512 3331.52
-0.000120982 3331.52
-0.000120452 3331.52
-0.000119921 3331.52
-0.000119391 3331.52
-0.000118861 3331.52
-0.00011833 3331.52
-0.0001178 3331.52
-0.00011727 3331.52
-0.000116739 3331.52
-0.000116209 3331.52
-0.000115679 3331.52
-0.000115148 3331.52
-0.000114618 3331.52
-0.000114088 3331.52
-0.000113557 3331.52
-0.000113027 3331.52
-0.000112497 3331.52
-0.000111966 3331.52
-0.000111436 3331.52
-0.000110906 3331.52
-0.000110375 3331.52
-0.000109845 3331.52
-0.000109315 3331.52
-0.000108784 3331.52
-0.000108254 3331.52
-0.000107724 3331.52
-0.000107193 3331.52
-0.000106663 3331.52
-0.000106133 3331.52
-0.000105602 3331.52
-0.000105072 3331.52
-0.000104542 3331.52
-0.000104012 3331.52
-0.000103481 3331.52
-0.000102951 3331.52
-0.000102421 3331.52
-0.00010189 3331.52
-0.00010136 3331.52
-0.00010083 3331.52
-0.000100299 3331.52
-9.97689e-05 3331.52
-9.92386e-05 3331.52
-9.87083e-05 3331.52
-9.8178e-05 3331.52
-9.76476e-05 3331.52
-9.71173e-05 3331.52
-9.6587e-05 3331.52
-9.60567e-05 3331.52
-9.55264e-05 3331.52
-9.4996e-05 3331.52
-9.44657e-05 3331.52
-9.39354e-05 3331.52
-9.34051e-05 3331.52
-9.28747e-05 3331.52
-9.23444e-05 3331.52
-9.18141e-05 3331.52
-9.12838e-05 3331.52
-9.07534e-05 3331.52
-9.02231e-05 3331.52
-8.96928e-05 3331.52
-8.91625e-05 3331.52
-8.86322e-05 3331.52
-8.81018e-05 3331.52
-8.75715e-05 3331.52
-8.70412e-05 3331.52
-8.65109e-05 3331.52
-8.59805e-05 3331.52
-8.54502e-05 3331.52
-8.49199e-05 3331.52
-8.43896e-05 3331.52
-8.38592e-05 3331.52
-8.33289e-05 3331.52
-8.27986e-05 3331.52
-8.22683e-05 3331.52
-8.1738e-05 3331.52
-8.12076e-05 3331.52
-8.06773e-05 3331.52
-8.0147e-05 3331.52
-7.96167e-05 3331.52
-7.90863e-05 3331.52
-7.8556e-05 3331.52
-7.80257e-05 3331.52
-7.74954e-05 3331.52
-7.69651e-05 3331.52
-7.64347e-05 3331.52
-7.59044e-05 3331.52
-7.53741e-05 3331.52
-7.48438e-05 3331.52
-7.43134e-05 3331.52
-7.37831e-05 3331.52
-7.32528e-05 3331.52
-7.27225e-05 3331.52
-7.21921e-05 3331.52
-7.16618e-05 3331.52
-7.11315e-05 3331.52
-7.06012e-05 3331.52
-7.00709e-05 3331.52
-6.95405e-05 3331.52
-6.90102e-05 3331.52
-6.84799e-05 3331.52
-6.79496e-05 3331.52
-6.74192e-05 3331.52
-6.68889e-05 3331.52
-6.63586e-05 3331.52
-6.58283e-05 3331.52
-6.52979e-05 3331.52
-6.47676e-05 3331.52
-6.42373e-05 3331.52
-6.3707e-05 3331.52
-6.31767e-05 3331.52
-6.26463e-05 3331.52
-6.2116e-05 3331.52
-6.15857e-05 3331.52
-6.10554e-05 3331.52
-6.0525e-05 3331.52
-5.99947e-05 3331.52
-5.94644e-05 3331.52
-5.89341e-05 3331.52
-5.84037e-05 3331.52
-5.78734e-05 3331.52
-5.73431e-05 3331.52
-5.68128e-05 3331.52
-5.62825e-05 3331.52
-5.57521e-05 3331.52
-5.52218e-05 3331.52
-5.46915e-05 3331.52
-5.41612e-05 3331.52
-5.36308e-05 3331.52
-5.31005e-05 3331.52
-5.25702e-05 3331.52
-5.20399e-05 3331.52
-5.15095e-05 3331.52
-5.09792e-05 3331.52
-5.04489e-05 3331.52
-4.99186e-05 3331.52
-4.93883e-05 3331.52
-4.88579e-05 3331.52
-4.83276e-05 3331.52
-4.77973e-05 3331.52
-4.7267e-05 3331.52
-4.67366e-05 3331.52
-4.62063e-05 3331.52
-4.5676e-05 3331.52
-4.51457e-05 3331.52
-4.46153e-05 3331.52
-4.4085e-05 3331.52
-4.35547e-05 3331.52
-4.30244e-05 3331.52
-4.24941e-05 3331.52
-4.19637e-05 3331.52
-4.14334e-05 3331.52
-4.09031e-05 3331.52
-4.03728e-05 3331.52
-3.98424e-05 3331.52
-3.93121e-05 3331.52
-3.87818e-05 3331.52
-3.82515e-05 3331.52
-3.77211e-05 3331.52
-3.71908e-05 3331.52
-3.66605e-05 3331.52
-3.61302e-05 3331.52
-3.55999e-05 3331.52
-3.50695e-05 3331.52
-3.45392e-05 3331.52
-3.40089e-05 3331.52
-3.34786e-05 3331.52
-3.29482e-05 3331.52
-3.24179e-05 3331.52
-3.18876e-05 3331.52
-3.13573e-05 3331.52
-3.08269e-05 3331.52
-3.02966e-05 3331.52
-2.97663e-05 3331.52
-2.9236e-05 3331.52
-2.87057e-05 3331.52
-2.81753e-05 3331.52
-2.7645e-05 3331.52
-2.71147e-05 3331.52
-2.65844e-05 3331.52
-2.6054e-05 3331.52
-2.55237e-05 3331.52
-2.49934e-05 3331.52
-2.44631e-05 3331.52
-2.39327e-05 3331.52
-2.34024e-05 3331.52
-2.28721e-05 3331.52
-2.23418e-05 3331.52
-2.18115e-05 3331.52
-2.12811e-05 3331.52
-2.07508e-05 3331.52
-2.02205e-05 3331.52
-1.96902e-05 3331.52
-1.91598e-05 3331.52
-1.86295e-05 3331.52
-1.80992e-05 3331.52
-1.75689e-05 3331.52
-1.70385e-05 3331.52
-1.65082e-05 3331.52
-1.59779e-05 3331.52
-1.54476e-05 3331.52
-1.49173e-05 3331.52
-1.43869e-05 3331.52
-1.38566e-05 3331.52
-1.33263e-05 3331.52
-1.2796e-05 3331.52
-1.22656e-05 3331.52
-1.17353e-05 3331.52
-1.1205e-05 3331.52
-1.06747e-05 3331.52
-1.01443e-05 3331.52
-9.61402e-06 3331.52
-9.0837e-06 3331.52
-8.55338e-06 3331.52
-8.02305e-06 3331.52
-7.49273e-06 3331.52
-6.96241e-06 3331.52
-6.43208e-06 3331.52
-5.90176e-06 3331.52
-5.37144e-06 3331.52
-4.84111e-06 3331.52
-4.31079e-06 3331.52
-3.78047e-06 3331.52
-3.25014e-06 3331.52
-2.71982e-06 3331.52
-2.1895e-06 3331.52
-1.65918e-06 3331.52
-1.12885e-06 3331.52
-5.9853e-07 3331.52
-6.82066e-08 3331.52
4.62116e-07 3331.52
9.9244e-07 3331.52
1.52276e-06 3331.52
2.05309e-06 3331.52
2.58341e-06 3331.52
3.11373e-06 3331.52
3.64405e-06 3331.52
4.17438e-06 3331.52
4.7047e-06 3331.52
5.23502e-06 3331.52
5.76535e-06 3331.52
6.29567e-06 3331.52
6.82599e-06 3331.52
7.35632e-06 3331.52
7.88664e-06 3331.52
8.41696e-06 3331.52
8.94729e-06 3331.52
9.47761e-06 3331.52
1.00079e-05 3331.52
1.05383e-05 3331.52
1.10686e-05 3331.52
1.15989e-05 3331.52
1.21292e-05 3331.52
1.26595e-05 3331.52
1.31899e-05 3331.52
1.37202e-05 3331.52
1.42505e-05 3331.52
1.47808e-05 3331.52
1.53112e-05 3331.52
1.58415e-05 3331.52
1.63718e-05 3331.52
1.69021e-05 3331.52
1.74325e-05 3331.52
1.79628e-05 3331.52
1.84931e-05 3331.52
1.90234e-05 3331.52
1.95537e-05 3331.52
2.00841e-05 3331.52
2.06144e-05 3331.52
2.11447e-05 3331.52
2.1675e-05 3331.52
2.22054e-05 3331.52
2.27357e-05 3331.52
2.3266e-05 3331.52
2.37963e-05 3331.52
2.43267e-05 3331.52
2.4857e-05 3331.52
2.53873e-05 3331.52
2.59176e-05 3331.52
2.64479e-05 3331.52
2.69783e-05 3331.52
2.75086e-05 3331.52
2.80389e-05 3331.52
2.85692e-05 3331.52
2.90996e-05 3331.52
2.96299e-05 3331.52
3.01602e-05 3331.52
3.06905e-05 3331.52
3.12209e-05 3331.52
3.17512e-05 3331.52
3.22815e-05 3331.52
3.28118e-05 3331.52
3.33421e-05 3331.52
3.38725e-05 3331.52
3.44028e-05 3331.52
3.49331e-05 3331.52
3.54634e-05 3331.52
3.59938e-05 3331.52
3.65241e-05 3331.52
3.70544e-05 3331.52
3.75847e-05 3331.52
3.81151e-05 3331.52
3.86454e-05 3331.52
3.91757e-05 3331.52
3.9706e-05 3331.52
4.02363e-05 3331.52
4.07667e-05 3331.52
4.1297e-05 3331.52
4.18273e-05 3331.52
4.23576e-05 3331.52
4.2888e-05 3331.52
4.34183e-05 3331.52
4.39486e-05 3331.52
4.44789e-05 3331.52
4.50093e-05 3331.52
4.55396e-05 3331.52
4.60699e-05 3331.52
4.66002e-05 3331.52
4.71305e-05 3331.52
4.76609e-05 3331.52
4.81912e-05 3331.52
4.87215e-05 3331.52
4.92518e-05 3331.52
4.97822e-05 3331.52
5.03125e-05 3331.52
5.08428e-05 3331.52
5.13731e-05 3331.52
5.19035e-05 3331.52
5.24338e-05 3331.52
5.29641e-05 3331.52
5.34944e-05 3331.52
5.40247e-05 3331.52
5.45551e-05 3331.52
5.50854e-05 3331.52
5.56157e-05 3331.52
5.6146e-05 3331.52
5.66764e-05 3331.52
5.72067e-05 3331.52
5.7737e-05 3331.52
5.82673e-05 3331.52
5.87977e-05 3331.52
5.9328e-05 3331.52
5.98583e-05 3331.52
6.03886e-05 3331.52
6.09189e-05 3331.52
6.14493e-05 3331.52
6.19796e-05 3331.52
6.25099e-05 3331.52
6.30402e-05 3331.52
6.35706e-05 3331.52
6.41009e-05 3331.52
6.46312e-05 3331.52
6.51615e-05 3331.52
6.56919e-05 3331.52
6.62222e-05 3331.52
6.67525e-05 3331.52
6.72828e-05 3331.52
6.78131e-05 3331.52
6.83435e-05 3331.52
6.88738e-05 3331.52
6.94041e-05 3331.52
6.99344e-05 3331.52
7.04648e-05 3331.52
7.09951e-05 3331.52
7.15254e-05 3331.52
7.20557e-05 3331.52
7.25861e-05 3331.52
7.31164e-05 3331.52
7.36467e-05 3331.52
7.4177e-05 3331.52
7.47073e-05 3331.52
7.52377e-05 3331.52
7.5768e-05 3331.52
7.62983e-05 3331.52
7.68286e-05 3331.52
7.7359e-05 3331.52
7.78893e-05 3331.52
7.84196e-05 3331.52
7.89499e-05 3331.52
7.94803e-05 3331.52
8.00106e-05 3331.52
8.05409e-05 3331.52
8.10712e-05 3331.52
8.16015e-05 3331.52
8.21319e-05 3331.52
8.26622e-05 3331.52
8.31925e-05 3331.52
8.37228e-05 3331.52
8.42532e-05 3331.52
8.47835e-05 3331.52
8.53138e-05 3331.52
8.58441e-05 3331.52
8.63745e-05 3331.52
8.69048e-05 3331.52
8.74351e-05 3331.52
8.79654e-05 3331.52
8.84957e-05 3331.52
8.90261e-05 3331.52
8.95564e-05 3331.52
9.00867e-05 3331.52
9.0617e-05 3331.52
9.11474e-05 3331.52
9.16777e-05 3331.52
9.2208e-05 3331.52
9.27383e-05 3331.52
9.32687e-05 3331.52
9.3799e-05 3331.52
9.43293e-05 3331.52
9.48596e-05 3331.52
9.53899e-05 3331.52
9.59203e-05 3331.52
9.64506e-05 3331.52
9.69809e-05 3331.52
9.75112e-05 3331.52
9.80416e-05 3331.52
9.85719e-05 3331.52
9.91022e-05 3331.52
9.96325e-05 3331.52
0.000100163 3331.52
0.000100693 3331.52
0.000101223 3331.52
0.000101754 3331.52
0.000102284 3331.52
0.000102814 3331.52
0.000103345 3331.52
0.000103875 3331.52
0.000104405 3331.52
0.000104936 3331.52
0.000105466 3331.52
0.000105996 3331.52
0.000106527 3331.52
0.000107057 3331.52
0.000107587 3331.52
0.000108118 3331.52
0.000108648 3331.52
0.000109178 3331.52
0.000109709 3331.52
0.000110239 3331.52
0.000110769 3331.52
0.0001113 3331.52
0.00011183 3331.52
0.00011236 3331.52
0.000112891 3331.52
0.000113421 3331.52
0.000113951 3331.52
0.000114482 3331.52
0.000115012 3331.52
0.000115542 3331.52
0.000116073 3331.52
0.000116603 3331.52
0.000117133 3331.52
0.000117664 3331.52
0.000118194 3331.52
0.000118724 3331.52
0.000119254 3331.52
0.000119785 3331.52
0.000120315 3331.52
0.000120845 3331.52
0.000121376 3331.52
0.000121906 3331.52
0.000122436 3331.52
0.000122967 3331.52
0.000123497 3331.52
0.000124027 3331.52
0.000124558 3331.52
0.000125088 3331.52
0.000125618 3331.52
0.000126149 3331.52
0.000126679 3331.52
0.000127209 3331.52
0.00012774 3331.52
0.00012827 3331.52
0.0001288 3331.52
0.000129331 3331.52
0.000129861 3331.52
0.000130391 3331.52
0.000130922 3331.52
0.000131452 3331.52
0.000131982 3331.52
0.000132513 3331.52
0.000133043 3331.52
0.000133573 3331.52
0.000134104 3331.52
0.000134634 3331.52
0.000135164 3331.52
0.000135694 3331.52
0.000136225 3331.52
0.000136755 3331.52
0.000137285 3331.52
0.000137816 3331.52
0.000138346 3331.52
0.000138876 3331.52
0.000139407 3331.52
0.000139937 3331.52
0.000140467 3331.52
0.000140998 3331.52
0.000141528 3331.52
0.000142058 3331.52
0.000142589 3331.52
0.000143119 3331.52
0.000143649 3331.52
0.00014418 3331.52
0.00014471 3331.52
0.00014524 3331.52
0.000145771 3331.52
0.000146301 3331.52
0.000146831 3331.52
0.000147362 3331.52
0.000147892 3331.52
0.000148422 3331.52
0.000148953 3331.52
0.000149483 3331.52
0.000150013 0
0.000150544 0
0.000151074 0
0.000151604 0
0.000152135 0
0.000152665 0
0.000153195 0
0.000153725 0
0.000154256 0
0.000154786 0
0.000155316 0
0.000155847 0
0.000156377 0
0.000156907 0
0.000157438 0
0.000157968 0
0.000158498 0
0.000159029 0
0.000159559 0
0.000160089 0
0.00016062 0
0.00016115 0
0.00016168 0
0.000162211 0
0.000162741 0
0.000163271 0
0.000163802 0
0.000164332 0
0.000164862 0
0.000165393 0
0.000165923 0
0.000166453 0
0.000166984 0
0.000167514 0
0.000168044 0
0.000168575 0
0.000169105 0
0.000169635 0
0.000170165 0
0.000170696 0
0.000171226 0
0.000171756 0
0.000172287 0
0.000172817 0
0.000173347 0
0.000173878 0
0.000174408 0
0.000174938 0
0.000175469 0
0.000175999 0
0.000176529 0
0.00017706 0
0.00017759 0
0.00017812 0
0.000178651 0
0.000179181 0
0.000179711 0
0.000180242 0
0.000180772 0
0.000181302 0
0.000181833 0
0.000182363 0
0.000182893 0
0.000183424 0
0.000183954 0
0.000184484 0
0.000185015 0
0.000185545 0
0.000186075 0
0.000186606 0
0.000187136 0
0.000187666 0
0.000188196 0
0.000188727 0
0.000189257 0
0.000189787 0
0.000190318 0
0.000190848 0
0.000191378 0
0.000191909 0
0.000192439 0
0.000192969 0
0.0001935 0
0.00019403 0
0.00019456 0
0.000195091 0
0.000195621 0
0.000196151 0
0.000196682 0
0.000197212 0
0.000197742 0
0.000198273 0
0.000198803 0
0.000199333 0
