0 1.38079 0
0.028 1.38079 0
0.056 1.38079 0
0.084 1.38079 0
0.112 1.38079 0
0.14 1.38079 0
0.168 1.38079 0
0.196 1.38079 0
0.224 1.38079 0
0.252 1.38079 0
0.28 1.38079 0
0.308 1.38079 0
0.336 1.38079 0
0.364 1.38079 0
0.392 1.38079 0
0.42 1.38079 0
0.448 1.38079 0
0.476 1.38079 0
0.504 1.38079 0
0.532 1.38079 0
0.56 1.38079 0
0.588 1.38079 0
0.616 1.38079 0
0.644 1.38079 0
0.672 1.38079 0
0.7 1.38079 0
0.728 1.38079 0
0.756 1.38079 0
0.784 1.38079 0
0.812 1.38079 0
0.84 1.38079 0
0.868 1.38079 0
0.896 1.38079 0
0.924 1.38079 0
0.952 1.38079 0
0.98 1.38079 0
1.008 1.38079 0
1.036 1.38079 0
1.064 1.38079 0
1.092 1.38079 0
1.12 1.38079 0
1.148 1.38079 0
1.176 1.38079 0
1.204 1.38079 0
1.232 1.38079 0
1.26 1.38079 0
1.288 1.38079 0
1.316 1.38079 0
1.344 1.38079 0
1.372 1.38079 0
1.4 1.38079 0
1.428 1.38079 0
1.456 1.38079 0
1.484 1.38079 0
1.512 1.38079 0
1.54 1.38079 0
1.568 1.38079 0
1.596 1.38079 0
1.624 1.38079 0
1.652 1.38079 0
1.68 1.38079 0
1.708 1.38079 0
1.736 1.38079 0
1.764 1.38079 0
1.792 1.38079 0
1.82 1.38079 0
1.848 1.38079 0
1.876 1.38079 0
1.904 1.38079 0
1.932 1.38079 0
1.96 1.38079 0
1.988 1.38079 0
2.016 1.38079 0
2.044 1.38079 0
2.072 1.38079 0
2.1 1.38079 0
2.128 1.38079 0
2.156 1.38079 0
2.184 1.38079 0
2.212 1.38079 0
2.24 1.38079 0
2.268 1.38079 0
2.296 1.38079 0
2.324 1.38079 0
2.352 1.38079 0
2.38 1.38079 0
2.408 1.38079 0
2.436 1.38079 0
2.464 1.38079 0
2.492 1.38079 0
2.52 1.38079 0
2.548 1.38079 0
2.576 1.38079 0
2.604 1.38079 0
2.632 1.38079 0
2.66 1.38079 0
2.688 1.38079 0
2.716 1.38079 0
2.744 1.38079 0
2.772 1.38079 0
2.8 1.38079 0
2.828 1.38079 0
2.856 1.38079 0
2.884 1.38079 0
2.912 1.38079 0
2.94 1.38079 0
2.968 1.38079 0
2.996 1.38079 0
3.024 1.38079 0
3.052 1.38079 0
3.08 1.38079 0
3.108 1.38079 0
3.136 1.38079 0
3.164 1.38079 0
3.192 1.38079 0
3.22 1.38079 0
3.248 1.38079 0
3.276 1.38079 0
3.304 1.38079 0
3.332 1.38079 0
3.36 1.38079 0
3.388 1.38079 0
3.416 1.38079 0
3.444 1.38079 0
3.472 1.38079 0
3.5 1.38079 0
3.528 1.38079 0
3.556 1.38079 0
3.584 1.38079 0
3.612 1.38079 0
3.64 1.38079 0
3.668 1.38079 0
3.696 1.38079 0
3.724 1.38079 0
3.752 1.38079 0
3.78 1.38079 0
3.808 1.38079 0
3.836 1.38079 0
3.864 1.38079 0
3.892 1.38079 0
3.92 1.38079 0
3.948 1.38079 0
3.976 1.38079 0
4.004 1.38079 0
4.032 1.38079 0
4.06 1.38079 0
4.088 1.38079 0
4.116 1.38079 0
4.144 1.38079 0
4.172 1.38079 0
4.2 1.38079 0
4.228 1.38079 0
4.256 1.38079 0
4.284 1.38079 0
4.312 1.38079 0
4.34 1.38079 0
4.368 1.38079 0
4.396 1.38079 0
4.424 1.38079 0
4.452 1.38079 0
4.48 1.38079 0
4.508 1.38079 0
4.536 1.38079 0
4.564 1.38079 0
4.592 1.38079 0
4.62 1.38079 0
4.648 1.38079 0
4.676 1.38079 0
4.704 1.38079 0
4.732 1.38079 0
4.76 1.38079 0
4.788 1.38079 0
4.816 1.38079 0
4.844 1.38079 0
4.872 1.38079 0
4.9 1.38079 0
4.928 1.38079 0
4.956 1.38079 0
4.984 1.38079 0
5.012 1.38079 0
5.04 1.38079 0
5.068 1.38079 0
5.096 1.38079 0
5.124 1.38079 0
5.152 1.38079 0
5.18 1.38079 0
5.208 1.38079 0
5.236 1.38079 0
5.264 1.38079 0
5.292 1.38079 0
5.32 1.38079 0
5.348 1.38079 0
5.376 1.38079 0
5.404 1.38079 0
5.432 1.38079 0
5.46 1.38079 0
5.488 1.38079 0
5.516 1.38079 0
5.544 1.38079 0
5.572 1.38079 0
5.6 1.38079 0
5.628 1.38079 0
5.656 1.38079 0
5.684 1.38079 0
5.712 1.38079 0
5.74 1.38079 0
5.768 1.38079 0
5.796 1.38079 0
5.824 1.38079 0
5.852 1.38079 0
5.88 1.38079 0
5.908 1.38079 0
5.936 1.38079 0
5.964 1.38079 0
5.992 1.38079 0
6.02 1.38079 0
6.048 1.38079 0
6.076 1.38079 0
6.104 1.38079 0
6.132 1.38079 0
6.16 1.38079 0
6.188 1.38079 0
6.216 1.38079 0
6.244 1.38079 0
6.272 1.38079 0
6.3 1.38079 0
6.328 1.38079 0
6.356 1.38079 0
6.384 1.38079 0
6.412 1.38079 0
6.44 1.38079 0
6.468 1.38079 0
6.496 1.38079 0
6.524 1.38079 0
6.552 1.38079 0
6.58 1.38079 0
6.608 1.38079 0
6.636 1.38079 0
6.664 1.38079 0
6.692 1.38079 0
6.72 1.38079 0
6.748 1.38079 0
6.776 1.38079 0
6.804 1.38079 0
6.832 1.38079 0
6.86 1.38079 0
6.888 1.38079 0
6.916 1.38079 0
6.944 1.38079 0
6.972 1.38079 0
7 1.38079 0
7.028 1.38079 0
7.056 1.38079 0
7.084 1.38079 0
7.112 1.38079 0
7.14 1.38079 0
7.168 1.38079 0
7.196 1.38079 0
7.224 1.38079 0
7.252 1.38079 0
7.28 1.38079 0
7.308 1.38079 0
7.336 1.38079 0
7.364 1.38079 0
7.392 1.38079 0
7.42 1.38079 0
7.448 1.38079 0
7.476 1.38079 0
7.504 1.38079 0
7.532 1.38079 0
7.56 1.38079 0
7.588 1.38079 0
7.616 1.38079 0
7.644 1.38079 0
7.672 1.38079 0
7.7 1.38079 0
7.728 1.38079 0
7.756 1.38079 0
7.784 1.38079 0
7.812 1.38079 0
7.84 1.38079 0
7.868 1.38079 0
7.896 1.38079 0
7.924 1.38079 0
7.952 1.38079 0
7.98 1.38079 0
8.008 1.38079 0
8.036 1.38079 0
8.064 1.38079 0
8.092 1.38079 0
8.12 1.38079 0
8.148 1.38079 0
8.176 1.38079 0
8.204 1.38079 0
8.232 1.38079 0
8.26 1.38079 0
8.288 1.38079 0
8.316 1.38079 0
8.344 1.38079 0
8.372 1.38079 0
8.4 1.38079 0
8.428 1.38079 0
8.456 1.38079 0
8.484 1.38079 0
8.512 1.38079 0
8.54 1.38079 0
8.568 1.38079 0
8.596 1.38079 0
8.624 1.38079 0
8.652 1.38079 0
8.68 1.38079 0
8.708 1.38079 0
8.736 1.38079 0
8.764 1.38079 0
8.792 1.38079 0
8.82 1.38079 0
8.848 1.38079 0
8.876 1.38079 0
8.904 1.38079 0
8.932 1.38079 0
8.96 1.38079 0
8.988 1.38079 0
9.016 1.38079 0
9.044 1.38079 0
9.072 1.38079 0
9.1 1.38079 0
9.128 1.38079 0
9.156 1.38079 0
9.184 1.38079 0
9.212 1.38079 0
9.24 1.38079 0
9.268 1.38079 0
9.296 1.38079 0
9.324 1.38079 0
9.352 1.38079 0
9.38 1.38079 0
9.408 1.38079 0
9.436 1.38079 0
9.464 1.38079 0
9.492 1.38079 0
9.52 1.38079 0
9.548 1.38079 0
9.576 1.38079 0
9.604 1.38079 0
9.632 1.38079 0
9.66 1.38079 0
9.688 1.38079 0
9.716 1.38079 0
9.744 1.38079 0
9.772 1.38079 0
9.8 1.38079 0
9.828 1.38079 0
9.856 1.38079 0
9.884 1.38079 0
9.912 1.38079 0
9.94 1.38079 0
9.968 1.38079 0
9.996 1.38079 0
10.024 1.38079 0
10.052 1.38079 0
10.08 1.38079 0
10.108 1.38079 0
10.136 1.38079 0
10.164 1.38079 0
10.192 1.38079 0
10.22 1.38079 0
10.248 1.38079 0
10.276 1.38079 0
10.304 1.38079 0
10.332 1.38079 0
10.36 1.38079 0
10.388 1.38079 0
10.416 1.38079 0
10.444 1.38079 0
10.472 1.38079 0
10.5 1.38079 0
10.528 1.38079 0
10.556 1.38079 0
10.584 1.38079 0
10.612 1.38079 0
10.64 1.38079 0
10.668 1.38079 0
10.696 1.38079 0
10.724 1.38079 0
10.752 1.38079 0
10.78 1.38079 0
10.808 1.38079 0
10.836 1.38079 0
10.864 1.38079 0
10.892 1.38079 0
10.92 1.38079 0
10.948 1.38079 0
10.976 1.38079 0
11.004 1.38079 0
11.032 1.38079 0
11.06 1.38079 0
11.088 1.38079 0
11.116 1.38079 0
11.144 1.38079 0
11.172 1.38079 0
11.2 1.38079 0
11.228 1.38079 0
11.256 1.38079 0
11.284 1.38079 0
11.312 1.38079 0
11.34 1.38079 0
11.368 1.38079 0
11.396 1.38079 0
11.424 1.38079 0
11.452 1.38079 0
11.48 1.38079 0
11.508 1.38079 0
11.536 1.38079 0
11.564 1.38079 0
11.592 1.38079 0
11.62 1.38079 0
11.648 1.38079 0
11.676 1.38079 0
11.704 1.38079 0
11.732 1.38079 0
11.76 1.38079 0
11.788 1.38079 0
11.816 1.38079 0
11.844 1.38079 0
11.872 1.38079 0
11.9 1.38079 0
11.928 1.38079 0
11.956 1.38079 0
11.984 1.38079 0
