-1.32818559342511e-07 9961.87 0 0 0 0
0.0279998671814407 9961.87 1.76183e-31 3.28365e-28 3.32145e-31 2.14651e-28
0.0559998671814406 9961.86 1.03156e-22 2.1064e-27 3.22657e-30 1.29629e-27
0.0839998671814406 9961.85 2.44386e-20 3.78903e-25 8.03886e-30 3.16386e-27
0.111999867181441 9961.8 6.25328e-19 5.65204e-23 1.7183e-29 6.09267e-27
0.139999867181441 9961.7 6.53689e-18 2.27166e-21 3.46236e-29 1.0177e-18
0.167999867181441 9961.51 4.27169e-17 4.26434e-20 6.08956e-29 1.01768e-18
0.195999867181441 9961.16 2.09415e-16 4.89014e-19 1.06644e-28 1.13389e-17
0.223999867181441 9960.58 8.44497e-16 3.96869e-18 1.80353e-28 1.51956e-17
0.251999867181441 9959.64 2.97044e-15 2.4931e-17 3.46001e-28 1.9897e-17
0.279999867181441 9958.18 9.34361e-15 1.28568e-16 1.0741e-27 2.52807e-17
0.307999867181441 9955.98 2.69046e-14 5.66888e-16 5.32045e-27 2.8448e-17
0.335999867181441 9952.76 7.20326e-14 2.20096e-15 2.88278e-26 6.93683e-17
0.363999867181441 9948.11 1.80836e-13 7.69122e-15 1.45708e-25 2.10999e-16
0.391999867181441 9941.54 4.29703e-13 2.46013e-14 6.71889e-25 3.40637e-16
0.419999867181441 9932.38 9.70888e-13 7.29829e-14 2.82806e-24 3.80847e-16
0.447999867181441 9919.78 2.09986e-12 2.02949e-13 1.09933e-23 6.14027e-16
0.475999867181441 9902.7 4.36702e-12 5.33553e-13 3.98545e-23 6.26523e-16
0.503999867181441 9879.84 8.7616e-12 1.33552e-12 1.35638e-22 7.61905e-16
0.531999867181441 9849.69 1.70268e-11 3.21524e-12 3.47934e-17 2.42647e-15
0.559999867181441 9810.52 3.21123e-11 7.39957e-12 3.48019e-17 3.20153e-15
0.587999867181441 9760.49 5.88435e-11 1.64768e-11 3.48053e-17 3.88703e-15
0.615999867181441 9697.76 1.05146e-10 3.55814e-11 3.48182e-17 4.7914e-15
0.643999867181441 9620.69 1.83391e-10 7.47035e-11 3.48103e-17 4.84331e-15
0.671999867181441 9528.06 3.12792e-10 1.52737e-10 3.48708e-17 4.93277e-15
0.699999867181441 9419.32 5.2287e-10 3.04545e-10 3.49676e-17 4.98389e-15
0.727999867181441 9294.82 8.58001e-10 5.92551e-10 3.52292e-17 5.31088e-15
0.755999867181441 9155.93 1.38283e-09 1.12527e-09 3.58703e-17 5.46077e-15
0.783999867181441 9004.93 2.19256e-09 2.08485e-09 3.7273e-17 5.81176e-15
0.811999867181441 8844.72 3.42195e-09 3.76736e-09 9.58507e-17 1.04504e-14
0.83999986718144 8678.49 5.25741e-09 6.63357e-09 1.02141e-16 1.06886e-14
0.867999867181441 8509.44 7.95804e-09 1.13816e-08 1.15635e-16 1.09914e-14
0.895999867181441 8340.46 1.18706e-08 1.9039e-08 1.40247e-16 1.17893e-14
0.923999867181441 8174.02 1.74563e-08 3.10692e-08 4.65332e-16 1.48633e-14
0.951999867181441 8011.99 2.53145e-08 4.95122e-08 5.56039e-16 2.12993e-14
0.97999986718144 7855.7 3.62116e-08 7.71662e-08 1.33893e-15 5.47824e-14
1.00799986718144 7706.09 5.10951e-08 1.17773e-07 1.64791e-15 7.48259e-14
1.03599986718144 7563.85 7.1168e-08 1.76293e-07 2.13081e-15 1.02413e-13
1.06399986718144 7429.51 9.78866e-08 2.59178e-07 3.27274e-15 4.71831e-13
1.09199986718144 7303.46 1.33018e-07 3.74745e-07 4.59369e-15 5.26022e-13
1.11999986718144 7186.13 1.78713e-07 5.3356e-07 6.64662e-15 5.94678e-13
1.14799986718144 7077.94 2.37539e-07 7.48945e-07 9.8467e-15 6.81252e-13
1.17599986718144 6979.26 3.12445e-07 1.03744e-06 1.65985e-14 1.22721e-12
1.20399986718144 6890.53 4.07005e-07 1.41962e-06 2.38037e-14 1.35147e-12
1.23199986718144 6812.27 5.25371e-07 1.92062e-06 3.69191e-14 1.74529e-12
1.25999986718144 6744.97 6.72232e-07 2.5706e-06 5.28466e-14 1.92657e-12
1.28799986718144 6689.21 8.53187e-07 3.40638e-06 7.56004e-14 2.08583e-12
1.31599986718144 6645.56 1.07456e-06 4.47209e-06 1.08028e-13 2.29556e-12
1.34399986718144 6614.61 1.34349e-06 5.82022e-06 1.53701e-13 2.55031e-12
1.37199986718144 6596.98 1.66801e-06 7.51273e-06 2.17586e-13 2.76708e-12
1.39999986718144 6593.32 2.05727e-06 9.62259e-06 1.02424e-12 3.00711e-12
1.42799986718144 6604.2 2.52135e-06 1.22353e-05 1.14566e-12 3.41056e-12
1.45599986718144 6630.21 3.07162e-06 1.54501e-05 1.32735e-12 4.68623e-12
1.48399986718144 6672.02 3.72102e-06 1.93823e-05 1.5486e-12 5.01132e-12
1.51199986718144 6730.17 4.48334e-06 2.41651e-05 1.82904e-12 5.40861e-12
1.53999986718144 6805.16 5.37441e-06 2.99529e-05 2.20292e-12 5.69596e-12
1.56799986718144 6897.66 6.41119e-06 3.69218e-05 2.70832e-12 6.19716e-12
1.59599986718144 7008.21 7.61244e-06 4.52736e-05 3.351e-12 6.859e-12
1.62399986718144 7137.2 8.99903e-06 5.52381e-05 4.19117e-12 7.69217e-12
1.65199986718144 7285.24 1.05937e-05 6.70761e-05 5.27849e-12 8.73052e-12
1.67999986718144 7452.86 1.242e-05 8.10812e-05 6.64995e-12 9.92842e-12
1.70799986718144 7640.34 1.45044e-05 9.75865e-05 8.41659e-12 1.15754e-11
1.73599986718144 7848.23 1.68752e-05 0.000116967 1.06352e-11 1.29177e-11
1.76399986718144 8077.05 1.9562e-05 0.000139646 1.34272e-11 1.44845e-11
1.79199986718144 8327.09 2.25972e-05 0.000166098 1.69288e-11 1.63762e-11
1.81999986718144 8598.79 2.60164e-05 0.000196854 2.12743e-11 1.85255e-11
1.84799986718144 8892.69 2.98583e-05 0.000232513 2.66836e-11 2.13474e-11
1.87599986718144 9209.09 3.41643e-05 0.000273742 3.33564e-11 2.44983e-11
1.90399986718144 9548.43 3.89784e-05 0.000321286 4.15594e-11 2.89004e-11
1.93199986718144 9911.21 4.43459e-05 0.000375974 5.16305e-11 3.43529e-11
1.95999986718144 10297.8 5.03165e-05 0.000438738 6.39123e-11 4.17817e-11
1.98799986718144 10708.6 5.6945e-05 0.000510615 7.88873e-11 5.30189e-11
2.01599986718144 11144.3 6.42915e-05 0.000592761 9.7075e-11 6.90006e-11
2.04399986718144 11605.2 7.24195e-05 0.000686467 1.19111e-10 9.09771e-11
2.07199986718144 12091.9 8.13966e-05 0.00079317 1.45751e-10 1.20953e-10
2.09999986718144 12604.9 9.129e-05 0.000914443 1.77815e-10 1.60242e-10
2.12799986718144 13144.6 0.000102171 0.00105205 2.17614e-10 2.15428e-10
2.15599986718144 13711.6 0.00011412 0.00120794 2.6376e-10 2.79058e-10
2.18399986718144 14306.6 0.000127224 0.00138429 3.18947e-10 3.64243e-10
2.21199986718144 14929.8 0.000141578 0.00158355 3.84879e-10 4.69729e-10
2.23999986718144 15582 0.000157285 0.00180841 4.6342e-10 6.06011e-10
2.26799986718144 16264.1 0.000174453 0.00206188 5.56786e-10 7.78374e-10
2.29599986718144 16977.5 0.000193197 0.00234731 6.67574e-10 9.95459e-10
2.32399986718144 17724.4 0.000213638 0.00266839 7.98841e-10 1.26471e-09
2.35199986718144 18506.6 0.000235901 0.0030292 9.54152e-10 1.59857e-09
2.37999986718144 19325.1 0.000260123 0.00343427 1.1375e-09 2.01789e-09
2.40799986718144 20178.6 0.000286463 0.00388862 1.35391e-09 2.58798e-09
2.43599986718144 21064.1 0.000315084 0.00439784 1.60896e-09 3.25792e-09
2.46399986718144 21979.2 0.000346154 0.00496813 1.90875e-09 4.09015e-09
2.49199986718144 22923.8 0.000379848 0.00560636 2.26091e-09 5.11268e-09
2.51999986718144 23901.8 0.000416375 0.00632027 2.6738e-09 6.34449e-09
2.54799986718144 24920.2 0.000455955 0.00711836 3.15858e-09 7.85484e-09
2.57599986718144 25986.4 0.000498813 0.0080101 3.72612e-09 9.72303e-09
2.60399986718144 27106.3 0.000545196 0.00900598 4.39025e-09 1.20271e-08
2.63199986718144 28282.8 0.000595384 0.0101176 5.16746e-09 1.48567e-08
2.65999986718144 29516.2 0.000649672 0.0113578 6.07644e-09 1.83418e-08
2.68799986718144 30805.4 0.00070838 0.0127409 7.13867e-09 2.26322e-08
2.71599986718144 32147.5 0.000771836 0.0142829 8.37934e-09 2.79182e-08
2.74399986718144 33538.2 0.000840386 0.0160013 9.82658e-09 3.43872e-08
2.77199986718144 34973.7 0.00091443 0.0179155 1.15153e-08 4.23231e-08
2.79999986718144 36451.6 0.000994388 0.0200474 1.34827e-08 5.20281e-08
2.82799986718144 37971 0.00108072 0.0224213 1.57758e-08 6.38984e-08
2.85599986718144 39532.9 0.00117392 0.0250644 1.84461e-08 7.84296e-08
2.88399986718144 41140 0.00127455 0.0280072 2.15559e-08 9.62275e-08
2.91199986718144 42798 0.00138318 0.0312837 2.51773e-08 1.17987e-07
2.93999986718144 44515.2 0.00150041 0.0349318 2.93923e-08 1.44558e-07
2.96799986718144 46300.3 0.00162695 0.0389938 3.42995e-08 1.77024e-07
2.99599986718144 48162.5 0.00176349 0.0435171 4.00079e-08 2.16702e-07
3.02399986718144 50110.2 0.00191086 0.0485547 4.66502e-08 2.65151e-07
3.05199986718144 52151.7 0.00206993 0.0541657 5.43787e-08 3.24196e-07
3.07999986718144 54292.9 0.00224166 0.0604161 6.3371e-08 3.96172e-07
3.10799986718144 56537.4 0.00242707 0.0673797 7.38354e-08 4.8385e-07
3.13599986718144 58887.8 0.00262729 0.0751388 8.6006e-08 5.90571e-07
3.16399986718144 61345.6 0.00284353 0.0837851 1.0017e-07 7.2037e-07
3.19199986718144 63911.1 0.00307711 0.0934212 1.16649e-07 8.78152e-07
3.21999986718144 66584.2 0.0033295 0.104162 1.35826e-07 1.06982e-06
3.24799986718144 69364.9 0.00360232 0.116138 1.58147e-07 1.3027e-06
3.27599986718144 72253.7 0.00389723 0.129493 1.84132e-07 1.58563e-06
3.30399986718144 75251.2 0.00421614 0.144393 2.14384e-07 1.92913e-06
3.33199986718144 78357.8 0.00456102 0.16102 2.49599e-07 2.34622e-06
3.35999986718144 81574.8 0.00493405 0.179582 2.90603e-07 2.85261e-06
3.38799986718144 84903.4 0.00533764 0.200313 3.38359e-07 3.46749e-06
3.41599986718144 88345.1 0.00577438 0.223477 3.93995e-07 4.21409e-06
3.44399986718144 91901.7 0.00624718 0.249371 4.5883e-07 5.12124e-06
3.47199986718144 95575.4 0.00675924 0.278331 5.34434e-07 6.22424e-06
3.49999986718144 99369.1 0.00731398 0.310739 6.2263e-07 7.56524e-06
3.52799986718144 103287 0.00791515 0.347027 7.25567e-07 9.19716e-06
3.55599986718144 107333 0.00856689 0.387686 8.45756e-07 1.11838e-05
3.58399986718144 111514 0.00927378 0.433271 9.86241e-07 1.36041e-05
3.61199986718144 115837 0.0100408 0.484416 1.1505e-06 1.6555e-05
3.63999986718144 120313 0.0108733 0.541835 1.34266e-06 2.0155e-05
3.66799986718144 124952 0.0117771 0.606343 1.56755e-06 2.45507e-05
3.69599986718144 129768 0.0127584 0.67886 1.83077e-06 2.99219e-05
3.72399986718144 134774 0.013824 0.760433 2.13895e-06 3.64902e-05
3.75199986718144 139987 0.0149814 0.852252 2.49987e-06 4.45288e-05
3.77999986718144 145423 0.016239 0.95566 2.92273e-06 5.43715e-05
3.80799986718144 151102 0.0176054 1.07219 3.41828e-06 6.64324e-05
3.83599986718144 157039 0.0190903 1.20356 3.9992e-06 8.12166e-05
3.86399986718144 163252 0.0207046 1.35174 4.68063e-06 9.93504e-05
3.89199986718144 169760 0.0224597 1.51895 5.48031e-06 0.000121603
3.91999986718144 176577 0.0243682 1.7077 6.41895e-06 0.00014892
3.94799986718144 183721 0.0264441 1.92085 7.5213e-06 0.00018247
3.97599986718144 191209 0.0287024 2.16162 8.81652e-06 0.00022369
4.00399986718144 199053 0.0311589 2.43365 1.03382e-05 0.000274338
4.03199986718144 207263 0.0338315 2.74107 1.21263e-05 0.000336574
4.05999986718144 215851 0.03674 3.08854 1.42291e-05 0.000413064
4.08799986718144 224827 0.0399058 3.48135 1.67024e-05 0.000507088
4.11599986718144 234202 0.0433519 3.92549 1.96122e-05 0.000622646
4.14399986718144 243987 0.0471041 4.42773 2.30374e-05 0.000764703
4.17199986718144 254190 0.0511896 4.99573 2.70694e-05 0.000939327
4.19999986718144 264820 0.0556384 5.63815 3.18164e-05 0.00115397
4.22799986718144 275888 0.0604833 6.3648 3.74063e-05 0.00141775
4.25599986718144 287406 0.0657599 7.18681 4.39898e-05 0.00174191
4.28399986718144 299385 0.0715076 8.11679 5.17466e-05 0.00214022
4.31199986718144 311837 0.0777687 9.16904 6.08882e-05 0.0026296
4.33999986718144 324777 0.0845881 10.3598 7.1661e-05 0.00323078
4.36799986718144 338223 0.0920156 11.7073 8.43577e-05 0.00396917
4.39599986718144 352194 0.100105 13.2325 9.93216e-05 0.00487574
4.42399986718144 366716 0.108915 14.959 0.000116958 0.00598854
4.45199986718144 381810 0.11851 16.9133 0.000137746 0.00735403
4.47999986718144 397502 0.128957 19.1258 0.000162246 0.009029
4.50799986718144 413820 0.140334 21.6309 0.000191123 0.0110827
4.53599986718144 430793 0.152723 24.4674 0.00022516 0.0135999
4.56399986718144 448447 0.166214 27.6793 0.000265287 0.016684
4.59199986718144 466812 0.180906 31.3166 0.000312593 0.0204606
4.61999986718144 485917 0.196905 35.4356 0.00036836 0.0250833
4.64799986718144 505795 0.214327 40.1001 0.000434098 0.0307388
4.67599986718144 526482 0.233302 45.3824 0.000511612 0.0376557
4.70399986718144 548013 0.253966 51.364 0.000602994 0.046111
4.73199986718144 570428 0.276469 58.1371 0.000710704 0.056442
4.75999986718144 593769 0.300976 65.8057 0.000837686 0.0690591
4.78799986718144 618080 0.327669 74.4876 0.000987393 0.0844628
4.81599986718144 643410 0.356742 84.3155 0.00116387 0.103263
4.84399986718144 669808 0.388401 95.4395 0.00137185 0.126203
4.87199986718144 697325 0.422879 108.03 0.00161699 0.154199
4.89999986718144 726013 0.460426 122.278 0.00190589 0.188363
4.92799986718144 755922 0.501315 138.401 0.00224631 0.230067
4.95599986718144 787100 0.545838 156.642 0.00264732 0.280993
4.98399986718144 819590 0.594307 177.278 0.00311943 0.343202
5.01199986718144 853436 0.647063 200.616 0.00367499 0.419213
5.03999986718144 888680 0.704486 227.004 0.00432862 0.512138
5.06799986718144 925365 0.766968 256.833 0.00509726 0.625803
5.09599986718144 963544 0.834949 290.546 0.00600103 0.764933
5.12399986718144 1.00328e+06 0.908908 328.642 0.00706333 0.935367
5.15199986718144 1.04464e+06 0.989355 371.684 0.00831117 1.14431
5.17999986718144 1.08772e+06 1.07687 420.302 0.00977715 1.40063
5.20799986718144 1.13263e+06 1.17207 475.204 0.0114989 1.71529
5.23599986718144 1.17948e+06 1.27561 537.185 0.0135207 2.10174
5.26399986718144 1.22839e+06 1.38817 607.129 0.0158931 2.57655
5.29199986718144 1.27951e+06 1.51049 686.031 0.0186742 3.16007
5.31999986718144 1.33297e+06 1.64336 775.015 0.0219331 3.87752
5.34799986718144 1.3889e+06 1.78766 875.334 0.0257479 4.75967
5.37599986718144 1.44743e+06 1.94428 988.379 0.0302083 5.84389
5.40399986718144 1.50867e+06 2.11425 1115.7 0.0354217 7.17581
5.43199986718144 1.57273e+06 2.29863 1259.03 0.0415117 8.81086
5.45999986718144 1.63971e+06 2.49856 1420.31 0.0486211 10.8163
5.48799986718144 1.7097e+06 2.71527 1601.66 0.0569125 13.2727
5.51599986718144 1.78275e+06 2.95013 1805.49 0.0665762 16.2777
5.54399986718144 1.85892e+06 3.20452 2034.44 0.0778275 19.948
5.57199986718144 1.93829e+06 3.47995 2291.43 0.0909151 24.4225
5.59999986718144 2.02092e+06 3.77802 2579.73 0.106122 29.8662
5.62799986718144 2.10691e+06 4.10049 2902.96 0.123776 36.4748
5.65599986718144 2.19641e+06 4.44922 3265.08 0.144253 44.4734
5.68399986718144 2.28954e+06 4.82609 3670.43 0.16798 54.1278
5.71199986718144 2.38644e+06 5.23303 4123.79 0.195425 65.7478
5.73999986718144 2.48718e+06 5.67222 4630.49 0.227129 79.6944
5.76799986718144 2.59191e+06 6.14587 5196.45 0.2637 96.3855
5.79599986718144 2.70079e+06 6.65626 5828.22 0.305841 116.303
5.82399986718144 2.81407e+06 7.20567 6532.7 0.354313 139.991
5.85199986718144 2.932e+06 7.79671 7317.52 0.410003 168.073
5.87999986718144 3.05483e+06 8.43209 8191.03 0.473888 201.244
5.90799986718144 3.18274e+06 9.11468 9162.42 0.547095 240.316
5.93599986718144 3.31586e+06 9.84728 10241.5 0.630849 286.167
5.96399986718144 3.45425e+06 10.6325 11439.1 0.726476 339.776
5.99199986718144 3.59796e+06 11.4735 12766.7 0.835531 402.229
6.01999986718144 3.74699e+06 12.3735 14236.3 0.959663 474.727
6.04799986718144 3.90136e+06 13.3355 15861.2 1.10065 558.644
6.07599986718144 4.0611e+06 14.3627 17654.9 1.2605 655.515
6.10399986718144 4.22629e+06 15.4579 19631.4 1.44136 766.987
6.13199986718144 4.39699e+06 16.624 21805 1.64544 894.74
6.15999986718144 4.57321e+06 17.8644 24190.2 1.87508 1040.55
6.18799986718144 4.75495e+06 19.1825 26802 2.13303 1206.28
6.21599986718144 4.94214e+06 20.5814 29655.5 2.42204 1393.96
6.24399986718144 5.13472e+06 22.0644 32766.5 2.74515 1605.85
6.27199986718144 5.33263e+06 23.6347 36151.1 3.10551 1844.36
6.29999986718144 5.53573e+06 25.2956 39824.5 3.50613 2112.01
6.32799986718144 5.74397e+06 27.0502 43802.1 3.95054 2411.37
6.35599986718144 5.95731e+06 28.9014 48099 4.44211 2745.32
6.38399986718144 6.17579e+06 30.8518 52729.8 4.98413 3116.9
6.41199986718144 6.39945e+06 32.9043 57707.7 5.58019 3529.22
6.43999986718144 6.6284e+06 35.0613 63044.7 6.23352 3985.6
6.46799986718144 6.86271e+06 37.3255 68751.2 6.94705 4489.08
6.49599986718144 7.10249e+06 39.6994 74836.7 7.72361 5042.97
6.52399986718144 7.34781e+06 42.1862 81308.8 8.56602 5650.47
6.55199986718144 7.5987e+06 44.787 88172.1 9.47668 6314.46
6.57999986718144 7.85513e+06 47.5033 95428.7 10.4571 7037.86
6.60799986718144 8.11706e+06 50.3363 103076 11.5075 7822.84
6.63599986718144 8.38445e+06 53.2873 111111 12.6277 8670.87
6.66399986718144 8.65719e+06 56.3568 119525 13.8162 9582.22
6.69199986718144 8.9352e+06 59.5456 128305 15.0711 10555.8
6.71999986718144 9.21837e+06 62.852 137434 16.388 11588.1
6.74799986718144 9.5066e+06 66.2738 146888 17.7605 12674.5
6.77599986718144 9.79979e+06 69.8087 156641 19.1809 13807.5
6.80399986718144 1.00978e+07 73.4539 166659 20.6403 14977.4
6.83199986718144 1.04006e+07 77.207 176906 22.1296 16172
6.85999986718144 1.0708e+07 81.0643 187342 23.6385 17377
6.88799986718144 1.10199e+07 85.0223 197920 25.156 18575.1
6.91599986718144 1.1336e+07 89.0748 208586 26.669 19747
6.94399986718144 1.16561e+07 93.2151 219285 28.1636 20872.3
6.97199986718144 1.19799e+07 97.4364 229955 29.6254 21929.2
6.99999986718144 1.23072e+07 101.73 240531 31.039 22895.2
7.02799986718144 1.26376e+07 106.087 250947 32.3894 23748.9
7.05599986718144 1.29709e+07 110.498 261132 33.6623 24470.5
7.08399986718144 1.33066e+07 114.953 271015 34.845 25043.7
7.11199986718144 1.36445e+07 119.44 280527 35.9254 25455.6
7.13999986718144 1.39842e+07 123.947 289593 36.8927 25697.7
7.16799986718144 1.43253e+07 128.461 298144 37.7378 25767.8
7.19599986718144 1.46676e+07 132.967 306112 38.4536 25669.5
7.22399986718144 1.50107e+07 137.452 313433 39.034 25412.6
7.25199986718144 1.53543e+07 141.901 320048 39.4766 25013.3
7.27999986718144 1.5698e+07 146.299 325901 39.7798 24494.1
7.30799986718144 1.60415e+07 150.629 330945 39.9433 23882.3
7.33599986718144 1.63843e+07 154.877 335142 39.9689 23209.8
7.36399986718144 1.67263e+07 159.025 338461 39.8601 22511.6
7.39199986718144 1.70669e+07 163.058 340881 39.6234 21824.2
7.41999986718144 1.74058e+07 166.96 342395 39.2661 21184.6
7.44799986718144 1.77427e+07 170.715 343003 38.796 20628.2
7.47599986718144 1.80771e+07 174.308 342721 38.2234 20187.6
7.50399986718144 1.84086e+07 177.724 341574 37.559 19891.3
7.53199986718144 1.87369e+07 180.95 339602 36.8143 19762.4
7.55999986718144 1.90615e+07 183.972 336857 36.003 19817.4
7.58799986718144 1.93821e+07 186.778 333404 35.1391 20066.2
7.61599986718144 1.96982e+07 189.357 329316 34.2392 20510.8
7.64399986718144 2.00095e+07 191.7 324681 33.3219 21146.1
7.67199986718144 2.03156e+07 193.797 319592 32.4061 21959.6
7.69999986718144 2.06162e+07 195.641 314153 31.5118 22931.8
7.72799986718144 2.09108e+07 197.225 308470 30.6593 24037.8
7.75599986718144 2.11991e+07 198.545 302658 29.8687 25247.7
7.78399986718144 2.14808e+07 199.596 296829 29.1587 26527.7
7.81199986718144 2.17556e+07 200.376 291099 28.547 27842.2
7.83999986718144 2.2023e+07 200.887 285580 28.0489 29154.2
7.86799986718144 2.22827e+07 201.128 280379 27.6757 30427.8
7.89599986718144 2.25346e+07 201.103 275599 27.4367 31629.5
7.92399986718144 2.27783e+07 200.817 271333 27.3369 32729.3
7.95199986718144 2.30137e+07 200.273 267665 27.3755 33702.3
7.97999986718144 2.32404e+07 199.479 264667 27.5473 34529.5
8.00799986718144 2.34582e+07 198.442 262400 27.8424 35198.5
8.03599986718144 2.36671e+07 197.171 260912 28.2464 35704.1
8.06399986718144 2.38667e+07 195.674 260237 28.7408 36048.5
8.09199986718144 2.4057e+07 193.962 260397 29.3041 36240.5
8.11999986718144 2.42378e+07 192.045 261400 29.9122 36295.5
8.14799986718144 2.44089e+07 189.934 263240 30.5401 36234.4
8.17599986718144 2.45703e+07 187.643 265902 31.1639 36082.3
8.20399986718144 2.47219e+07 185.184 269358 31.7588 35867.4
8.23199986718144 2.48637e+07 182.569 273573 32.3028 35619.4
8.25999986718144 2.49955e+07 179.812 278502 32.7771 35367.7
8.28799986718144 2.51174e+07 176.927 284095 33.1663 35140.5
8.31599986718144 2.52293e+07 173.927 290297 33.4587 34962.6
8.34399986718144 2.53313e+07 170.828 297047 33.6463 34854.7
8.37199986718144 2.54235e+07 167.642 304286 33.7257 34832.5
8.39999986718144 2.55057e+07 164.385 311951 33.6964 34905.6
8.42799986718144 2.55782e+07 161.069 319981 33.5617 35078.1
8.45599986718144 2.56409e+07 157.708 328315 33.3276 35347.9
8.48399986718144 2.5694e+07 154.317 336896 33.0029 35707.9
8.51199986718144 2.57375e+07 150.909 345668 32.5973 36145.9
8.53999986718144 2.57716e+07 147.499 354579 32.1215 36646.6
8.56799986718144 2.57963e+07 144.099 363584 31.5874 37192
8.59599986718144 2.58118e+07 140.723 372637 31.0062 37762.7
8.62399986718144 2.58184e+07 137.386 381700 30.39 38339.4
8.65199986718144 2.5816e+07 134.099 390738 29.7487 38903.6
8.67999986718144 2.5805e+07 130.873 399720 29.0915 39438.5
8.70799986718144 2.57856e+07 127.72 408620 28.4267 39929.8
8.73599986718144 2.57579e+07 124.654 417415 27.762 40366
8.76399986718144 2.57222e+07 121.684 426087 27.1042 40738.8
8.79199986718144 2.56787e+07 118.82 434620 26.4592 41043.3
8.81999986718144 2.56277e+07 116.071 443003 25.8321 41277.8
8.84799986718144 2.55693e+07 113.45 451229 25.227 41443.9
8.87599986718144 2.55039e+07 110.963 459292 24.6458 41546.6
8.90399986718144 2.54316e+07 108.619 467191 24.0904 41593.9
8.93199986718144 2.53527e+07 106.425 474927 23.5604 41596.8
8.95999986718144 2.52674e+07 104.386 482505 23.0571 41569
8.98799986718144 2.51759e+07 102.509 489931 22.5801 41526.4
9.01599986718144 2.50785e+07 100.799 497215 22.1289 41486.9
9.04399986718144 2.49754e+07 99.2604 504368 21.7029 41469.6
9.07199986718144 2.48669e+07 97.8975 511405 21.3001 41494.4
9.09999986718144 2.47533e+07 96.714 518340 20.9189 41581.2
9.12799986718144 2.46348e+07 95.7145 525189 20.5581 41749.6
9.15599986718144 2.45116e+07 94.9022 531971 20.2175 42018.1
9.18399986718144 2.43841e+07 94.2784 538702 19.8959 42403.8
9.21199986718144 2.42525e+07 93.8431 545402 19.5907 42921.7
9.23999986718144 2.41171e+07 93.5994 552088 19.3019 43584.4
9.26799986718144 2.3978e+07 93.5488 558781 19.0288 44401.6
9.29599986718144 2.38354e+07 93.6919 565496 18.7707 45380.3
9.32399986718144 2.36896e+07 94.0321 572251 18.5294 46524.5
9.35199986718144 2.35407e+07 94.568 579060 18.3048 47835.1
9.37999986718144 2.3389e+07 95.3009 585934 18.1001 49310.3
9.40799986718144 2.32346e+07 96.2316 592886 17.9185 50944.7
9.43599986718144 2.30778e+07 97.3606 599922 17.7643 52730.6
9.46399986718144 2.29189e+07 98.6888 607048 17.643 54657.8
9.49199986718144 2.2758e+07 100.216 614267 17.5615 56714
9.51999986718144 2.25955e+07 101.942 621578 17.5266 58884.9
9.54799986718144 2.24314e+07 103.866 628977 17.5472 61154.4
9.57599986718144 2.22661e+07 105.988 636458 17.6322 63505.5
9.60399986718144 2.20997e+07 108.309 644011 17.7903 65919.9
9.63199986718144 2.19324e+07 110.826 651621 18.0306 68379.1
9.65999986718144 2.17646e+07 113.539 659271 18.3614 70864.9
9.68799986718144 2.15964e+07 116.447 666945 18.7914 73358.9
9.71599986718144 2.14281e+07 119.549 674621 19.3268 75843.9
9.74399986718144 2.12598e+07 122.842 682275 19.9742 78303
9.77199986718144 2.10917e+07 126.325 689881 20.7383 80720.4
9.79999986718144 2.09238e+07 129.994 697413 21.6233 83082.1
9.82799986718144 2.07562e+07 133.845 704845 22.6309 85374.9
9.85599986718144 2.05888e+07 137.876 712150 23.7614 87586.5
9.88399986718144 2.04215e+07 142.083 719297 25.0151 89705.4
9.91199986718144 2.02545e+07 146.463 726259 26.3911 91721.1
9.93999986718144 2.00876e+07 151.013 733004 27.8858 93624.2
9.96799986718144 1.99211e+07 155.728 739506 29.4943 95405.9
9.99599986718144 1.97548e+07 160.605 745741 31.2117 97058.2
10.0239998671814 1.95891e+07 165.638 751683 33.0299 98573.8
10.0519998671814 1.9424e+07 170.825 757311 34.9405 99946.9
10.0799998671814 1.92596e+07 176.16 762604 36.9339 101174
10.1079998671814 1.90959e+07 181.637 767543 39.0004 102251
10.1359998671814 1.8933e+07 187.252 772112 41.129 103179
10.1639998671814 1.8771e+07 193.001 776297 43.3099 103958
10.1919998671814 1.86098e+07 198.877 780085 45.5312 104592
10.2199998671814 1.84494e+07 204.875 783460 47.7807 105085
10.2479998671814 1.829e+07 210.99 786415 50.0456 105443
10.2759998671814 1.81315e+07 217.215 788941 52.311 105674
10.3039998671814 1.79739e+07 223.543 791031 54.5642 105787
10.3319998671814 1.78173e+07 229.97 792682 56.7938 105793
10.3599998671814 1.76617e+07 236.489 793892 58.9885 105705
10.3879998671814 1.75071e+07 243.094 794661 61.1373 105536
10.4159998671814 1.73535e+07 249.776 794993 63.2303 105301
10.4439998671814 1.72011e+07 256.529 794888 65.2577 105014
10.4719998671814 1.70498e+07 263.346 794349 67.2101 104691
10.4999998671814 1.68996e+07 270.22 793387 69.0812 104347
10.5279998671814 1.67504e+07 277.147 792010 70.8627 104000
10.5559998671814 1.66021e+07 284.12 790232 72.5485 103664
10.5839998671814 1.64548e+07 291.134 788066 74.1327 103355
10.6119998671814 1.63085e+07 298.183 785523 75.6103 103089
10.6399998671814 1.61633e+07 305.259 782621 76.9777 102877
10.6679998671814 1.60192e+07 312.353 779378 78.23 102732
10.6959998671814 1.58762e+07 319.458 775816 79.3626 102664
10.7239998671814 1.57344e+07 326.568 771958 80.3735 102683
10.7519998671814 1.5594e+07 333.674 767826 81.2598 102793
10.7799998671814 1.5455e+07 340.769 763446 82.0191 103000
10.8079998671814 1.53175e+07 347.847 758842 82.649 103306
10.8359998671814 1.51815e+07 354.898 754041 83.1492 103711
10.8639998671814 1.50472e+07 361.917 749073 83.5206 104214
10.8919998671814 1.49145e+07 368.897 743967 83.7648 104812
10.9199998671814 1.47836e+07 375.828 738751 83.8854 105499
10.9479998671814 1.46543e+07 382.704 733453 83.8879 106270
10.9759998671814 1.45267e+07 389.519 728106 83.7781 107116
11.0039998671814 1.44007e+07 396.267 722739 83.5625 108027
11.0319998671814 1.42764e+07 402.939 717381 83.2486 108994
11.0599998671814 1.41538e+07 409.526 712062 82.8461 110003
11.0879998671814 1.40328e+07 416.024 706813 82.3664 111044
11.1159998671814 1.39136e+07 422.425 701661 81.8187 112101
11.1439998671814 1.37961e+07 428.725 696637 81.2138 113163
11.1719998671814 1.36803e+07 434.914 691765 80.563 114214
11.1999998671814 1.35664e+07 440.986 687075 79.8799 115243
11.2279998671814 1.34542e+07 446.937 682591 79.1761 116238
11.2559998671814 1.33439e+07 452.761 678339 78.4639 117186
11.2839998671814 1.32355e+07 458.457 674342 77.7521 118079
11.3119998671814 1.31289e+07 464.017 670622 77.0503 118908
11.3399998671814 1.30243e+07 469.436 667199 76.3697 119667
11.3679998671814 1.29217e+07 474.712 664091 75.7169 120352
11.3959998671814 1.28211e+07 479.842 661313 75.096 120959
11.4239998671814 1.27225e+07 484.824 658879 74.5127 121489
11.4519998671814 1.26261e+07 489.655 656800 73.9698 121942
11.4799998671814 1.25318e+07 494.333 655082 73.4693 122321
11.5079998671814 1.24398e+07 498.858 653730 73.0119 122630
11.5359998671814 1.23501e+07 503.229 652746 72.5991 122876
11.5639998671814 1.22627e+07 507.445 652126 72.2292 123063
11.5919998671814 1.21777e+07 511.506 651864 71.8993 123201
11.6199998671814 1.20951e+07 515.412 651949 71.6072 123296
11.6479998671814 1.2015e+07 519.162 652369 71.3512 123358
11.6759998671814 1.19375e+07 522.756 653105 71.1288 123396
11.7039998671814 1.18626e+07 526.198 654135 70.9365 123417
11.7319998671814 1.17903e+07 529.488 655432 70.773 123430
11.7599998671814 1.17208e+07 532.629 656968 70.6366 123442
11.7879998671814 1.16539e+07 535.621 658708 70.524 123461
11.8159998671814 1.15899e+07 538.467 660616 70.4316 123493
11.8439998671814 1.15287e+07 541.17 662654 70.3573 123541
11.8719998671814 1.14704e+07 543.732 664781 70.2984 123609
11.8999998671814 1.14149e+07 546.155 666952 70.2519 123700
11.9279998671814 1.13622e+07 548.443 669125 70.2146 123814
11.9559998671814 1.13124e+07 550.599 671253 70.184 123952
11.9839998671814 1.12656e+07 552.627 673292 70.1566 124110
