0 2.564270612e-09 3.56877 0.280223 -0.00710583 2.589009582e-09 3.52149 0.283974 -0.00350882 0
0.028 2.564270651e-09 3.56939 0.280223 -0.0149521 2.589010029e-09 3.52018 0.284796 0.0503219 0
0.056 2.564270689e-09 3.57045 0.280223 -0.0227983 2.589010483e-09 3.51585 0.287506 0.104054 0
0.084 2.564270728e-09 3.57194 0.280223 -0.0306445 2.589010941e-09 3.50853 0.292098 0.157581 0
0.112 2.564270767e-09 3.57388 0.280223 -0.0384908 2.589011405e-09 3.49821 0.298563 0.210798 0
0.14 2.564270806e-09 3.57625 0.280223 -0.046337 2.589011873e-09 3.48492 0.306889 0.263602 0
0.168 2.564270845e-09 3.57907 0.280223 -0.0541832 2.589012345e-09 3.46869 0.31706 0.315887 0
0.196 2.564270884e-09 3.58232 0.280223 -0.0620295 2.58901282e-09 3.44955 0.329055 0.367552 0
0.224 2.564270923e-09 3.58602 0.280223 -0.0698757 2.589013298e-09 3.42754 0.342852 0.418494 0
0.252 2.564270962e-09 3.59015 0.280223 -0.0777219 2.589013778e-09 3.4027 0.358421 0.468614 0
0.28 2.564271001e-09 3.59472 0.280223 -0.0855682 2.58901426e-09 3.37507 0.375734 0.517813 0
0.308 2.564271039e-09 3.59973 0.280223 -0.0934144 2.589014744e-09 3.34472 0.394756 0.565994 0
0.336 2.564271078e-09 3.60518 0.280223 -0.101261 2.589015228e-09 3.3117 0.41545 0.613063 0
0.364 2.564271116e-09 3.61107 0.280223 -0.109107 2.589015712e-09 3.27608 0.437775 0.658928 0
0.392 2.564271154e-09 3.6174 0.280223 -0.116953 2.589016195e-09 3.23792 0.461688 0.703497 0
0.42 2.564271192e-09 3.62417 0.280223 -0.124799 2.589016678e-09 3.19731 0.48714 0.746684 0
0.448 2.564271229e-09 3.63138 0.280223 -0.132646 2.589017159e-09 3.15432 0.514083 0.788404 0
0.476 2.564271266e-09 3.63903 0.280223 -0.140492 2.589017637e-09 3.10904 0.542462 0.828574 0
0.504 2.564271302e-09 3.64712 0.280223 -0.148338 2.589018112e-09 3.06155 0.572224 0.867117 0
0.532 2.564271337e-09 3.65564 0.280223 -0.156184 2.589018583e-09 3.01195 0.603308 0.903955 0
0.56 2.564271371e-09 3.66461 0.280223 -0.16403 2.58901905e-09 2.96034 0.635655 0.939017 0
0.588 2.564271404e-09 3.67401 0.280223 -0.171877 2.589019512e-09 2.90681 0.669199 0.972233 0
0.616 2.564271435e-09 3.68386 0.280223 -0.179723 2.589019968e-09 2.85148 0.703876 1.00354 0
0.644 2.564271464e-09 3.69414 0.280223 -0.187569 2.589020417e-09 2.79445 0.739618 1.03287 0
0.672 2.564271491e-09 3.70487 0.280223 -0.195415 2.589020859e-09 2.73584 0.776353 1.06018 0
0.7 2.564271517e-09 3.71603 0.280223 -0.203262 2.589021293e-09 2.67575 0.814011 1.0854 0
0.728 2.564271541e-09 3.72763 0.280223 -0.211108 2.58902172e-09 2.61431 0.852516 1.10849 0
0.756 2.564271564e-09 3.73967 0.280223 -0.218954 2.589022138e-09 2.55164 0.891793 1.1294 0
0.784 2.564271585e-09 3.75215 0.280223 -0.2268 2.589022549e-09 2.48786 0.931766 1.14809 0
0.812 2.564271606e-09 3.76507 0.280223 -0.234647 2.589022951e-09 2.4231 0.972355 1.16452 0
0.84 2.564271626e-09 3.77843 0.280223 -0.242493 2.589023344e-09 2.35748 1.01348 1.17867 0
0.868 2.564271646e-09 3.79223 0.280223 -0.250339 2.589023729e-09 2.29113 1.05506 1.1905 0
0.896 2.564271666e-09 3.80647 0.280223 -0.258185 2.589024106e-09 2.22418 1.09702 1.19999 0
0.924 2.564271686e-09 3.82115 0.280223 -0.266032 2.589024474e-09 2.15677 1.13927 1.20712 0
0.952 2.564271706e-09 3.83627 0.280223 -0.273878 2.589024833e-09 2.08903 1.18172 1.21188 0
0.98 2.564271728e-09 3.85182 0.280223 -0.281724 2.589025183e-09 2.02109 1.2243 1.21426 0
1.008 2.564271749e-09 3.86782 0.280223 -0.28957 2.589025524e-09 1.95308 1.26693 1.21425 0
1.036 2.564271772e-09 3.88426 0.280223 -0.297416 2.589025856e-09 1.88513 1.30951 1.21186 0
1.064 2.564271796e-09 3.90113 0.280223 -0.305263 2.589026178e-09 1.81739 1.35196 1.20708 0
1.092 2.56427182e-09 3.91845 0.280223 -0.313109 2.58902649e-09 1.74998 1.39421 1.19993 0
1.12 2.564271846e-09 3.9362 0.280223 -0.320955 2.589026792e-09 1.68304 1.43616 1.19043 0
1.148 2.564271873e-09 3.95439 0.280223 -0.328801 2.589027085e-09 1.6167 1.47774 1.17859 0
1.176 2.5642719e-09 3.97302 0.280223 -0.336648 2.589027366e-09 1.55108 1.51886 1.16443 0
1.204 2.564271929e-09 3.9921 0.280223 -0.344494 2.589027638e-09 1.48633 1.55945 1.14798 0
1.232 2.56427196e-09 4.01161 0.280223 -0.35234 2.589027898e-09 1.42255 1.59942 1.12927 0
1.26 2.564271991e-09 4.03156 0.280223 -0.360186 2.589028149e-09 1.35989 1.63869 1.10835 0
1.288 2.564272024e-09 4.05195 0.280223 -0.368033 2.589028389e-09 1.29846 1.67719 1.08525 0
1.316 2.564272058e-09 4.07278 0.280223 -0.375879 2.589028618e-09 1.23838 1.71484 1.06001 0
1.344 2.564272094e-09 4.09405 0.280223 -0.383725 2.589028836e-09 1.17978 1.75157 1.0327 0
1.372 2.564272131e-09 4.11576 0.280223 -0.391571 2.589029044e-09 1.12276 1.78731 1.00335 0
1.4 2.56427217e-09 4.1379 0.280223 -0.399418 2.589029242e-09 1.06744 1.82198 0.972031 0
1.428 2.564272211e-09 4.16049 0.280223 -0.407264 2.589029429e-09 1.01392 1.85551 0.938803 0
1.456 2.564272253e-09 4.18352 0.280223 -0.41511 2.589029606e-09 0.962325 1.88785 0.90373 0
1.484 2.564272297e-09 4.20698 0.280223 -0.422956 2.589029773e-09 0.91274 1.91893 0.866881 0
1.512 2.564272343e-09 4.23089 0.280223 -0.430802 2.58902993e-09 0.865266 1.94868 0.828329 0
1.54 2.564272392e-09 4.25523 0.280223 -0.438649 2.589030077e-09 0.819998 1.97705 0.788149 0
1.568 2.564272442e-09 4.28002 0.280223 -0.446495 2.589030214e-09 0.777023 2.00399 0.74642 0
1.596 2.564272494e-09 4.30524 0.280223 -0.454341 2.589030342e-09 0.736426 2.02943 0.703224 0
1.624 2.564272549e-09 4.3309 0.280223 -0.462187 2.58903046e-09 0.698287 2.05333 0.658646 0
1.652 2.564272605e-09 4.357 0.280223 -0.470034 2.58903057e-09 0.662682 2.07565 0.612774 0
1.68 2.564272664e-09 4.38355 0.280223 -0.47788 2.58903067e-09 0.629679 2.09633 0.565698 0
1.708 2.564272726e-09 4.41053 0.280223 -0.485726 2.589030763e-09 0.599344 2.11534 0.517511 0
1.736 2.564272789e-09 4.43795 0.280223 -0.493572 2.589030847e-09 0.571737 2.13264 0.468306 0
1.764 2.564272856e-09 4.46581 0.280223 -0.501419 2.589030923e-09 0.546911 2.1482 0.418181 0
1.792 2.564272924e-09 4.4941 0.280223 -0.509265 2.589030991e-09 0.524916 2.16199 0.367234 0
1.82 2.564272995e-09 4.52284 0.280223 -0.517111 2.589031052e-09 0.505794 2.17397 0.315566 0
1.848 2.564273069e-09 4.55202 0.280223 -0.524957 2.589031107e-09 0.489584 2.18413 0.263278 0
1.876 2.564273146e-09 4.58164 0.280223 -0.532804 2.589031154e-09 0.476317 2.19245 0.210472 0
1.904 2.564273225e-09 4.61169 0.280223 -0.54065 2.589031196e-09 0.466019 2.1989 0.157253 0
1.932 2.564273307e-09 4.64219 0.280223 -0.548496 2.589031232e-09 0.45871 2.20348 0.103724 0
1.96 2.564273391e-09 4.67313 0.280223 -0.556342 2.589031263e-09 0.454405 2.20618 0.0499919 0
1.988 2.564273478e-09 4.7045 0.280223 -0.564188 2.589031289e-09 0.453113 2.20699 -0.00383857 0
2.016 2.564273569e-09 4.73631 0.280223 -0.572035 2.589031311e-09 0.454835 2.20591 -0.0576615 0
2.044 2.564273662e-09 4.76857 0.280223 -0.579881 2.589031329e-09 0.459569 2.20294 -0.111371 0
2.072 2.564273758e-09 4.80126 0.280223 -0.587727 2.589031344e-09 0.467305 2.19809 -0.164862 0
2.1 2.564273858e-09 4.83439 0.280223 -0.595573 2.589031356e-09 0.478027 2.19137 -0.218029 0
2.128 2.56427396e-09 4.86797 0.280223 -0.60342 2.589031366e-09 0.491716 2.18279 -0.270767 0
2.156 2.564274066e-09 4.90198 0.280223 -0.611266 2.589031375e-09 0.508343 2.17237 -0.322973 0
2.184 2.564274175e-09 4.93643 0.280223 -0.619112 2.589031382e-09 0.527877 2.16013 -0.374545 0
2.212 2.564274288e-09 4.97132 0.280223 -0.626958 2.589031389e-09 0.550279 2.14609 -0.42538 0
2.24 2.564274403e-09 5.00665 0.280223 -0.634805 2.589031396e-09 0.575504 2.13028 -0.47538 0
2.268 2.564274523e-09 5.04241 0.280223 -0.642651 2.589031404e-09 0.603504 2.11273 -0.524445 0
2.296 2.564274646e-09 5.07862 0.280223 -0.650497 2.589031413e-09 0.634223 2.09348 -0.57248 0
2.324 2.564274774e-09 5.11527 0.280223 -0.658343 2.589031426e-09 0.6676 2.07256 -0.61939 0
2.352 2.564274905e-09 5.15236 0.280223 -0.66619 2.589031441e-09 0.703572 2.05002 -0.665083 0
2.38 2.56427504e-09 5.18988 0.280223 -0.674036 2.58903146e-09 0.742065 2.02589 -0.709469 0
2.408 2.564275179e-09 5.22785 0.280223 -0.681882 2.589031483e-09 0.783006 2.00024 -0.75246 0
2.436 2.564275322e-09 5.26625 0.280223 -0.689728 2.58903151e-09 0.826313 1.97309 -0.793973 0
2.464 2.564275469e-09 5.3051 0.280223 -0.697575 2.589031542e-09 0.871902 1.94452 -0.833926 0
2.492 2.564275619e-09 5.34438 0.280223 -0.705421 2.58903158e-09 0.919682 1.91458 -0.87224 0
2.52 2.564275772e-09 5.3841 0.280223 -0.713267 2.589031624e-09 0.969561 1.88332 -0.90884 0
2.548 2.564275931e-09 5.42426 0.280223 -0.721113 2.589031677e-09 1.02144 1.8508 -0.943654 0
2.576 2.564276096e-09 5.46487 0.280223 -0.728959 2.589031739e-09 1.07522 1.8171 -0.976614 0
2.604 2.564276267e-09 5.50591 0.280223 -0.736806 2.589031812e-09 1.13078 1.78227 -1.00765 0
2.632 2.564276445e-09 5.54739 0.280223 -0.744652 2.589031897e-09 1.18804 1.74639 -1.03671 0
2.66 2.56427663e-09 5.58931 0.280223 -0.752498 2.589031994e-09 1.24686 1.70953 -1.06374 0
2.688 2.564276821e-09 5.63167 0.280223 -0.760344 2.589032104e-09 1.30714 1.67175 -1.08867 0
2.716 2.564277018e-09 5.67447 0.280223 -0.768191 2.589032226e-09 1.36875 1.63313 -1.11146 0
2.744 2.564277221e-09 5.7177 0.280223 -0.776037 2.589032361e-09 1.43158 1.59376 -1.13207 0
2.772 2.564277429e-09 5.76138 0.280223 -0.783883 2.589032509e-09 1.4955 1.5537 -1.15046 0
2.8 2.564277641e-09 5.8055 0.280223 -0.791729 2.589032669e-09 1.56039 1.51303 -1.16658 0
2.828 2.564277859e-09 5.85005 0.280223 -0.799576 2.589032842e-09 1.62611 1.47184 -1.18041 0
2.856 2.564278081e-09 5.89505 0.280223 -0.807422 2.58903303e-09 1.69255 1.4302 -1.19192 0
2.884 2.564278309e-09 5.94048 0.280223 -0.815268 2.589033232e-09 1.75957 1.3882 -1.20109 0
2.912 2.564278544e-09 5.98636 0.280223 -0.823114 2.589033451e-09 1.82703 1.34592 -1.2079 0
2.94 2.564278786e-09 6.03267 0.280223 -0.830961 2.589033688e-09 1.89481 1.30344 -1.21234 0
2.968 2.564279036e-09 6.07942 0.280223 -0.838807 2.589033944e-09 1.96277 1.26085 -1.21439 0
2.996 2.564279295e-09 6.12662 0.280223 -0.846653 2.589034221e-09 2.03077 1.21823 -1.21406 0
3.024 2.564279564e-09 6.17425 0.280223 -0.854499 2.589034521e-09 2.09869 1.17566 -1.21134 0
3.052 2.564279844e-09 6.22232 0.280223 -0.862345 2.589034843e-09 2.1664 1.13322 -1.20624 0
3.08 2.564280136e-09 6.27083 0.280223 -0.870192 2.589035191e-09 2.23375 1.09101 -1.19877 0
3.108 2.564280441e-09 6.31978 0.280223 -0.878038 2.589035565e-09 2.30062 1.04911 -1.18895 0
3.136 2.564280759e-09 6.36917 0.280224 -0.885884 2.589035966e-09 2.36687 1.00758 -1.17678 0
3.164 2.564281088e-09 6.419 0.280224 -0.89373 2.589036392e-09 2.43237 0.966531 -1.16231 0
3.192 2.564281429e-09 6.46926 0.280224 -0.901577 2.589036843e-09 2.497 0.926025 -1.14555 0
3.22 2.564281783e-09 6.51997 0.280224 -0.909423 2.589037322e-09 2.56063 0.886147 -1.12654 0
3.248 2.564282151e-09 6.57112 0.280224 -0.917269 2.589037827e-09 2.62313 0.846975 -1.10532 0
3.276 2.564282531e-09 6.6227 0.280224 -0.925115 2.589038359e-09 2.68438 0.808586 -1.08192 0
3.304 2.564282924e-09 6.67473 0.280224 -0.932961 2.589038916e-09 2.74427 0.771055 -1.0564 0
3.332 2.564283331e-09 6.72719 0.280224 -0.940808 2.589039501e-09 2.80266 0.734457 -1.0288 0
3.36 2.56428375e-09 6.7801 0.280224 -0.948654 2.589040112e-09 2.85945 0.698864 -0.999183 0
3.388 2.564284183e-09 6.83344 0.280224 -0.9565 2.589040748e-09 2.91453 0.664344 -0.967601 0
3.416 2.56428463e-09 6.88722 0.280224 -0.964346 2.58904141e-09 2.96779 0.630966 -0.934117 0
3.444 2.56428509e-09 6.94144 0.280224 -0.972193 2.589042096e-09 3.01912 0.598796 -0.898797 0
3.472 2.564285564e-09 6.99611 0.280224 -0.980039 2.589042808e-09 3.06842 0.567897 -0.861711 0
3.5 2.564286054e-09 7.05121 0.280224 -0.987885 2.589043549e-09 3.11559 0.538329 -0.822932 0
3.528 2.56428656e-09 7.10675 0.280224 -0.995731 2.589044318e-09 3.16055 0.510151 -0.782535 0
3.556 2.564287081e-09 7.16273 0.280224 -1.00358 2.589045113e-09 3.20321 0.483418 -0.740601 0
3.584 2.564287617e-09 7.21914 0.280224 -1.01142 2.589045937e-09 3.24347 0.458183 -0.697211 0
3.612 2.56428817e-09 7.276 0.280224 -1.01927 2.589046788e-09 3.28127 0.434495 -0.652452 0
3.64 2.564288741e-09 7.3333 0.280224 -1.02712 2.589047668e-09 3.31652 0.4124 -0.60641 0
3.668 2.564289331e-09 7.39104 0.280224 -1.03496 2.589048577e-09 3.34916 0.391942 -0.559176 0
3.696 2.564289945e-09 7.44921 0.280224 -1.04281 2.589049517e-09 3.37913 0.373162 -0.510844 0
3.724 2.564290581e-09 7.50783 0.280224 -1.05065 2.58905049e-09 3.40635 0.356096 -0.461508 0
3.752 2.56429124e-09 7.56688 0.280224 -1.0585 2.589051493e-09 3.4308 0.340778 -0.411265 0
3.78 2.564291928e-09 7.62637 0.280224 -1.06635 2.589052529e-09 3.4524 0.327237 -0.360214 0
3.808 2.564292645e-09 7.68631 0.280224 -1.07419 2.589053598e-09 3.47112 0.315501 -0.308455 0
3.836 2.564293394e-09 7.74668 0.280224 -1.08204 2.589054703e-09 3.48693 0.305593 -0.25609 0
3.864 2.564294177e-09 7.80749 0.280225 -1.08989 2.589055842e-09 3.49979 0.297532 -0.203221 0
3.892 2.564294995e-09 7.86874 0.280225 -1.09773 2.589057017e-09 3.50968 0.291333 -0.149954 0
3.92 2.564295849e-09 7.93043 0.280225 -1.10558 2.589058225e-09 3.51658 0.287009 -0.0963912 0
3.948 2.564296742e-09 7.99256 0.280225 -1.11342 2.589059472e-09 3.52047 0.284569 -0.0426395 0
3.976 2.564297673e-09 8.05513 0.280225 -1.12127 2.589060754e-09 3.52135 0.284018 0.011196 0
4.004 2.564298645e-09 8.11814 0.280225 -1.12912 2.589062073e-09 3.51921 0.285355 0.0650095 0
4.032 2.564299659e-09 8.18158 0.280225 -1.13696 2.589063427e-09 3.51407 0.28858 0.118695 0
4.06 2.564300717e-09 8.24547 0.280225 -1.14481 2.589064816e-09 3.50592 0.293685 0.172148 0
4.088 2.564301823e-09 8.3098 0.280225 -1.15265 2.589066238e-09 3.49479 0.30066 0.225262 0
4.116 2.564302981e-09 8.37456 0.280225 -1.1605 2.589067691e-09 3.4807 0.309492 0.277933 0
4.144 2.564304187e-09 8.43976 0.280225 -1.16835 2.589069173e-09 3.46367 0.320163 0.330058 0
4.172 2.564305448e-09 8.50541 0.280225 -1.17619 2.589070683e-09 3.44374 0.332653 0.381535 0
4.2 2.564306764e-09 8.57149 0.280225 -1.18404 2.589072223e-09 3.42094 0.346936 0.432261 0
4.228 2.564308135e-09 8.63801 0.280225 -1.19189 2.589073788e-09 3.39534 0.362986 0.482139 0
4.256 2.564309561e-09 8.70497 0.280226 -1.19973 2.589075378e-09 3.36696 0.380769 0.531068 0
4.284 2.564311044e-09 8.77237 0.280226 -1.20758 2.589076991e-09 3.33587 0.400252 0.578955 0
4.312 2.564312584e-09 8.84021 0.280226 -1.21542 2.589078622e-09 3.30213 0.421396 0.625703 0
4.34 2.564314184e-09 8.90849 0.280226 -1.22327 2.589080269e-09 3.26581 0.444159 0.671222 0
4.368 2.564315844e-09 8.9772 0.280226 -1.23112 2.589081928e-09 3.22698 0.468497 0.715421 0
4.396 2.564317567e-09 9.04636 0.280226 -1.23896 2.589083601e-09 3.18571 0.494361 0.758215 0
4.424 2.564319353e-09 9.11596 0.280226 -1.24681 2.589085285e-09 3.14208 0.521702 0.799519 0
4.452 2.564321211e-09 9.18599 0.280226 -1.25465 2.58908698e-09 3.09619 0.550465 0.839251 0
4.48 2.564323128e-09 9.25646 0.280226 -1.2625 2.589088685e-09 3.04811 0.580594 0.877335 0
4.508 2.564325142e-09 9.32738 0.280226 -1.27035 2.589090406e-09 2.99795 0.61203 0.913694 0
4.536 2.564327236e-09 9.39873 0.280227 -1.27819 2.589092127e-09 2.94581 0.644711 0.948258 0
4.564 2.564329423e-09 9.47052 0.280227 -1.28604 2.589093854e-09 2.89178 0.678572 0.980958 0
4.592 2.564331676e-09 9.54275 0.280227 -1.29388 2.589095591e-09 2.83597 0.713547 1.01173 0
4.62 2.564334013e-09 9.61542 0.280227 -1.30173 2.589097344e-09 2.7785 0.749567 1.04051 0
4.648 2.564336447e-09 9.68852 0.280227 -1.30957 2.589099099e-09 2.71947 0.786562 1.06725 0
4.676 2.564338998e-09 9.76207 0.280227 -1.31742 2.589100859e-09 2.659 0.824459 1.0919 0
4.704 2.564341648e-09 9.83605 0.280227 -1.32527 2.589102629e-09 2.59721 0.863184 1.11439 0
4.732 2.564344438e-09 9.91048 0.280227 -1.33311 2.589104391e-09 2.53423 0.90266 1.1347 0
4.76 2.564347342e-09 9.98534 0.280228 -1.34096 2.589106147e-09 2.47016 0.942809 1.15278 0
4.788 2.564350349e-09 10.0606 0.280228 -1.3488 2.589107907e-09 2.40515 0.983553 1.16859 0
4.816 2.564353476e-09 10.1364 0.280228 -1.35665 2.589109641e-09 2.33932 1.02481 1.1821 0
4.844 2.564356711e-09 10.2126 0.280228 -1.36449 2.589111374e-09 2.2728 1.06651 1.19329 0
4.872 2.564360089e-09 10.2892 0.280228 -1.37234 2.58911312e-09 2.20571 1.10855 1.20214 0
4.9 2.564363638e-09 10.3662 0.280228 -1.38019 2.589114876e-09 2.1382 1.15086 1.20863 0
4.928 2.564367251e-09 10.4437 0.280229 -1.38803 2.589116608e-09 2.07039 1.19336 1.21274 0
4.956 2.564371005e-09 10.5217 0.280229 -1.39588 2.58911832e-09 2.00241 1.23597 1.21446 0
4.984 2.564374902e-09 10.6 0.280229 -1.40372 2.58911994e-09 1.93441 1.27859 1.2138 0
5.012 2.564378944e-09 10.6788 0.280229 -1.41157 2.589121528e-09 1.86651 1.32114 1.21076 0
5.04 2.564383246e-09 10.7581 0.280229 -1.41941 2.589123134e-09 1.79885 1.36355 1.20533 0
5.068 2.564387836e-09 10.8378 0.280229 -1.42726 2.589124755e-09 1.73156 1.40573 1.19754 0
5.096 2.564392587e-09 10.9179 0.28023 -1.4351 2.58912638e-09 1.66477 1.44759 1.18739 0
5.124 2.564397483e-09 10.9985 0.28023 -1.44295 2.589127991e-09 1.59861 1.48905 1.17491 0
5.152 2.564402582e-09 11.0795 0.28023 -1.45079 2.589129571e-09 1.53322 1.53004 1.16012 0
5.18 2.564407937e-09 11.1609 0.28023 -1.45864 2.589131159e-09 1.46872 1.57046 1.14305 0
5.208 2.564413486e-09 11.2428 0.28023 -1.46648 2.589132822e-09 1.40524 1.61025 1.12374 0
5.236 2.564419322e-09 11.3251 0.280231 -1.47433 2.589134571e-09 1.3429 1.64932 1.10221 0
5.264 2.564425213e-09 11.4079 0.280231 -1.48217 2.589136257e-09 1.28183 1.6876 1.07852 0
5.292 2.564431462e-09 11.4911 0.280231 -1.49002 2.589138053e-09 1.22214 1.72501 1.05271 0
5.32 2.564438008e-09 11.5747 0.280231 -1.49786 2.589139888e-09 1.16396 1.76148 1.02484 0
5.348 2.564444833e-09 11.6588 0.280232 -1.50571 2.589141741e-09 1.1074 1.79693 0.994944 0
5.376 2.564452035e-09 11.7433 0.280232 -1.51355 2.589143626e-09 1.05256 1.8313 0.963097 0
5.404 2.564459461e-09 11.8282 0.280232 -1.5214 2.589145629e-09 0.999562 1.86452 0.929357 0
5.432 2.564467068e-09 11.9136 0.280232 -1.52924 2.589147615e-09 0.948505 1.89652 0.893791 0
5.46 2.564475096e-09 11.9994 0.280233 -1.53708 2.589149707e-09 0.899489 1.92725 0.856468 0
5.488 2.564483549e-09 12.0857 0.280233 -1.54493 2.589151649e-09 0.852611 1.95663 0.817462 0
5.516 2.564492276e-09 12.1724 0.280233 -1.55277 2.589153721e-09 0.807962 1.98462 0.776849 0
5.544 2.564501595e-09 12.2595 0.280234 -1.56062 2.589156012e-09 0.765631 2.01115 0.73471 0
5.572 2.564511271e-09 12.3471 0.280234 -1.56846 2.589158029e-09 0.7257 2.03618 0.691127 0
5.6 2.564521258e-09 12.4351 0.280234 -1.5763 2.589160396e-09 0.688249 2.05966 0.646186 0
5.628 2.564531525e-09 12.5235 0.280235 -1.58415 2.589162657e-09 0.65335 2.08153 0.599974 0
5.656 2.564542112e-09 12.6124 0.280235 -1.59199 2.589165076e-09 0.621073 2.10177 0.552584 0
5.684 2.564552583e-09 12.7017 0.280235 -1.59983 2.589167371e-09 0.59148 2.12032 0.504107 0
5.712 2.564563708e-09 12.7915 0.280235 -1.60768 2.589169544e-09 0.56463 2.13715 0.45464 0
5.74 2.564574931e-09 12.8817 0.280236 -1.61552 2.589171486e-09 0.540576 2.15223 0.404279 0
5.768 2.56458678e-09 12.9723 0.280236 -1.62336 2.589173963e-09 0.519365 2.16552 0.353124 0
5.796 2.56459914e-09 13.0634 0.280237 -1.63121 2.589176727e-09 0.501038 2.17701 0.301275 0
5.824 2.564611373e-09 13.1549 0.280237 -1.63905 2.589179017e-09 0.485632 2.18667 0.248833 0
5.852 2.564623362e-09 13.2468 0.280237 -1.64689 2.589182016e-09 0.473177 2.19448 0.195903 0
5.88 2.564636545e-09 13.3392 0.280238 -1.65473 2.589185428e-09 0.463697 2.20043 0.142587 0
5.908 2.564649355e-09 13.432 0.280238 -1.66258 2.589188044e-09 0.457211 2.20449 0.0889912 0
5.936 2.564661194e-09 13.5253 0.280239 -1.67042 2.589190377e-09 0.453732 2.20668 0.0352207 0
5.964 2.56467407e-09 13.619 0.28024 -1.67827 2.58919335e-09 0.453267 2.20697 -0.018619 0
5.992 2.564689743e-09 13.7131 0.28024 -1.68611 2.589197361e-09 0.455816 2.20538 -0.0724225 0
6.02 2.564705301e-09 13.8076 0.280241 -1.69395 2.589203385e-09 0.461374 2.2019 -0.126083 0
6.048 2.564722522e-09 13.9026 0.280241 -1.70179 2.589209616e-09 0.46993 2.19654 -0.179497 0
6.076 2.564741135e-09 13.998 0.280242 -1.70963 2.589215512e-09 0.481468 2.18931 -0.232557 0
6.104 2.56476203e-09 14.0939 0.280243 -1.71747 2.589222515e-09 0.495966 2.18022 -0.28516 0
6.132 2.564783766e-09 14.1902 0.280243 -1.72531 2.589229913e-09 0.513393 2.1693 -0.337203 0
6.16 2.564806237e-09 14.2869 0.280244 -1.73315 2.589237906e-09 0.533717 2.15657 -0.388584 0
6.188 2.56482944e-09 14.384 0.280244 -1.74099 2.58924649e-09 0.556897 2.14204 -0.4392 0
6.216 2.564853342e-09 14.4816 0.280245 -1.74883 2.589255712e-09 0.582887 2.12575 -0.488953 0
6.244 2.56487797e-09 14.5796 0.280246 -1.75667 2.589265629e-09 0.611637 2.10774 -0.537745 0
6.272 2.56490333e-09 14.6781 0.280246 -1.7645 2.589276308e-09 0.64309 2.08802 -0.58548 0
6.3 2.564929382e-09 14.7769 0.280247 -1.77234 2.589287765e-09 0.677184 2.06665 -0.632064 0
6.328 2.564956139e-09 14.8763 0.280248 -1.78018 2.589300075e-09 0.713852 2.04367 -0.677406 0
6.356 2.564983582e-09 14.976 0.280249 -1.78802 2.58931324e-09 0.753022 2.01912 -0.721416 0
6.384 2.565011714e-09 15.0762 0.280249 -1.79585 2.589327295e-09 0.794616 1.99305 -0.764007 0
6.412 2.565040587e-09 15.1768 0.28025 -1.80369 2.589342374e-09 0.838554 1.96551 -0.805097 0
6.44 2.565070201e-09 15.2779 0.280251 -1.81153 2.58935852e-09 0.884747 1.93655 -0.844604 0
6.468 2.565100535e-09 15.3793 0.280252 -1.81937 2.589375792e-09 0.933107 1.90623 -0.882451 0
6.496 2.565131624e-09 15.4813 0.280253 -1.8272 2.58939424e-09 0.983537 1.87462 -0.918563 0
6.524 2.565163459e-09 15.5836 0.280253 -1.83504 2.589413859e-09 1.03594 1.84177 -0.952869 0
6.552 2.565196061e-09 15.6864 0.280254 -1.84287 2.589434757e-09 1.09021 1.80775 -0.985302 0
6.58 2.565229409e-09 15.7896 0.280255 -1.85071 2.589456967e-09 1.14624 1.77262 -1.0158 0
6.608 2.565263523e-09 15.8933 0.280256 -1.85854 2.589480581e-09 1.20392 1.73646 -1.0443 0
6.636 2.565298348e-09 15.9973 0.280257 -1.86638 2.589505562e-09 1.26314 1.69933 -1.07074 0
6.664 2.565333981e-09 16.1019 0.280258 -1.87421 2.589531962e-09 1.32378 1.66131 -1.09508 0
6.692 2.565370362e-09 16.2068 0.280259 -1.88205 2.589559819e-09 1.38572 1.62247 -1.11727 0
6.72 2.565407419e-09 16.3122 0.28026 -1.88988 2.589589119e-09 1.44884 1.58289 -1.13726 0
6.748 2.565445008e-09 16.418 0.280261 -1.89772 2.589619849e-09 1.51302 1.54265 -1.15501 0
6.776 2.565483201e-09 16.5242 0.280262 -1.90555 2.589652122e-09 1.57812 1.50182 -1.17049 0
6.804 2.56552209e-09 16.6309 0.280263 -1.91338 2.589685919e-09 1.64403 1.46049 -1.18368 0
6.832 2.56556168e-09 16.738 0.280264 -1.92122 2.58972115e-09 1.71061 1.41874 -1.19453 0
6.86 2.565601755e-09 16.8456 0.280266 -1.92905 2.589757895e-09 1.77772 1.37665 -1.20304 0
6.888 2.565641922e-09 16.9536 0.280267 -1.93688 2.589796163e-09 1.84525 1.33429 -1.20918 0
6.916 2.565682751e-09 17.062 0.280268 -1.94472 2.589835623e-09 1.91305 1.29177 -1.21294 0
6.944 2.565724303e-09 17.1708 0.280269 -1.95255 2.58987661e-09 1.981 1.24915 -1.21432 0
6.972 2.565766544e-09 17.2801 0.280271 -1.96038 2.589919158e-09 2.04895 1.20653 -1.21331 0
7 2.56580921e-09 17.3898 0.280272 -1.96822 2.589963044e-09 2.11677 1.16398 -1.20991 0
7.028 2.565852214e-09 17.5 0.280273 -1.97605 2.590008244e-09 2.18434 1.12159 -1.20414 0
7.056 2.565895451e-09 17.6105 0.280275 -1.98388 2.59005477e-09 2.25151 1.07945 -1.19599 0
7.084 2.565938908e-09 17.7216 0.280276 -1.99172 2.590102457e-09 2.31816 1.03764 -1.1855 0
7.112 2.565982525e-09 17.833 0.280278 -1.99955 2.590151246e-09 2.38416 0.996229 -1.17268 0
7.14 2.566026277e-09 17.9449 0.280279 -2.00738 2.5902011e-09 2.44937 0.955313 -1.15755 0
7.168 2.566070096e-09 18.0572 0.280281 -2.01522 2.590251894e-09 2.51367 0.914967 -1.14014 0
7.196 2.566113905e-09 18.17 0.280283 -2.02305 2.590303591e-09 2.57693 0.875271 -1.12049 0
7.224 2.566157701e-09 18.2832 0.280284 -2.03088 2.59035603e-09 2.63902 0.836304 -1.09865 0
7.252 2.566201424e-09 18.3968 0.280286 -2.03872 2.590409136e-09 2.69983 0.798142 -1.07464 0
7.28 2.566245018e-09 18.5109 0.280288 -2.04655 2.590462821e-09 2.75923 0.760859 -1.04852 0
7.308 2.566288428e-09 18.6254 0.28029 -2.05439 2.59051696e-09 2.81711 0.72453 -1.02033 0
7.336 2.566331622e-09 18.7404 0.280291 -2.06222 2.590571448e-09 2.87335 0.689226 -0.990145 0
7.364 2.566374531e-09 18.8558 0.280293 -2.07006 2.590626158e-09 2.92784 0.655016 -0.958011 0
7.392 2.566417114e-09 18.9716 0.280295 -2.07789 2.590680959e-09 2.98049 0.621967 -0.923994 0
7.42 2.566459327e-09 19.0878 0.280297 -2.08573 2.59073572e-09 3.03117 0.590145 -0.888161 0
7.448 2.566501139e-09 19.2046 0.280299 -2.09357 2.590790323e-09 3.0798 0.559611 -0.850583 0
7.476 2.566542504e-09 19.3217 0.280301 -2.1014 2.590844637e-09 3.12628 0.530427 -0.811334 0
7.504 2.566583356e-09 19.4393 0.280303 -2.10924 2.590898514e-09 3.17051 0.502649 -0.77049 0
7.532 2.56662365e-09 19.5573 0.280305 -2.11708 2.590951813e-09 3.21241 0.476333 -0.728132 0
7.56 2.566663343e-09 19.6758 0.280308 -2.12492 2.591004395e-09 3.2519 0.451529 -0.684344 0
7.588 2.566702363e-09 19.7947 0.28031 -2.13276 2.591056113e-09 3.2889 0.428286 -0.639212 0
7.616 2.566740693e-09 19.9141 0.280312 -2.1406 2.591106838e-09 3.32334 0.406651 -0.592824 0
7.644 2.566778305e-09 20.0339 0.280314 -2.14844 2.591156423e-09 3.35515 0.386666 -0.545271 0
7.672 2.566815147e-09 20.1541 0.280316 -2.15628 2.591204731e-09 3.38426 0.368369 -0.496648 0
7.7 2.566851192e-09 20.2748 0.280319 -2.16412 2.591251637e-09 3.41063 0.351798 -0.44705 0
7.728 2.566886415e-09 20.3959 0.280321 -2.17196 2.591296998e-09 3.4342 0.336984 -0.396573 0
7.756 2.56692078e-09 20.5175 0.280323 -2.1798 2.591340684e-09 3.45491 0.323957 -0.345318 0
7.784 2.566954263e-09 20.6395 0.280326 -2.18765 2.591382569e-09 3.47275 0.312742 -0.293385 0
7.812 2.566986834e-09 20.762 0.280328 -2.19549 2.591422535e-09 3.48765 0.303362 -0.240877 0
7.84 2.567018454e-09 20.8849 0.280331 -2.20333 2.59146045e-09 3.49961 0.295834 -0.187896 0
7.868 2.567049103e-09 21.0083 0.280333 -2.21118 2.591496206e-09 3.50859 0.290174 -0.134546 0
7.896 2.567078771e-09 21.1321 0.280335 -2.21902 2.591529714e-09 3.51458 0.286393 -0.0809331 0
7.924 2.567107423e-09 21.2563 0.280338 -2.22687 2.591560853e-09 3.51757 0.284497 -0.0271618 0
7.952 2.567135033e-09 21.381 0.28034 -2.23472 2.59158954e-09 3.51754 0.284492 0.0266622 0
7.98 2.567161571e-09 21.5061 0.280343 -2.24256 2.591615689e-09 3.51451 0.286376 0.080433 0
8.008 2.567187022e-09 21.6317 0.280345 -2.25041 2.591639238e-09 3.50847 0.290146 0.134045 0
8.036 2.567211345e-09 21.7578 0.280348 -2.25826 2.591660085e-09 3.49944 0.295795 0.187393 0
8.064 2.567234525e-09 21.8843 0.28035 -2.26611 2.591678174e-09 3.48743 0.303311 0.240372 0
8.092 2.567256541e-09 22.0112 0.280353 -2.27396 2.591693444e-09 3.47248 0.312681 0.292878 0
8.12 2.567277406e-09 22.1386 0.280355 -2.28181 2.591705849e-09 3.45461 0.323884 0.344808 0
8.148 2.567297094e-09 22.2664 0.280358 -2.28966 2.591715335e-09 3.43384 0.3369 0.39606 0
8.176 2.567315604e-09 22.3947 0.280361 -2.29752 2.591721893e-09 3.41024 0.351703 0.446534 0
8.204 2.567332916e-09 22.5234 0.280363 -2.30537 2.591725491e-09 3.38384 0.368264 0.496129 0
8.232 2.567349037e-09 22.6526 0.280366 -2.31323 2.591726112e-09 3.35469 0.386549 0.544749 0
8.26 2.56736398e-09 22.7822 0.280368 -2.32108 2.591723761e-09 3.32285 0.406524 0.592298 0
8.288 2.56737769e-09 22.9123 0.280371 -2.32894 2.591718436e-09 3.28838 0.428149 0.638683 0
8.316 2.567390182e-09 23.0428 0.280374 -2.33679 2.59171016e-09 3.25135 0.451381 0.683813 0
8.344 2.567401459e-09 23.1738 0.280376 -2.34465 2.591698957e-09 3.21184 0.476175 0.727599 0
8.372 2.567411474e-09 23.3052 0.280379 -2.35251 2.591684834e-09 3.16992 0.502483 0.769955 0
8.4 2.567420252e-09 23.4371 0.280381 -2.36037 2.591667839e-09 3.12567 0.530251 0.810797 0
8.428 2.567427806e-09 23.5695 0.280384 -2.36823 2.591648024e-09 3.07919 0.559427 0.850047 0
8.456 2.567434136e-09 23.7022 0.280387 -2.37609 2.591625428e-09 3.03055 0.589952 0.887625 0
8.484 2.567439245e-09 23.8355 0.280389 -2.38395 2.591600129e-09 2.97986 0.621766 0.92346 0
8.512 2.56744314e-09 23.9692 0.280392 -2.39181 2.591572187e-09 2.92722 0.654808 0.957479 0
8.54 2.567445823e-09 24.1033 0.280394 -2.39967 2.591541667e-09 2.87272 0.689012 0.989617 0
8.568 2.567447304e-09 24.2379 0.280397 -2.40753 2.59150868e-09 2.81649 0.72431 1.01981 0
8.596 2.567447576e-09 24.3729 0.280399 -2.4154 2.591473306e-09 2.75862 0.760635 1.048 0
8.624 2.567446649e-09 24.5084 0.280402 -2.42326 2.591435652e-09 2.69923 0.797913 1.07413 0
8.652 2.567444538e-09 24.6444 0.280404 -2.43113 2.591395836e-09 2.63844 0.836072 1.09814 0
8.68 2.567441238e-09 24.7807 0.280407 -2.43899 2.591353943e-09 2.57636 0.875037 1.12 0
8.708 2.567436793e-09 24.9176 0.280409 -2.44686 2.591310127e-09 2.51312 0.914731 1.13966 0
8.736 2.567431221e-09 25.0549 0.280412 -2.45473 2.59126451e-09 2.44885 0.955077 1.15708 0
8.764 2.56742455e-09 25.1926 0.280414 -2.46259 2.591217246e-09 2.38366 0.995994 1.17222 0
8.792 2.567416793e-09 25.3308 0.280417 -2.47046 2.59116846e-09 2.31769 1.0374 1.18506 0
8.82 2.567408008e-09 25.4695 0.280419 -2.47833 2.59111833e-09 2.25106 1.07922 1.19557 0
8.848 2.567398199e-09 25.6086 0.280421 -2.4862 2.591066971e-09 2.18392 1.12137 1.20373 0
8.876 2.567387418e-09 25.7482 0.280424 -2.49407 2.591014524e-09 2.11638 1.16376 1.20953 0
8.904 2.567375682e-09 25.8882 0.280426 -2.50194 2.590961141e-09 2.04858 1.20631 1.21294 0
8.932 2.567363022e-09 26.0286 0.280428 -2.50981 2.590906967e-09 1.98066 1.24895 1.21397 0
8.96 2.567349486e-09 26.1695 0.28043 -2.51768 2.590852191e-09 1.91274 1.29157 1.21262 0
8.988 2.567335115e-09 26.3109 0.280432 -2.52555 2.590796945e-09 1.84497 1.33411 1.20888 0
9.016 2.567319931e-09 26.4527 0.280435 -2.53343 2.590741366e-09 1.77747 1.37647 1.20276 0
9.044 2.567303953e-09 26.595 0.280437 -2.5413 2.590685617e-09 1.71038 1.41858 1.19428 0
9.072 2.567287241e-09 26.7377 0.280439 -2.54917 2.590629869e-09 1.64383 1.46034 1.18345 0
9.1 2.567269827e-09 26.8808 0.280441 -2.55704 2.590574268e-09 1.57795 1.50169 1.17029 0
9.128 2.567251733e-09 27.0244 0.280443 -2.56492 2.590518926e-09 1.51287 1.54253 1.15483 0
9.156 2.56723305e-09 27.1685 0.280445 -2.57279 2.590464022e-09 1.44871 1.58279 1.13711 0
9.184 2.567213782e-09 27.313 0.280446 -2.58066 2.590409697e-09 1.38561 1.62239 1.11714 0
9.212 2.567193997e-09 27.4579 0.280448 -2.58854 2.590356114e-09 1.32369 1.66124 1.09498 0
9.24 2.567173697e-09 27.6033 0.28045 -2.59641 2.590303349e-09 1.26307 1.69928 1.07066 0
9.268 2.567152955e-09 27.7492 0.280452 -2.60428 2.590251558e-09 1.20387 1.73643 1.04424 0
9.296 2.567131788e-09 27.8954 0.280453 -2.61216 2.590200887e-09 1.1462 1.77261 1.01576 0
9.324 2.567110241e-09 28.0422 0.280455 -2.62003 2.590151441e-09 1.09018 1.80776 0.985289 0
9.352 2.567088336e-09 28.1894 0.280456 -2.62791 2.590103319e-09 1.03593 1.8418 0.952877 0
9.38 2.567066077e-09 28.337 0.280458 -2.63578 2.590056598e-09 0.983535 1.87468 0.918591 0
9.408 2.567043515e-09 28.4851 0.280459 -2.64365 2.590011404e-09 0.933113 1.90631 0.882498 0
9.436 2.567020655e-09 28.6336 0.280461 -2.65153 2.589967841e-09 0.88476 1.93664 0.844669 0
9.464 2.56699751e-09 28.7826 0.280462 -2.6594 2.589925953e-09 0.838571 1.96562 0.805179 0
9.492 2.566974133e-09 28.932 0.280463 -2.66727 2.589885822e-09 0.794636 1.99318 0.764105 0
9.52 2.566950548e-09 29.0818 0.280464 -2.67515 2.589847561e-09 0.753043 2.01928 0.721527 0
9.548 2.566926794e-09 29.2321 0.280465 -2.68302 2.589811345e-09 0.713873 2.04385 0.677531 0
9.576 2.566902829e-09 29.3829 0.280466 -2.69089 2.589777094e-09 0.677204 2.06685 0.632201 0
9.604 2.56687874e-09 29.534 0.280468 -2.69877 2.589744933e-09 0.643107 2.08824 0.585628 0
9.632 2.566854503e-09 29.6857 0.280469 -2.70664 2.589714867e-09 0.611651 2.10797 0.537902 0
9.66 2.56683021e-09 29.8378 0.28047 -2.71451 2.58968705e-09 0.582896 2.126 0.489119 0
9.688 2.566805836e-09 29.9903 0.280471 -2.72239 2.589661429e-09 0.556899 2.14231 0.439373 0
9.716 2.566781379e-09 30.1432 0.280472 -2.73026 2.589638047e-09 0.533713 2.15685 0.388763 0
9.744 2.566756871e-09 30.2966 0.280473 -2.73813 2.589616966e-09 0.513381 2.1696 0.337389 0
9.772 2.56673233e-09 30.4505 0.280473 -2.74601 2.58959819e-09 0.495945 2.18053 0.28535 0
9.8 2.566707748e-09 30.6048 0.280474 -2.75388 2.589581715e-09 0.481439 2.18963 0.23275 0
9.828 2.566683118e-09 30.7595 0.280475 -2.76175 2.589567496e-09 0.469892 2.19687 0.179693 0
9.856 2.566658488e-09 30.9147 0.280476 -2.76962 2.589555562e-09 0.461325 2.20224 0.126281 0
9.884 2.566633839e-09 31.0703 0.280476 -2.7775 2.589545894e-09 0.455757 2.20573 0.0726219 0
9.912 2.566609107e-09 31.2264 0.280477 -2.78537 2.589538417e-09 0.453197 2.20733 0.0188195 0
9.94 2.566584323e-09 31.3829 0.280478 -2.79324 2.589533085e-09 0.453652 2.20704 -0.0350199 0
9.968 2.566559489e-09 31.5398 0.280478 -2.80111 2.58952988e-09 0.45712 2.20486 -0.0887903 0
9.996 2.566534654e-09 31.6972 0.280479 -2.80898 2.589528727e-09 0.463594 2.20079 -0.142386 0
10.024 2.566509802e-09 31.855 0.280479 -2.81685 2.58952958e-09 0.473062 2.19485 -0.195702 0
10.052 2.566485003e-09 32.0133 0.280479 -2.82473 2.58953237e-09 0.485505 2.18704 -0.248632 0
10.08 2.566460222e-09 32.172 0.28048 -2.8326 2.589537046e-09 0.500898 2.17738 -0.301074 0
10.108 2.566435469e-09 32.3312 0.28048 -2.84047 2.589543518e-09 0.519212 2.16589 -0.352923 0
10.136 2.566410736e-09 32.4908 0.28048 -2.84834 2.589551695e-09 0.540409 2.15259 -0.404078 0
10.164 2.566386037e-09 32.6508 0.28048 -2.85621 2.589561479e-09 0.56445 2.13751 -0.454439 0
10.192 2.566361367e-09 32.8113 0.280481 -2.86408 2.589572709e-09 0.591285 2.12067 -0.503905 0
10.22 2.566336759e-09 32.9722 0.280481 -2.87195 2.58958537e-09 0.620863 2.10211 -0.552381 0
10.248 2.566312186e-09 33.1336 0.280481 -2.87981 2.589599308e-09 0.653125 2.08187 -0.59977 0
10.276 2.566287667e-09 33.2954 0.280481 -2.88768 2.589614437e-09 0.688008 2.05999 -0.645979 0
10.304 2.566263214e-09 33.4576 0.280481 -2.89555 2.589630657e-09 0.725443 2.0365 -0.690918 0
10.332 2.566238843e-09 33.6203 0.280481 -2.90342 2.589647898e-09 0.765356 2.01147 -0.734498 0
10.36 2.566214526e-09 33.7835 0.28048 -2.91129 2.589666039e-09 0.807669 1.98492 -0.776634 0
10.388 2.56619029e-09 33.947 0.28048 -2.91916 2.589684936e-09 0.852299 1.95693 -0.817243 0
10.416 2.566166141e-09 34.111 0.28048 -2.92702 2.589704535e-09 0.899158 1.92753 -0.856245 0
10.444 2.566142067e-09 34.2755 0.28048 -2.93489 2.589724725e-09 0.948153 1.8968 -0.893563 0
10.472 2.566118083e-09 34.4404 0.280479 -2.94276 2.589745437e-09 0.999189 1.86478 -0.929124 0
10.5 2.56609422e-09 34.6057 0.280479 -2.95062 2.589766547e-09 1.05216 1.83155 -0.962858 0
10.528 2.566070482e-09 34.7715 0.280478 -2.95849 2.589787952e-09 1.10698 1.79717 -0.994699 0
10.556 2.566046865e-09 34.9377 0.280478 -2.96635 2.589809555e-09 1.16352 1.76171 -1.02458 0
10.584 2.566023408e-09 35.1044 0.280477 -2.97422 2.589831286e-09 1.22167 1.72523 -1.05246 0
10.612 2.566000096e-09 35.2715 0.280477 -2.98208 2.589853067e-09 1.28133 1.68781 -1.07826 0
10.64 2.565976969e-09 35.439 0.280476 -2.98995 2.589874811e-09 1.34238 1.64952 -1.10194 0
10.668 2.565954022e-09 35.607 0.280475 -2.99781 2.589896425e-09 1.40469 1.61043 -1.12346 0
10.696 2.565931275e-09 35.7754 0.280475 -3.00568 2.589917873e-09 1.46814 1.57064 -1.14277 0
10.724 2.565908756e-09 35.9442 0.280474 -3.01354 2.589939057e-09 1.53261 1.5302 -1.15983 0
10.752 2.565886478e-09 36.1135 0.280473 -3.0214 2.589959911e-09 1.59797 1.4892 -1.17461 0
10.78 2.565864456e-09 36.2833 0.280472 -3.02927 2.589980398e-09 1.6641 1.44773 -1.18708 0
10.808 2.565842697e-09 36.4534 0.280471 -3.03713 2.590000482e-09 1.73086 1.40586 -1.19722 0
10.836 2.565821205e-09 36.624 0.28047 -3.04499 2.590020108e-09 1.79812 1.36368 -1.20501 0
10.864 2.56579998e-09 36.7951 0.28047 -3.05285 2.590039238e-09 1.86575 1.32126 -1.21043 0
10.892 2.56577906e-09 36.9666 0.280468 -3.06071 2.590057822e-09 1.93361 1.2787 -1.21347 0
10.92 2.565758439e-09 37.1385 0.280467 -3.06857 2.590075805e-09 2.00158 1.23607 -1.21413 0
10.948 2.565738112e-09 37.3108 0.280466 -3.07643 2.590093141e-09 2.06952 1.19346 -1.21239 0
10.976 2.565718094e-09 37.4836 0.280465 -3.08429 2.590109795e-09 2.1373 1.15096 -1.20828 0
11.004 2.56569838e-09 37.6569 0.280464 -3.09215 2.590125722e-09 2.20478 1.10864 -1.20179 0
11.032 2.565678987e-09 37.8305 0.280463 -3.10001 2.590140887e-09 2.27183 1.06659 -1.19294 0
11.06 2.56565993e-09 38.0046 0.280462 -3.10787 2.590155257e-09 2.33832 1.0249 -1.18175 0
11.088 2.565641209e-09 38.1792 0.28046 -3.11572 2.590168821e-09 2.40412 0.983635 -1.16824 0
11.116 2.565622855e-09 38.3541 0.280459 -3.12358 2.590181551e-09 2.46909 0.942889 -1.15243 0
11.144 2.565604871e-09 38.5295 0.280457 -3.13144 2.59019345e-09 2.53312 0.902739 -1.13435 0
11.172 2.565587264e-09 38.7054 0.280456 -3.13929 2.590204509e-09 2.59608 0.863263 -1.11405 0
11.2 2.565570053e-09 38.8817 0.280455 -3.14715 2.590214707e-09 2.65783 0.824538 -1.09155 0
11.228 2.565553224e-09 39.0584 0.280453 -3.155 2.590224034e-09 2.71827 0.786642 -1.06691 0
11.256 2.565536787e-09 39.2355 0.280452 -3.16286 2.590232504e-09 2.77727 0.749647 -1.04018 0
11.284 2.565520746e-09 39.4131 0.28045 -3.17071 2.590240106e-09 2.83472 0.713628 -1.0114 0
11.312 2.565505116e-09 39.5911 0.280448 -3.17857 2.590246843e-09 2.8905 0.678654 -0.980636 0
11.34 2.565489914e-09 39.7696 0.280447 -3.18642 2.590252727e-09 2.9445 0.644795 -0.947944 0
11.368 2.565475139e-09 39.9485 0.280445 -3.19427 2.590257757e-09 2.99662 0.612117 -0.913389 0
11.396 2.565460796e-09 40.1278 0.280444 -3.20212 2.59026196e-09 3.04675 0.580683 -0.87704 0
11.424 2.565446874e-09 40.3076 0.280442 -3.20997 2.590265345e-09 3.09481 0.550557 -0.838967 0
11.452 2.565433405e-09 40.4878 0.28044 -3.21782 2.590267926e-09 3.14068 0.521796 -0.799246 0
11.48 2.565420406e-09 40.6684 0.280438 -3.22567 2.590269716e-09 3.18429 0.494458 -0.757954 0
11.508 2.565407862e-09 40.8494 0.280437 -3.23352 2.590270747e-09 3.22554 0.468595 -0.715173 0
11.536 2.565395782e-09 41.0309 0.280435 -3.24137 2.590271028e-09 3.26436 0.44426 -0.670987 0
11.564 2.565384188e-09 41.2129 0.280433 -3.24922 2.590270587e-09 3.30067 0.421499 -0.625483 0
11.592 2.565373079e-09 41.3952 0.280431 -3.25707 2.590269443e-09 3.33439 0.400358 -0.578749 0
11.62 2.565362465e-09 41.578 0.280429 -3.26492 2.590267633e-09 3.36547 0.380878 -0.530878 0
11.648 2.565352348e-09 41.7612 0.280428 -3.27277 2.590265172e-09 3.39384 0.363096 -0.481964 0
11.676 2.565342742e-09 41.9449 0.280426 -3.28061 2.590262092e-09 3.41944 0.347049 -0.432102 0
11.704 2.565333656e-09 42.129 0.280424 -3.28846 2.590258412e-09 3.44222 0.332767 -0.381392 0
11.732 2.565325105e-09 42.3135 0.280422 -3.2963 2.59025416e-09 3.46215 0.320279 -0.329932 0
11.76 2.565317092e-09 42.4984 0.28042 -3.30415 2.590249357e-09 3.47918 0.309609 -0.277823 0
11.788 2.565309616e-09 42.6838 0.280418 -3.312 2.590244029e-09 3.49327 0.300779 -0.225168 0
11.816 2.565302674e-09 42.8696 0.280416 -3.31984 2.590238196e-09 3.5044 0.293804 -0.172071 0
11.844 2.56529626e-09 43.0558 0.280415 -3.32768 2.590231876e-09 3.51255 0.2887 -0.118635 0
11.872 2.565290372e-09 43.2425 0.280413 -3.33553 2.590225087e-09 3.5177 0.285476 -0.0649664 0
11.9 2.565285004e-09 43.4296 0.280411 -3.34337 2.590217847e-09 3.51984 0.284139 -0.0111694 0
11.928 2.565280145e-09 43.6171 0.280409 -3.35121 2.59021017e-09 3.51897 0.284691 0.0426498 0
11.956 2.565275811e-09 43.8051 0.280407 -3.35906 2.59020208e-09 3.51509 0.287131 0.0963855 0
11.984 2.565271987e-09 43.9935 0.280405 -3.3669 2.590193597e-09 3.5082 0.291454 0.149932 0
