-1.32580764857604e-07 10000
0.0559998674192351 10000
0.111999867419235 10000.5
0.167999867419235 10004.5
0.223999867419235 10018.3
0.279999867419235 10051.7
0.335999867419235 10119
0.391999867419235 10239.4
0.447999867419235 10438.4
0.503999867419235 10748.6
0.559999867419235 11211.6
0.615999867419235 11879
0.671999867419235 12814.5
0.727999867419235 14095.3
0.783999867419235 15814.7
0.839999867419235 18083.8
0.895999867419235 21034.2
0.951999867419235 24820.1
1.00799986741924 29621.7
1.06399986741924 35648.3
1.11999986741924 43141.7
1.17599986741924 52380.6
1.23199986741923 63685.7
1.28799986741924 77425.6
1.34399986741924 94023.7
1.39999986741924 113967
1.45599986741924 137818
1.51199986741923 166226
1.56799986741924 199943
1.62399986741924 239845
1.67999986741923 286955
1.73599986741923 342473
1.79199986741924 407810
1.84799986741924 484632
1.90399986741924 574912
1.95999986741923 680990
2.01599986741923 805648
2.07199986741923 952198
2.12799986741923 1.12458e+06
2.18399986741923 1.32749e+06
2.23999986741923 1.56651e+06
2.29599986741923 1.84827e+06
2.35199986741923 2.18064e+06
2.40799986741923 2.57294e+06
2.46399986741923 3.03615e+06
2.51999986741923 3.5832e+06
2.57599986741923 4.22925e+06
2.63199986741923 4.99194e+06
2.68799986741923 5.89175e+06
2.74399986741923 6.95226e+06
2.79999986741923 8.20039e+06
2.85599986741923 9.66658e+06
2.91199986741923 1.13848e+07
2.96799986741923 1.33921e+07
3.02399986741923 1.57284e+07
3.07999986741923 1.84348e+07
3.13599986741923 2.15518e+07
3.19199986741923 2.51158e+07
3.24799986741923 2.91548e+07
3.30399986741923 3.36821e+07
3.35999986741923 3.86881e+07
3.41599986741923 4.41317e+07
3.47199986741923 4.99311e+07
3.52799986741923 5.59572e+07
3.58399986741923 6.2032e+07
3.63999986741923 6.79358e+07
3.69599986741923 7.34231e+07
3.75199986741923 7.82469e+07
3.80799986741923 8.2187e+07
3.86399986741923 8.5073e+07
3.91999986741923 8.6799e+07
3.97599986741923 8.73266e+07
4.03199986741923 8.66783e+07
4.08799986741923 8.49255e+07
4.14399986741923 8.21762e+07
4.19999986741923 7.85632e+07
4.25599986741923 7.42357e+07
4.31199986741923 6.93522e+07
4.36799986741923 6.40754e+07
4.42399986741923 5.85677e+07
4.47999986741923 5.29877e+07
4.53599986741923 4.74858e+07
4.59199986741923 4.22004e+07
4.64799986741923 3.72537e+07
4.70399986741923 3.2747e+07
4.75999986741923 2.87576e+07
4.81599986741923 2.53359e+07
4.87199986741923 2.25045e+07
4.92799986741923 2.02606e+07
4.98399986741923 1.8579e+07
5.03999986741923 1.74186e+07
5.09599986741923 1.67285e+07
5.15199986741923 1.64549e+07
5.20799986741923 1.65467e+07
5.26399986741923 1.69601e+07
5.31999986741923 1.7661e+07
5.37599986741923 1.86264e+07
5.43199986741923 1.98445e+07
5.48799986741923 2.13135e+07
5.54399986741923 2.30398e+07
5.59999986741923 2.50355e+07
5.65599986741923 2.73156e+07
5.71199986741923 2.98948e+07
5.76799986741923 3.27841e+07
5.82399986741923 3.59875e+07
5.87999986741923 3.94989e+07
5.93599986741923 4.32975e+07
5.99199986741923 4.73424e+07
6.04799986741923 5.15661e+07
6.10399986741923 5.58668e+07
6.15999986741923 6.01043e+07
6.21599986741923 6.41015e+07
6.27199986741923 6.76547e+07
6.32799986741923 7.05537e+07
6.38399986741923 7.26095e+07
6.43999986741923 7.36826e+07
6.49599986741923 7.37066e+07
6.55199986741923 7.26982e+07
6.60799986741923 7.07529e+07
6.66399986741923 6.80259e+07
6.71999986741923 6.47057e+07
6.77599986741923 6.09856e+07
6.83199986741923 5.70397e+07
6.88799986741923 5.30077e+07
6.94399986741923 4.89876e+07
6.99999986741923 4.50388e+07
7.05599986741923 4.11914e+07
7.11199986741923 3.74586e+07
7.16799986741923 3.38489e+07
7.22399986741923 3.03757e+07
7.27999986741923 2.7061e+07
7.33599986741923 2.39365e+07
7.39199986741923 2.104e+07
7.44799986741923 1.84111e+07
7.50399986741923 1.6086e+07
7.55999986741923 1.40932e+07
7.61599986741923 1.24499e+07
7.67199986741923 1.11609e+07
7.72799986741923 1.02185e+07
7.78399986741923 9.60465e+06
7.83999986741923 9.29337e+06
7.89599986741923 9.25429e+06
7.95199986741923 9.45614e+06
8.00799986741923 9.87013e+06
8.06399986741924 1.04727e+07
8.11999986741924 1.12479e+07
8.17599986741923 1.21883e+07
8.23199986741924 1.3296e+07
8.28799986741923 1.45822e+07
8.34399986741924 1.6066e+07
8.39999986741923 1.77728e+07
8.45599986741924 1.97322e+07
8.51199986741923 2.19759e+07
8.56799986741924 2.45351e+07
8.62399986741923 2.74388e+07
8.67999986741924 3.07115e+07
8.73599986741923 3.43703e+07
8.79199986741924 3.84218e+07
8.84799986741923 4.28559e+07
8.90399986741924 4.7639e+07
8.95999986741923 5.27041e+07
9.01599986741923 5.79414e+07
9.07199986741924 6.31907e+07
9.12799986741923 6.82408e+07
9.18399986741924 7.28405e+07
9.23999986741923 7.67235e+07
9.29599986741924 7.96465e+07
9.35199986741923 8.14328e+07
9.40799986741924 8.2007e+07
9.46399986741923 8.14078e+07
9.51999986741924 7.97721e+07
9.57599986741923 7.72957e+07
9.63199986741924 7.41871e+07
9.68799986741923 7.0629e+07
9.74399986741924 6.67579e+07
9.79999986741923 6.26638e+07
9.85599986741923 5.84034e+07
9.91199986741923 5.40205e+07
9.96799986741923 4.95629e+07
10.0239998674192 4.50926e+07
10.0799998674192 4.06844e+07
10.1359998674192 3.64202e+07
10.1919998674192 3.23801e+07
10.2479998674192 2.86362e+07
10.3039998674192 2.52487e+07
10.3599998674192 2.22651e+07
10.4159998674192 1.97199e+07
10.4719998674192 1.76361e+07
10.5279998674192 1.60261e+07
10.5839998674192 1.48932e+07
10.6399998674192 1.4233e+07
10.6959998674192 1.40351e+07
10.7519998674192 1.42846e+07
10.8079998674192 1.4964e+07
10.8639998674192 1.60546e+07
10.9199998674192 1.75376e+07
10.9759998674192 1.93953e+07
11.0319998674192 2.16119e+07
11.0879998674192 2.41738e+07
11.1439998674192 2.70695e+07
11.1999998674192 3.02894e+07
11.2559998674192 3.38248e+07
11.3119998674192 3.76652e+07
11.3679998674192 4.1795e+07
11.4239998674192 4.61887e+07
11.4799998674192 5.08045e+07
11.5359998674192 5.55772e+07
11.5919998674192 6.04126e+07
11.6479998674192 6.51828e+07
11.7039998674192 6.9727e+07
11.7599998674192 7.38573e+07
11.8159998674192 7.73714e+07
11.8719998674192 8.00699e+07
11.9279998674192 8.17781e+07
11.9839998674192 8.23689e+07
