0 0 0
0.02 0.072167 4.74459e-05
0.04 0.102326 0.00018975
0.06 0.125817 0.000426813
0.08 0.146012 0.000758467
0.1 0.164224 0.00118448
0.12 0.181131 0.00170456
0.14 0.197139 0.00231835
0.16 0.212518 0.00302543
0.18 0.227458 0.00382532
0.2 0.242101 0.0047175
0.22 0.256558 0.00570137
0.24 0.270918 0.0067763
0.26 0.285254 0.00794162
0.28 0.29963 0.0091966
0.3 0.314099 0.0105405
0.32 0.328711 0.0119725
0.34 0.343508 0.0134917
0.36 0.35853 0.0150974
0.38 0.373814 0.0167887
0.4 0.389394 0.0185646
0.42 0.405302 0.0204242
0.44 0.421569 0.0223667
0.46 0.438222 0.0243912
0.48 0.455288 0.0264966
0.5 0.472794 0.0286822
0.52 0.490761 0.030947
0.54 0.509212 0.0332902
0.56 0.528166 0.0357108
0.58 0.54764 0.0382081
0.6 0.567648 0.0407812
0.62 0.588202 0.0434294
0.64 0.60931 0.0461519
0.66 0.630974 0.0489481
0.68 0.653193 0.0518173
0.7 0.675959 0.0547589
0.72 0.699261 0.0577724
0.74 0.723076 0.0608573
0.76 0.747377 0.0640131
0.78 0.772125 0.0672395
0.8 0.797273 0.0705362
0.82 0.822763 0.0739029
0.84 0.848525 0.0773396
0.86 0.874477 0.0808462
0.88 0.900524 0.0844225
0.9 0.926558 0.0880688
0.92 0.952458 0.0917851
0.94 0.97809 0.0955717
0.96 1.00331 0.099429
0.98 1.02796 0.103357
1 1.05187 0.107357
1.02 1.07488 0.111429
1.04 1.0968 0.115574
1.06 1.11746 0.119792
1.08 1.13668 0.124085
1.1 1.15431 0.128454
1.12 1.17017 0.132899
1.14 1.18414 0.137421
1.16 1.19609 0.142023
1.18 1.2059 0.146705
1.2 1.21352 0.151468
1.22 1.21888 0.156315
1.24 1.22197 0.161248
1.26 1.22277 0.166266
1.28 1.22133 0.171374
1.3 1.2177 0.176572
1.32 1.21195 0.181863
1.34 1.20417 0.187248
1.36 1.19449 0.192731
1.38 1.18304 0.198314
1.4 1.16993 0.203998
1.42 1.15533 0.209787
1.44 1.13938 0.215683
1.46 1.12223 0.221689
1.48 1.10402 0.227809
1.5 1.0849 0.234043
1.52 1.065 0.240397
1.54 1.04447 0.246873
1.56 1.02342 0.253474
1.58 1.00196 0.260203
1.6 0.98021 0.267064
1.62 0.958262 0.27406
1.64 0.936205 0.281195
1.66 0.914119 0.288471
1.68 0.892077 0.295894
1.7 0.870141 0.303465
1.72 0.848369 0.311189
1.74 0.826809 0.31907
1.76 0.805505 0.32711
1.78 0.784492 0.335313
1.8 0.763801 0.343683
1.82 0.74346 0.352224
1.84 0.72349 0.360937
1.86 0.703908 0.369827
1.88 0.684728 0.378896
1.9 0.665961 0.388147
1.92 0.647616 0.397583
1.94 0.629697 0.407206
1.96 0.612207 0.417018
1.98 0.595149 0.42702
2 0.578521 0.437213
2.02 0.562321 0.4476
2.04 0.546547 0.458178
2.06 0.531194 0.468949
2.08 0.516256 0.479911
2.1 0.501729 0.491062
2.12 0.487605 0.5024
2.14 0.473878 0.513921
2.16 0.460539 0.52562
2.18 0.447581 0.537492
2.2 0.434996 0.549531
2.22 0.422775 0.561727
2.24 0.41091 0.574073
2.26 0.399392 0.586556
2.28 0.388213 0.599164
2.3 0.377364 0.611883
2.32 0.366835 0.624698
2.34 0.35662 0.637589
2.36 0.346709 0.650538
2.38 0.337093 0.663522
2.4 0.327765 0.676517
2.42 0.318716 0.689496
2.44 0.309939 0.702432
2.46 0.301425 0.715293
2.48 0.293166 0.728047
2.5 0.285156 0.740658
2.52 0.277387 0.753088
2.54 0.269851 0.765298
2.56 0.262542 0.777247
2.58 0.255452 0.788891
2.6 0.248576 0.800186
2.62 0.241906 0.811086
2.64 0.235436 0.821544
2.66 0.22916 0.831513
2.68 0.223072 0.840944
2.7 0.217167 0.849791
2.72 0.211438 0.858006
2.74 0.20588 0.865545
2.76 0.200488 0.872364
2.78 0.195256 0.878421
2.8 0.190181 0.883677
2.82 0.185255 0.888098
2.84 0.180476 0.891652
2.86 0.175839 0.894311
2.88 0.171338 0.896054
2.9 0.16697 0.896864
2.92 0.16273 0.896727
2.94 0.158616 0.895638
2.96 0.154621 0.893598
2.98 0.150744 0.89061
3 0.14698 0.886687
3.02 0.143325 0.881844
3.04 0.139777 0.876106
3.06 0.136331 0.869499
3.08 0.132985 0.862056
3.1 0.129736 0.853813
3.12 0.12658 0.844811
3.14 0.123515 0.835095
3.16 0.120537 0.824711
3.18 0.117645 0.813709
3.2 0.114835 0.802139
3.22 0.112104 0.790054
3.24 0.109451 0.777507
3.26 0.106873 0.764549
3.28 0.104368 0.751233
3.3 0.101932 0.737611
3.32 0.0995653 0.723732
3.34 0.0972643 0.709646
3.36 0.0950273 0.695399
3.38 0.0928523 0.681035
3.4 0.0907374 0.666597
3.42 0.0886807 0.652123
3.44 0.0866806 0.637652
3.46 0.0847351 0.623217
3.48 0.0828428 0.608851
3.5 0.0810019 0.594581
3.52 0.0792108 0.580435
3.54 0.0774681 0.566436
3.56 0.0757722 0.552606
3.58 0.0741218 0.538962
3.6 0.0725155 0.525523
3.62 0.0709519 0.512302
3.64 0.0694298 0.499312
3.66 0.0679479 0.486562
3.68 0.0665049 0.474062
3.7 0.0650998 0.461819
3.72 0.0637314 0.449838
3.74 0.0623985 0.438122
3.76 0.0611002 0.426676
3.78 0.0598354 0.415501
3.8 0.0586031 0.404596
3.82 0.0574024 0.393963
3.84 0.0562323 0.3836
3.86 0.0550918 0.373504
3.88 0.0539803 0.363675
3.9 0.0528967 0.354107
3.92 0.0518403 0.344799
3.94 0.0508103 0.335746
3.96 0.0498059 0.326943
3.98 0.0488264 0.318387
4 0.0478711 0.310071
4.02 0.0469392 0.301992
4.04 0.0460301 0.294144
4.06 0.0451431 0.286522
4.08 0.0442777 0.27912
4.1 0.0434331 0.271933
4.12 0.0426088 0.264955
4.14 0.0418043 0.25818
4.16 0.0410189 0.251604
4.18 0.0402522 0.245221
4.2 0.0395035 0.239025
4.22 0.0387725 0.233012
4.24 0.0380585 0.227175
4.26 0.0373612 0.22151
4.28 0.0366801 0.216011
4.3 0.0360147 0.210674
4.32 0.0353647 0.205494
4.34 0.0347294 0.200465
4.36 0.0341087 0.195583
4.38 0.033502 0.190844
4.4 0.0329091 0.186244
4.42 0.0323295 0.181777
4.44 0.0317628 0.17744
4.46 0.0312088 0.173228
4.48 0.030667 0.169138
4.5 0.0301372 0.165166
4.52 0.0296191 0.161307
4.54 0.0291122 0.157559
4.56 0.0286165 0.153918
4.58 0.0281314 0.15038
4.6 0.0276569 0.146942
4.62 0.0271925 0.143601
4.64 0.0267381 0.140354
4.66 0.0262933 0.137198
4.68 0.025858 0.13413
4.7 0.0254319 0.131147
4.72 0.0250147 0.128246
4.74 0.0246062 0.125426
4.76 0.0242062 0.122682
4.78 0.0238145 0.120013
4.8 0.023431 0.117417
4.82 0.0230552 0.114891
4.84 0.0226872 0.112433
4.86 0.0223267 0.110041
4.88 0.0219734 0.107712
4.9 0.0216273 0.105446
4.92 0.0212882 0.103239
4.94 0.0209558 0.10109
4.96 0.0206301 0.0989976
4.98 0.0203108 0.0969597
5 0.0199978 0.0949745
5.02 0.019691 0.0930406
5.04 0.0193902 0.0911563
5.06 0.0190952 0.0893202
5.08 0.018806 0.0875308
5.1 0.0185223 0.0857866
5.12 0.0182441 0.0840864
5.14 0.0179713 0.0824288
5.16 0.0177036 0.0808125
5.18 0.017441 0.0792363
5.2 0.0171834 0.0776991
5.22 0.0169307 0.0761996
5.24 0.0166826 0.0747368
5.26 0.0164393 0.0733096
5.28 0.0162004 0.0719169
5.3 0.015966 0.0705578
5.32 0.0157359 0.0692313
5.34 0.01551 0.0679365
5.36 0.0152882 0.0666724
5.38 0.0150705 0.0654382
5.4 0.0148568 0.064233
5.42 0.0146469 0.063056
5.44 0.0144408 0.0619065
5.46 0.0142383 0.0607836
5.48 0.0140395 0.0596865
5.5 0.0138443 0.0586147
5.52 0.0136525 0.0575673
5.54 0.013464 0.0565438
5.56 0.0132789 0.0555434
5.58 0.013097 0.0545656
5.6 0.0129183 0.0536096
5.62 0.0127427 0.052675
5.64 0.0125702 0.0517612
5.66 0.0124006 0.0508675
5.68 0.0122339 0.0499935
5.7 0.0120701 0.0491386
5.72 0.0119091 0.0483023
5.74 0.0117508 0.0474842
5.76 0.0115951 0.0466837
5.78 0.0114421 0.0459004
5.8 0.0112917 0.0451339
5.82 0.0111438 0.0443837
5.84 0.0109983 0.0436493
5.86 0.0108553 0.0429305
5.88 0.0107146 0.0422268
5.9 0.0105762 0.0415377
5.92 0.0104402 0.040863
5.94 0.0103063 0.0402023
5.96 0.0101746 0.0395552
5.98 0.0100451 0.0389214
6 0.00991762 0.0383005
6.02 0.00979223 0.0376922
6.04 0.00966885 0.0370963
6.06 0.00954744 0.0365124
6.08 0.00942798 0.0359402
6.1 0.00931041 0.0353794
6.12 0.0091947 0.0348298
6.14 0.00908082 0.0342911
6.16 0.00896872 0.033763
6.18 0.00885839 0.0332453
6.2 0.00874978 0.0327377
6.22 0.00864285 0.03224
6.24 0.00853759 0.031752
6.26 0.00843395 0.0312733
6.28 0.00833191 0.0308039
6.3 0.00823144 0.0303434
6.32 0.0081325 0.0298917
6.34 0.00803508 0.0294486
6.36 0.00793913 0.0290139
6.38 0.00784463 0.0285874
6.4 0.00775157 0.0281688
6.42 0.0076599 0.0277581
6.44 0.00756961 0.027355
6.46 0.00748066 0.0269593
6.48 0.00739305 0.026571
6.5 0.00730673 0.0261898
6.52 0.00722169 0.0258155
6.54 0.0071379 0.0254481
6.56 0.00705535 0.0250874
6.58 0.00697401 0.0247331
6.6 0.00689386 0.0243852
6.62 0.00681487 0.0240436
6.64 0.00673703 0.0237081
6.66 0.00666032 0.0233785
6.68 0.00658471 0.0230548
6.7 0.00651019 0.0227368
6.72 0.00643674 0.0224244
6.74 0.00636434 0.0221174
6.76 0.00629297 0.0218158
6.78 0.00622262 0.0215195
6.8 0.00615326 0.0212282
6.82 0.00608488 0.020942
6.84 0.00601746 0.0206607
6.86 0.00595099 0.0203842
6.88 0.00588545 0.0201125
6.9 0.00582082 0.0198453
6.92 0.00575709 0.0195827
6.94 0.00569424 0.0193245
6.96 0.00563227 0.0190706
6.98 0.00557114 0.0188209
7 0.00551086 0.0185755
7.02 0.0054514 0.0183341
7.04 0.00539276 0.0180967
7.06 0.00533491 0.0178632
7.08 0.00527785 0.0176336
7.1 0.00522156 0.0174077
7.12 0.00516603 0.0171854
7.14 0.00511125 0.0169668
7.16 0.0050572 0.0167518
7.18 0.00500388 0.0165402
7.2 0.00495126 0.016332
7.22 0.00489935 0.0161271
7.24 0.00484813 0.0159256
7.26 0.00479758 0.0157272
7.28 0.0047477 0.0155319
7.3 0.00469848 0.0153398
7.32 0.0046499 0.0151506
7.34 0.00460196 0.0149645
7.36 0.00455464 0.0147812
7.38 0.00450794 0.0146008
7.4 0.00446184 0.0144232
7.42 0.00441635 0.0142484
7.44 0.00437143 0.0140762
7.46 0.0043271 0.0139067
7.48 0.00428333 0.0137398
7.5 0.00424013 0.0135754
7.52 0.00419747 0.0134135
7.54 0.00415536 0.0132541
7.56 0.00411378 0.0130971
7.58 0.00407273 0.0129424
7.6 0.00403219 0.0127901
7.62 0.00399217 0.0126401
7.64 0.00395265 0.0124922
7.66 0.00391362 0.0123466
7.68 0.00387508 0.0122032
7.7 0.00383703 0.0120618
7.72 0.00379944 0.0119226
7.74 0.00376232 0.0117853
7.76 0.00372566 0.0116501
7.78 0.00368944 0.0115169
7.8 0.00365368 0.0113856
7.82 0.00361835 0.0112562
7.84 0.00358346 0.0111286
7.86 0.00354899 0.0110029
7.88 0.00351494 0.010879
7.9 0.0034813 0.0107569
7.92 0.00344807 0.0106365
7.94 0.00341524 0.0105178
7.96 0.0033828 0.0104008
7.98 0.00335076 0.0102855
8 0.0033191 0.0101717
8.02 0.00328782 0.0100596
8.04 0.00325691 0.00994906
8.06 0.00322636 0.00984004
8.08 0.00319618 0.00973254
8.1 0.00316636 0.00962653
8.12 0.00313689 0.00952199
8.14 0.00310776 0.00941888
8.16 0.00307898 0.00931719
8.18 0.00305053 0.0092169
8.2 0.00302242 0.00911797
8.22 0.00299463 0.00902039
8.24 0.00296717 0.00892414
8.26 0.00294002 0.00882918
8.28 0.00291319 0.00873551
8.3 0.00288667 0.0086431
8.32 0.00286046 0.00855193
8.34 0.00283454 0.00846198
8.36 0.00280892 0.00837322
8.38 0.0027836 0.00828565
8.4 0.00275856 0.00819924
8.42 0.00273381 0.00811397
8.44 0.00270934 0.00802983
8.46 0.00268514 0.00794679
8.48 0.00266122 0.00786484
8.5 0.00263757 0.00778396
8.52 0.00261418 0.00770413
8.54 0.00259106 0.00762534
8.56 0.00256819 0.00754758
8.58 0.00254558 0.00747081
8.6 0.00252323 0.00739504
8.62 0.00250112 0.00732024
8.64 0.00247925 0.0072464
8.66 0.00245763 0.0071735
8.68 0.00243624 0.00710153
8.7 0.00241509 0.00703048
8.72 0.00239417 0.00696033
8.74 0.00237349 0.00689106
8.76 0.00235302 0.00682267
8.78 0.00233278 0.00675513
8.8 0.00231277 0.00668844
8.82 0.00229296 0.00662259
8.84 0.00227338 0.00655756
8.86 0.002254 0.00649333
8.88 0.00223483 0.0064299
8.9 0.00221587 0.00636726
8.92 0.00219711 0.00630539
8.94 0.00217856 0.00624428
8.96 0.0021602 0.00618392
8.98 0.00214204 0.0061243
9 0.00212407 0.0060654
9.02 0.00210629 0.00600722
9.04 0.0020887 0.00594975
9.06 0.00207129 0.00589298
9.08 0.00205407 0.00583689
9.1 0.00203703 0.00578147
9.12 0.00202017 0.00572672
9.14 0.00200348 0.00567263
9.16 0.00198697 0.00561918
9.18 0.00197063 0.00556637
9.2 0.00195446 0.00551419
9.22 0.00193846 0.00546263
9.24 0.00192263 0.00541168
9.26 0.00190695 0.00536132
9.28 0.00189144 0.00531157
9.3 0.00187609 0.00526239
9.32 0.0018609 0.00521379
9.34 0.00184586 0.00516576
9.36 0.00183098 0.00511829
9.38 0.00181625 0.00507137
9.4 0.00180167 0.00502499
9.42 0.00178723 0.00497915
9.44 0.00177294 0.00493384
9.46 0.0017588 0.00488904
9.48 0.0017448 0.00484477
9.5 0.00173094 0.004801
9.52 0.00171722 0.00475773
9.54 0.00170364 0.00471495
9.56 0.00169019 0.00467266
9.58 0.00167688 0.00463085
9.6 0.0016637 0.00458951
9.62 0.00165065 0.00454864
9.64 0.00163774 0.00450823
9.66 0.00162495 0.00446827
9.68 0.00161228 0.00442876
9.7 0.00159974 0.00438969
9.72 0.00158733 0.00435105
9.74 0.00157503 0.00431285
9.76 0.00156286 0.00427507
9.78 0.0015508 0.00423771
9.8 0.00153887 0.00420076
9.82 0.00152705 0.00416421
9.84 0.00151534 0.00412807
9.86 0.00150375 0.00409233
9.88 0.00149227 0.00405697
9.9 0.0014809 0.004022
9.92 0.00146964 0.00398742
9.94 0.00145849 0.0039532
9.96 0.00144745 0.00391936
9.98 0.00143651 0.00388589
10 0.00142568 0.00385277
10.02 0.00141495 0.00382001
10.04 0.00140432 0.00378761
10.06 0.0013938 0.00375555
10.08 0.00138337 0.00372383
10.1 0.00137304 0.00369245
10.12 0.00136281 0.00366141
10.14 0.00135268 0.00363069
10.16 0.00134264 0.0036003
10.18 0.0013327 0.00357023
10.2 0.00132285 0.00354048
10.22 0.00131309 0.00351104
10.24 0.00130342 0.00348191
10.26 0.00129385 0.00345309
10.28 0.00128436 0.00342456
10.3 0.00127496 0.00339634
10.32 0.00126565 0.00336841
10.34 0.00125642 0.00334076
10.36 0.00124728 0.00331341
10.38 0.00123822 0.00328633
10.4 0.00122925 0.00325954
10.42 0.00122036 0.00323302
10.44 0.00121155 0.00320677
10.46 0.00120282 0.00318079
10.48 0.00119417 0.00315508
10.5 0.0011856 0.00312963
10.52 0.00117711 0.00310444
10.54 0.00116869 0.0030795
10.56 0.00116035 0.00305482
10.58 0.00115209 0.00303039
10.6 0.0011439 0.0030062
10.62 0.00113579 0.00298226
10.64 0.00112774 0.00295855
10.66 0.00111977 0.00293509
10.68 0.00111187 0.00291186
10.7 0.00110405 0.00288886
10.72 0.00109629 0.00286609
10.74 0.0010886 0.00284355
10.76 0.00108098 0.00282123
10.78 0.00107342 0.00279913
10.8 0.00106594 0.00277725
10.82 0.00105852 0.00275558
10.84 0.00105116 0.00273413
10.86 0.00104387 0.00271289
10.88 0.00103665 0.00269186
10.9 0.00102949 0.00267103
10.92 0.00102239 0.0026504
10.94 0.00101535 0.00262998
10.96 0.00100837 0.00260976
10.98 0.00100146 0.00258973
11 0.000994604 0.00256989
11.02 0.000987808 0.00255025
11.04 0.000981072 0.00253079
11.06 0.000974393 0.00251152
11.08 0.000967773 0.00249244
11.1 0.000961209 0.00247354
11.12 0.000954702 0.00245482
11.14 0.000948251 0.00243628
11.16 0.000941855 0.00241792
11.18 0.000935514 0.00239973
11.2 0.000929227 0.00238171
11.22 0.000922994 0.00236386
11.24 0.000916814 0.00234618
11.26 0.000910686 0.00232867
11.28 0.00090461 0.00231133
11.3 0.000898586 0.00229414
11.32 0.000892612 0.00227712
11.34 0.000886689 0.00226025
11.36 0.000880816 0.00224355
11.38 0.000874993 0.002227
11.4 0.000869218 0.0022106
11.42 0.000863491 0.00219435
11.44 0.000857813 0.00217826
11.46 0.000852181 0.00216231
11.48 0.000846597 0.00214651
11.5 0.000841059 0.00213086
11.52 0.000835568 0.00211535
11.54 0.000830121 0.00209998
11.56 0.00082472 0.00208475
11.58 0.000819364 0.00206967
11.6 0.000814051 0.00205471
11.62 0.000808783 0.0020399
11.64 0.000803557 0.00202522
11.66 0.000798375 0.00201067
11.68 0.000793235 0.00199626
11.7 0.000788137 0.00198197
11.72 0.00078308 0.00196782
11.74 0.000778065 0.00195379
11.76 0.000773091 0.00193988
11.78 0.000768157 0.0019261
11.8 0.000763263 0.00191245
11.82 0.000758409 0.00189891
11.84 0.000753594 0.0018855
11.86 0.000748817 0.00187221
11.88 0.00074408 0.00185903
11.9 0.00073938 0.00184597
11.92 0.000734718 0.00183303
11.94 0.000730093 0.0018202
11.96 0.000725506 0.00180748
11.98 0.000720955 0.00179488
12 0.00071644 0.00178239
12.02 0.000711961 0.00177
12.04 0.000707518 0.00175773
12.06 0.00070311 0.00174556
12.08 0.000698737 0.00173349
12.1 0.000694399 0.00172154
12.12 0.000690094 0.00170968
12.14 0.000685824 0.00169793
12.16 0.000681587 0.00168628
12.18 0.000677384 0.00167473
12.2 0.000673214 0.00166328
12.22 0.000669076 0.00165193
12.24 0.00066497 0.00164068
12.26 0.000660897 0.00162952
12.28 0.000656855 0.00161846
12.3 0.000652845 0.00160749
12.32 0.000648866 0.00159662
12.34 0.000644918 0.00158584
12.36 0.000641 0.00157515
12.38 0.000637112 0.00156455
12.4 0.000633255 0.00155404
12.42 0.000629427 0.00154362
12.44 0.000625629 0.00153329
12.46 0.00062186 0.00152304
12.48 0.00061812 0.00151288
12.5 0.000614408 0.00150281
12.52 0.000610725 0.00149282
12.54 0.000607069 0.00148291
12.56 0.000603442 0.00147309
12.58 0.000599842 0.00146335
12.6 0.00059627 0.00145369
12.62 0.000592725 0.00144411
12.64 0.000589206 0.00143461
12.66 0.000585714 0.00142518
12.68 0.000582249 0.00141584
12.7 0.000578809 0.00140657
12.72 0.000575395 0.00139738
12.74 0.000572007 0.00138826
12.76 0.000568645 0.00137922
12.78 0.000565307 0.00137026
12.8 0.000561995 0.00136136
12.82 0.000558707 0.00135254
12.84 0.000555444 0.00134379
12.86 0.000552205 0.00133512
12.88 0.00054899 0.00132651
12.9 0.000545799 0.00131797
12.92 0.000542631 0.0013095
12.94 0.000539487 0.0013011
12.96 0.000536366 0.00129277
12.98 0.000533268 0.00128451
13 0.000530193 0.00127631
13.02 0.000527141 0.00126817
13.04 0.000524111 0.00126011
13.06 0.000521103 0.0012521
13.08 0.000518117 0.00124416
13.1 0.000515153 0.00123629
13.12 0.00051221 0.00122848
13.14 0.000509289 0.00122072
13.16 0.000506389 0.00121303
13.18 0.00050351 0.00120541
13.2 0.000500652 0.00119784
13.22 0.000497815 0.00119033
13.24 0.000494998 0.00118288
13.26 0.000492202 0.00117549
13.28 0.000489425 0.00116815
13.3 0.000486669 0.00116088
13.32 0.000483932 0.00115366
13.34 0.000481215 0.0011465
13.36 0.000478518 0.00113939
13.38 0.000475839 0.00113234
13.4 0.00047318 0.00112535
13.42 0.00047054 0.0011184
13.44 0.000467918 0.00111152
13.46 0.000465316 0.00110468
13.48 0.000462731 0.0010979
13.5 0.000460165 0.00109117
13.52 0.000457617 0.00108449
13.54 0.000455087 0.00107787
13.56 0.000452575 0.00107129
13.58 0.000450081 0.00106477
13.6 0.000447604 0.00105829
13.62 0.000445145 0.00105187
13.64 0.000442702 0.00104549
13.66 0.000440277 0.00103916
13.68 0.000437869 0.00103288
13.7 0.000435478 0.00102665
13.72 0.000433103 0.00102047
13.74 0.000430745 0.00101433
13.76 0.000428403 0.00100824
13.78 0.000426077 0.00100219
13.8 0.000423768 0.00099619
13.82 0.000421474 0.000990235
13.84 0.000419197 0.000984325
13.86 0.000416935 0.000978459
13.88 0.000414689 0.000972637
13.9 0.000412458 0.000966859
13.92 0.000410242 0.000961123
13.94 0.000408042 0.000955431
13.96 0.000405856 0.000949781
13.98 0.000403686 0.000944172
14 0.00040153 0.000938606
14.02 0.00039939 0.00093308
14.04 0.000397263 0.000927596
14.06 0.000395151 0.000922152
14.08 0.000393054 0.000916748
14.1 0.000390971 0.000911384
14.12 0.000388901 0.000906059
14.14 0.000386846 0.000900773
14.16 0.000384805 0.000895526
14.18 0.000382777 0.000890318
14.2 0.000380763 0.000885147
14.22 0.000378763 0.000880015
14.24 0.000376776 0.000874919
14.26 0.000374802 0.000869861
14.28 0.000372842 0.000864839
14.3 0.000370895 0.000859854
14.32 0.00036896 0.000854905
14.34 0.000367039 0.000849992
14.36 0.00036513 0.000845114
14.38 0.000363234 0.000840271
14.4 0.000361351 0.000835464
14.42 0.00035948 0.00083069
14.44 0.000357621 0.000825951
14.46 0.000355775 0.000821246
14.48 0.000353941 0.000816575
14.5 0.000352119 0.000811937
14.52 0.000350309 0.000807332
14.54 0.000348511 0.00080276
14.56 0.000346725 0.00079822
14.58 0.00034495 0.000793712
14.6 0.000343187 0.000789237
14.62 0.000341436 0.000784793
14.64 0.000339696 0.000780381
14.66 0.000337967 0.000776
14.68 0.000336249 0.000771649
14.7 0.000334543 0.00076733
14.72 0.000332848 0.00076304
14.74 0.000331164 0.000758781
14.76 0.00032949 0.000754552
14.78 0.000327828 0.000750352
14.8 0.000326176 0.000746182
14.82 0.000324535 0.00074204
14.84 0.000322904 0.000737928
14.86 0.000321284 0.000733844
14.88 0.000319674 0.000729788
14.9 0.000318075 0.000725761
14.92 0.000316486 0.000721762
14.94 0.000314907 0.00071779
14.96 0.000313338 0.000713846
14.98 0.000311779 0.000709928
15 0.00031023 0.000706038
15.02 0.000308691 0.000702175
15.04 0.000307162 0.000698338
15.06 0.000305642 0.000694528
15.08 0.000304132 0.000690743
15.1 0.000302631 0.000686985
15.12 0.00030114 0.000683252
15.14 0.000299659 0.000679544
15.16 0.000298187 0.000675862
15.18 0.000296724 0.000672205
15.2 0.00029527 0.000668573
15.22 0.000293825 0.000664965
15.24 0.000292389 0.000661382
15.26 0.000290963 0.000657823
15.28 0.000289545 0.000654288
15.3 0.000288136 0.000650777
15.32 0.000286736 0.00064729
15.34 0.000285345 0.000643826
15.36 0.000283962 0.000640385
15.38 0.000282588 0.000636967
15.4 0.000281222 0.000633573
15.42 0.000279865 0.000630201
15.44 0.000278516 0.000626851
15.46 0.000277175 0.000623524
15.48 0.000275843 0.000620219
15.5 0.000274519 0.000616936
15.52 0.000273203 0.000613675
15.54 0.000271895 0.000610435
15.56 0.000270596 0.000607217
15.58 0.000269304 0.00060402
15.6 0.00026802 0.000600844
15.62 0.000266744 0.00059769
15.64 0.000265476 0.000594556
15.66 0.000264215 0.000591442
15.68 0.000262962 0.000588349
15.7 0.000261717 0.000585277
15.72 0.000260479 0.000582224
15.74 0.000259249 0.000579192
15.76 0.000258026 0.000576179
15.78 0.000256811 0.000573186
15.8 0.000255603 0.000570213
15.82 0.000254402 0.000567259
15.84 0.000253209 0.000564324
15.86 0.000252022 0.000561408
15.88 0.000250843 0.000558511
15.9 0.000249671 0.000555633
15.92 0.000248506 0.000552773
15.94 0.000247348 0.000549932
15.96 0.000246197 0.000547109
15.98 0.000245052 0.000544305
16 0.000243915 0.000541518
16.02 0.000242784 0.000538749
16.04 0.00024166 0.000535998
16.06 0.000240543 0.000533265
16.08 0.000239432 0.000530549
16.1 0.000238328 0.000527851
16.12 0.00023723 0.000525169
16.14 0.000236139 0.000522505
16.16 0.000235055 0.000519858
16.18 0.000233976 0.000517228
16.2 0.000232905 0.000514614
16.22 0.000231839 0.000512017
16.24 0.00023078 0.000509436
16.26 0.000229726 0.000506872
16.28 0.000228679 0.000504324
16.3 0.000227639 0.000501792
16.32 0.000226604 0.000499275
16.34 0.000225575 0.000496775
16.36 0.000224552 0.00049429
16.38 0.000223536 0.000491821
16.4 0.000222525 0.000489368
16.42 0.00022152 0.00048693
16.44 0.000220521 0.000484507
16.46 0.000219527 0.000482099
16.48 0.00021854 0.000479706
16.5 0.000217558 0.000477328
16.52 0.000216581 0.000474965
16.54 0.000215611 0.000472616
16.56 0.000214646 0.000470282
16.58 0.000213686 0.000467963
16.6 0.000212732 0.000465658
16.62 0.000211784 0.000463367
16.64 0.000210841 0.00046109
16.66 0.000209903 0.000458828
16.68 0.000208971 0.000456579
16.7 0.000208044 0.000454344
16.72 0.000207122 0.000452123
16.74 0.000206205 0.000449915
16.76 0.000205294 0.000447721
16.78 0.000204388 0.00044554
16.8 0.000203487 0.000443373
16.82 0.000202591 0.000441219
16.84 0.0002017 0.000439078
16.86 0.000200815 0.00043695
16.88 0.000199934 0.000434835
16.9 0.000199058 0.000432733
16.92 0.000198187 0.000430643
16.94 0.000197321 0.000428566
16.96 0.00019646 0.000426502
16.98 0.000195604 0.00042445
17 0.000194753 0.000422411
17.02 0.000193906 0.000420384
17.04 0.000193064 0.000418369
17.06 0.000192227 0.000416366
17.08 0.000191394 0.000414375
17.1 0.000190566 0.000412396
17.12 0.000189743 0.000410429
17.14 0.000188924 0.000408474
17.16 0.00018811 0.000406531
17.18 0.0001873 0.000404599
17.2 0.000186495 0.000402678
17.22 0.000185694 0.000400769
17.24 0.000184898 0.000398872
17.26 0.000184106 0.000396985
17.28 0.000183318 0.00039511
17.3 0.000182535 0.000393246
17.32 0.000181756 0.000391393
17.34 0.000180981 0.000389551
17.36 0.000180211 0.000387719
17.38 0.000179445 0.000385899
17.4 0.000178683 0.000384089
17.42 0.000177925 0.00038229
17.44 0.000177171 0.000380502
17.46 0.000176422 0.000378724
17.48 0.000175676 0.000376956
17.5 0.000174935 0.000375199
17.52 0.000174197 0.000373452
17.54 0.000173464 0.000371715
17.56 0.000172734 0.000369988
17.58 0.000172009 0.000368272
17.6 0.000171287 0.000366565
17.62 0.000170569 0.000364868
17.64 0.000169856 0.000363181
17.66 0.000169146 0.000361504
17.68 0.00016844 0.000359837
17.7 0.000167737 0.000358179
17.72 0.000167039 0.000356531
17.74 0.000166344 0.000354892
17.76 0.000165653 0.000353263
17.78 0.000164965 0.000351643
17.8 0.000164282 0.000350033
17.82 0.000163602 0.000348431
17.84 0.000162925 0.000346839
17.86 0.000162252 0.000345256
17.88 0.000161583 0.000343682
17.9 0.000160917 0.000342117
17.92 0.000160255 0.000340561
17.94 0.000159596 0.000339014
17.96 0.000158941 0.000337476
17.98 0.00015829 0.000335946
18 0.000157641 0.000334425
18.02 0.000156996 0.000332913
18.04 0.000156355 0.000331409
18.06 0.000155717 0.000329914
18.08 0.000155082 0.000328428
18.1 0.000154451 0.000326949
18.12 0.000153823 0.000325479
18.14 0.000153198 0.000324018
18.16 0.000152577 0.000322564
18.18 0.000151958 0.000321119
18.2 0.000151343 0.000319682
18.22 0.000150731 0.000318253
18.24 0.000150123 0.000316831
18.26 0.000149517 0.000315418
18.28 0.000148915 0.000314013
18.3 0.000148316 0.000312616
18.32 0.00014772 0.000311226
18.34 0.000147127 0.000309844
18.36 0.000146537 0.00030847
18.38 0.00014595 0.000307103
18.4 0.000145366 0.000305744
18.42 0.000144786 0.000304393
18.44 0.000144208 0.000303049
18.46 0.000143633 0.000301713
18.48 0.000143061 0.000300384
18.5 0.000142492 0.000299062
18.52 0.000141926 0.000297747
18.54 0.000141363 0.00029644
18.56 0.000140803 0.00029514
18.58 0.000140245 0.000293847
18.6 0.000139691 0.000292561
18.62 0.000139139 0.000291283
18.64 0.00013859 0.000290011
18.66 0.000138044 0.000288746
18.68 0.000137501 0.000287488
18.7 0.00013696 0.000286237
18.72 0.000136423 0.000284993
18.74 0.000135888 0.000283756
18.76 0.000135355 0.000282525
18.78 0.000134825 0.000281301
18.8 0.000134298 0.000280084
18.82 0.000133774 0.000278873
18.84 0.000133252 0.000277669
18.86 0.000132733 0.000276471
18.88 0.000132217 0.00027528
18.9 0.000131703 0.000274095
18.92 0.000131192 0.000272917
18.94 0.000130683 0.000271745
18.96 0.000130177 0.000270579
18.98 0.000129673 0.00026942
19 0.000129172 0.000268266
19.02 0.000128674 0.000267119
19.04 0.000128177 0.000265978
19.06 0.000127684 0.000264844
19.08 0.000127193 0.000263715
19.1 0.000126704 0.000262592
19.12 0.000126217 0.000261476
19.14 0.000125734 0.000260365
19.16 0.000125252 0.00025926
19.18 0.000124773 0.000258161
19.2 0.000124296 0.000257068
19.22 0.000123822 0.000255981
19.24 0.00012335 0.000254899
19.26 0.00012288 0.000253823
19.28 0.000122412 0.000252753
19.3 0.000121947 0.000251689
19.32 0.000121484 0.00025063
19.34 0.000121024 0.000249576
19.36 0.000120566 0.000248529
19.38 0.000120109 0.000247486
19.4 0.000119656 0.00024645
19.42 0.000119204 0.000245418
19.44 0.000118755 0.000244392
19.46 0.000118307 0.000243372
19.48 0.000117862 0.000242357
19.5 0.000117419 0.000241347
19.52 0.000116979 0.000240342
19.54 0.00011654 0.000239343
19.56 0.000116104 0.000238349
19.58 0.000115669 0.00023736
19.6 0.000115237 0.000236376
19.62 0.000114807 0.000235397
19.64 0.000114379 0.000234423
19.66 0.000113953 0.000233455
19.68 0.000113529 0.000232491
19.7 0.000113107 0.000231533
19.72 0.000112687 0.000230579
19.74 0.000112269 0.00022963
19.76 0.000111853 0.000228686
19.78 0.000111439 0.000227747
19.8 0.000111027 0.000226813
19.82 0.000110617 0.000225884
19.84 0.000110209 0.000224959
19.86 0.000109803 0.000224039
19.88 0.000109399 0.000223124
19.9 0.000108997 0.000222214
19.92 0.000108597 0.000221308
19.94 0.000108199 0.000220407
19.96 0.000107802 0.00021951
19.98 0.000107408 0.000218618
20 0.000107015 0.000217731
