0 0 0
0.02 0.0722996 0.0708107
0.04 0.102701 0.100401
0.06 0.126505 0.123378
0.08 0.14707 0.14303
0.1 0.1657 0.160634
0.12 0.183067 0.176842
0.14 0.199573 0.192047
0.16 0.215484 0.206502
0.18 0.230986 0.220387
0.2 0.246218 0.23383
0.22 0.261286 0.246932
0.24 0.276276 0.259771
0.26 0.291257 0.27241
0.28 0.306288 0.284899
0.3 0.321419 0.297282
0.32 0.336693 0.309596
0.34 0.352147 0.321872
0.36 0.367814 0.334138
0.38 0.383724 0.346418
0.4 0.399903 0.358735
0.42 0.416373 0.371106
0.44 0.433155 0.383551
0.46 0.450264 0.396084
0.48 0.467717 0.408721
0.5 0.485522 0.421475
0.52 0.503688 0.434358
0.54 0.52222 0.447382
0.56 0.541118 0.460557
0.58 0.560378 0.473894
0.6 0.579994 0.4874
0.62 0.599951 0.501084
0.64 0.620232 0.514954
0.66 0.640814 0.529016
0.68 0.661666 0.543277
0.7 0.682753 0.557741
0.72 0.704031 0.572413
0.74 0.72545 0.587296
0.76 0.746952 0.602394
0.78 0.76847 0.617709
0.8 0.789932 0.633242
0.82 0.811256 0.648992
0.84 0.832355 0.664959
0.86 0.853132 0.681141
0.88 0.873487 0.697535
0.9 0.893313 0.714136
0.92 0.9125 0.730939
0.94 0.930937 0.747936
0.96 0.948509 0.765119
0.98 0.965105 0.782478
1 0.980616 0.8
1.02 0.994937 0.817673
1.04 1.00797 0.83548
1.06 1.01964 0.853405
1.08 1.02985 0.871429
1.1 1.03855 0.889529
1.12 1.04568 0.907684
1.14 1.05121 0.925866
1.16 1.05513 0.944049
1.18 1.05742 0.962202
1.2 1.05809 0.980294
1.22 1.05717 0.99829
1.24 1.05471 1.01615
1.26 1.05075 1.03385
1.28 1.04535 1.05133
1.3 1.03859 1.06856
1.32 1.03054 1.08549
1.34 1.0213 1.10208
1.36 1.01095 1.11828
1.38 0.999587 1.13404
1.4 0.987307 1.14931
1.42 0.974203 1.16405
1.44 0.960369 1.17821
1.46 0.945895 1.19173
1.48 0.93087 1.20457
1.5 0.915378 1.21668
1.52 0.899498 1.22801
1.54 0.883305 1.23852
1.56 0.86687 1.24817
1.58 0.850258 1.25692
1.6 0.833528 1.26473
1.62 0.816735 1.27157
1.64 0.799929 1.27742
1.66 0.783154 1.28224
1.68 0.766453 1.28602
1.7 0.749859 1.28873
1.72 0.733406 1.29039
1.74 0.717121 1.29096
1.76 0.701029 1.29047
1.78 0.685152 1.2889
1.8 0.669507 1.28627
1.82 0.65411 1.2826
1.84 0.638975 1.2779
1.86 0.624111 1.2722
1.88 0.609527 1.26553
1.9 0.59523 1.25792
1.92 0.581225 1.2494
1.94 0.567516 1.24002
1.96 0.554105 1.22981
1.98 0.540993 1.21883
2 0.52818 1.20711
2.02 0.515665 1.1947
2.04 0.503446 1.18166
2.06 0.491522 1.16803
2.08 0.479888 1.15386
2.1 0.468542 1.1392
2.12 0.457479 1.12411
2.14 0.446695 1.10863
2.16 0.436186 1.0928
2.18 0.425946 1.07668
2.2 0.415971 1.06031
2.22 0.406255 1.04373
2.24 0.396793 1.02699
2.26 0.387579 1.01012
2.28 0.378608 0.993162
2.3 0.369874 0.976151
2.32 0.361371 0.959121
2.34 0.353094 0.942103
2.36 0.345037 0.925125
2.38 0.337195 0.908216
2.4 0.329562 0.891398
2.42 0.322133 0.874696
2.44 0.314902 0.85813
2.46 0.307864 0.841719
2.48 0.301014 0.82548
2.5 0.294347 0.809428
2.52 0.287857 0.793576
2.54 0.28154 0.777937
2.56 0.275392 0.762521
2.58 0.269406 0.747336
2.6 0.263579 0.732391
2.62 0.257907 0.717692
2.64 0.252384 0.703245
2.66 0.247007 0.689053
2.68 0.241771 0.67512
2.7 0.236673 0.661448
2.72 0.231708 0.648039
2.74 0.226873 0.634894
2.76 0.222163 0.622012
2.78 0.217576 0.609394
2.8 0.213107 0.597038
2.82 0.208754 0.584942
2.84 0.204513 0.573106
2.86 0.20038 0.561525
2.88 0.196353 0.550198
2.9 0.192429 0.539122
2.92 0.188604 0.528292
2.94 0.184876 0.517707
2.96 0.181242 0.507361
2.98 0.177699 0.497251
3 0.174245 0.487373
3.02 0.170877 0.477723
3.04 0.167592 0.468297
3.06 0.164389 0.459089
3.08 0.161265 0.450096
3.1 0.158217 0.441314
3.12 0.155244 0.432737
3.14 0.152343 0.424362
3.16 0.149512 0.416184
3.18 0.14675 0.408198
3.2 0.144054 0.4004
3.22 0.141423 0.392786
3.24 0.138854 0.385352
3.26 0.136347 0.378093
3.28 0.133899 0.371004
3.3 0.131508 0.364082
3.32 0.129173 0.357323
3.34 0.126893 0.350723
3.36 0.124666 0.344277
3.38 0.12249 0.337983
3.4 0.120365 0.331835
3.42 0.118288 0.32583
3.44 0.116258 0.319965
3.46 0.114275 0.314236
3.48 0.112336 0.308639
3.5 0.110442 0.303172
3.52 0.108589 0.29783
3.54 0.106778 0.292611
3.56 0.105007 0.287511
3.58 0.103276 0.282528
3.6 0.101582 0.277657
3.62 0.0999259 0.272897
3.64 0.0983056 0.268245
3.66 0.0967205 0.263696
3.68 0.0951697 0.25925
3.7 0.0936522 0.254903
3.72 0.0921672 0.250653
3.74 0.0907139 0.246496
3.76 0.0892914 0.242431
3.78 0.0878989 0.238456
3.8 0.0865358 0.234568
3.82 0.0852011 0.230764
3.84 0.0838942 0.227043
3.86 0.0826144 0.223402
3.88 0.0813611 0.219839
3.9 0.0801334 0.216353
3.92 0.0789309 0.212941
3.94 0.0777528 0.209602
3.96 0.0765986 0.206333
3.98 0.0754677 0.203133
4 0.0743594 0.2
4.02 0.0732733 0.196932
4.04 0.0722087 0.193928
4.06 0.0711653 0.190987
4.08 0.0701423 0.188105
4.1 0.0691395 0.185283
4.12 0.0681562 0.182519
4.14 0.0671919 0.17981
4.16 0.0662464 0.177156
4.18 0.065319 0.174556
4.2 0.0644094 0.172007
4.22 0.0635171 0.16951
4.24 0.0626417 0.167061
4.26 0.0617829 0.164662
4.28 0.0609402 0.162309
4.3 0.0601133 0.160002
4.32 0.0593018 0.157741
4.34 0.0585054 0.155523
4.36 0.0577236 0.153348
4.38 0.0569562 0.151214
4.4 0.0562029 0.149122
4.42 0.0554632 0.147069
4.44 0.054737 0.145055
4.46 0.0540238 0.143079
4.48 0.0533235 0.14114
4.5 0.0526357 0.139237
4.52 0.0519601 0.13737
4.54 0.0512965 0.135537
4.56 0.0506446 0.133738
4.58 0.0500041 0.131971
4.6 0.0493749 0.130237
4.62 0.0487565 0.128535
4.64 0.0481489 0.126863
4.66 0.0475518 0.125221
4.68 0.0469649 0.123609
4.7 0.046388 0.122025
4.72 0.045821 0.12047
4.74 0.0452636 0.118942
4.76 0.0447155 0.11744
4.78 0.0441767 0.115965
4.8 0.0436468 0.114516
4.82 0.0431258 0.113092
4.84 0.0426134 0.111692
4.86 0.0421095 0.110317
4.88 0.0416138 0.108965
4.9 0.0411263 0.107636
4.92 0.0406467 0.106329
4.94 0.0401748 0.105045
4.96 0.0397106 0.103782
4.98 0.0392538 0.10254
5 0.0388044 0.101319
5.02 0.0383621 0.100118
5.04 0.0379268 0.0989366
5.06 0.0374984 0.0977749
5.08 0.0370767 0.0966321
5.1 0.0366616 0.095508
5.12 0.0362531 0.0944021
5.14 0.0358508 0.093314
5.16 0.0354548 0.0922434
5.18 0.0350649 0.0911899
5.2 0.0346809 0.0901532
5.22 0.0343028 0.0891329
5.24 0.0339305 0.0881288
5.26 0.0335638 0.0871404
5.28 0.0332027 0.0861675
5.3 0.0328469 0.0852097
5.32 0.0324965 0.0842668
5.34 0.0321513 0.0833385
5.36 0.0318112 0.0824244
5.38 0.0314762 0.0815244
5.4 0.0311461 0.0806381
5.42 0.0308208 0.0797652
5.44 0.0305003 0.0789056
5.46 0.0301844 0.0780589
5.48 0.0298731 0.0772249
5.5 0.0295663 0.0764033
5.52 0.0292639 0.075594
5.54 0.0289658 0.0747967
5.56 0.028672 0.0740111
5.58 0.0283823 0.0732371
5.6 0.0280967 0.0724744
5.62 0.0278152 0.0717228
5.64 0.0275376 0.0709821
5.66 0.0272639 0.0702521
5.68 0.026994 0.0695327
5.7 0.0267278 0.0688235
5.72 0.0264653 0.0681245
5.74 0.0262064 0.0674355
5.76 0.0259511 0.0667561
5.78 0.0256992 0.0660864
5.8 0.0254508 0.0654261
5.82 0.0252057 0.064775
5.84 0.024964 0.0641331
5.86 0.0247255 0.0635
5.88 0.0244902 0.0628757
5.9 0.024258 0.06226
5.92 0.0240289 0.0616527
5.94 0.0238029 0.0610538
5.96 0.0235798 0.060463
5.98 0.0233597 0.0598802
6 0.0231424 0.0593053
6.02 0.022928 0.0587381
6.04 0.0227163 0.0581786
6.06 0.0225074 0.0576265
6.08 0.0223012 0.0570818
6.1 0.0220977 0.0565443
6.12 0.0218967 0.0560139
6.14 0.0216984 0.0554905
6.16 0.0215025 0.0549739
6.18 0.0213091 0.0544641
6.2 0.0211182 0.0539609
6.22 0.0209296 0.0534643
6.24 0.0207435 0.0529741
6.26 0.0205596 0.0524901
6.28 0.0203781 0.0520124
6.3 0.0201987 0.0515408
6.32 0.0200216 0.0510752
6.34 0.0198467 0.0506155
6.36 0.019674 0.0501616
6.38 0.0195033 0.0497135
6.4 0.0193347 0.0492709
6.42 0.0191682 0.0488339
6.44 0.0190037 0.0484023
6.46 0.0188411 0.0479761
6.48 0.0186805 0.0475552
6.5 0.0185219 0.0471394
6.52 0.0183651 0.0467288
6.54 0.0182102 0.0463232
6.56 0.0180571 0.0459225
6.58 0.0179059 0.0455267
6.6 0.0177564 0.0451357
6.62 0.0176087 0.0447494
6.64 0.0174627 0.0443678
6.66 0.0173184 0.0439907
6.68 0.0171758 0.0436181
6.7 0.0170348 0.04325
6.72 0.0168954 0.0428862
6.74 0.0167577 0.0425268
6.76 0.0166215 0.0421715
6.78 0.0164869 0.0418205
6.8 0.0163538 0.0414735
6.82 0.0162222 0.0411306
6.84 0.0160922 0.0407917
6.86 0.0159635 0.0404567
6.88 0.0158364 0.0401256
6.9 0.0157106 0.0397983
6.92 0.0155863 0.0394748
6.94 0.0154633 0.0391549
6.96 0.0153417 0.0388387
6.98 0.0152215 0.0385261
7 0.0151025 0.038217
7.02 0.0149849 0.0379114
7.04 0.0148686 0.0376092
7.06 0.0147535 0.0373104
7.08 0.0146397 0.037015
7.1 0.0145271 0.0367229
7.12 0.0144158 0.036434
7.14 0.0143056 0.0361483
7.16 0.0141966 0.0358657
7.18 0.0140888 0.0355863
7.2 0.0139822 0.0353099
7.22 0.0138766 0.0350365
7.24 0.0137722 0.0347661
7.26 0.0136689 0.0344987
7.28 0.0135667 0.0342341
7.3 0.0134656 0.0339724
7.32 0.0133655 0.0337135
7.34 0.0132665 0.0334574
7.36 0.0131685 0.033204
7.38 0.0130715 0.0329534
7.4 0.0129755 0.0327053
7.42 0.0128806 0.03246
7.44 0.0127865 0.0322172
7.46 0.0126935 0.0319769
7.48 0.0126014 0.0317392
7.5 0.0125103 0.031504
7.52 0.01242 0.0312712
7.54 0.0123307 0.0310408
7.56 0.0122423 0.0308128
7.58 0.0121548 0.0305872
7.6 0.0120682 0.0303639
7.62 0.0119824 0.0301429
7.64 0.0118975 0.0299242
7.66 0.0118135 0.0297077
7.68 0.0117302 0.0294934
7.7 0.0116478 0.0292813
7.72 0.0115662 0.0290713
7.74 0.0114855 0.0288634
7.76 0.0114055 0.0286577
7.78 0.0113263 0.028454
7.8 0.0112478 0.0282523
7.82 0.0111702 0.0280527
7.84 0.0110932 0.027855
7.86 0.0110171 0.0276593
7.88 0.0109416 0.0274655
7.9 0.0108669 0.0272737
7.92 0.0107929 0.0270837
7.94 0.0107197 0.0268956
7.96 0.0106471 0.0267093
7.98 0.0105752 0.0265248
8 0.010504 0.0263422
8.02 0.0104335 0.0261613
8.04 0.0103636 0.0259821
8.06 0.0102944 0.0258047
8.08 0.0102258 0.025629
8.1 0.0101579 0.025455
8.12 0.0100906 0.0252826
8.14 0.010024 0.0251119
8.16 0.00995793 0.0249428
8.18 0.0098925 0.0247753
8.2 0.00982768 0.0246094
8.22 0.00976346 0.024445
8.24 0.00969983 0.0242822
8.26 0.00963678 0.0241209
8.28 0.00957431 0.0239611
8.3 0.00951241 0.0238029
8.32 0.00945107 0.0236461
8.34 0.00939028 0.0234907
8.36 0.00933005 0.0233368
8.38 0.00927036 0.0231843
8.4 0.00921121 0.0230332
8.42 0.00915258 0.0228835
8.44 0.00909449 0.0227351
8.46 0.00903691 0.0225881
8.48 0.00897984 0.0224425
8.5 0.00892328 0.0222981
8.52 0.00886723 0.0221551
8.54 0.00881166 0.0220134
8.56 0.00875659 0.0218729
8.58 0.008702 0.0217337
8.6 0.00864789 0.0215958
8.62 0.00859425 0.0214591
8.64 0.00854109 0.0213236
8.66 0.00848838 0.0211893
8.68 0.00843613 0.0210562
8.7 0.00838433 0.0209243
8.72 0.00833298 0.0207935
8.74 0.00828208 0.0206639
8.76 0.00823161 0.0205354
8.78 0.00818157 0.0204081
8.8 0.00813196 0.0202818
8.82 0.00808277 0.0201567
8.84 0.00803401 0.0200326
8.86 0.00798565 0.0199096
8.88 0.00793771 0.0197877
8.9 0.00789017 0.0196669
8.92 0.00784303 0.019547
8.94 0.00779629 0.0194282
8.96 0.00774993 0.0193105
8.98 0.00770397 0.0191937
9 0.00765839 0.0190779
9.02 0.00761319 0.0189631
9.04 0.00756836 0.0188493
9.06 0.00752391 0.0187364
9.08 0.00747982 0.0186245
9.1 0.00743609 0.0185135
9.12 0.00739273 0.0184035
9.14 0.00734972 0.0182944
9.16 0.00730706 0.0181861
9.18 0.00726475 0.0180788
9.2 0.00722279 0.0179724
9.22 0.00718117 0.0178669
9.24 0.00713988 0.0177622
9.26 0.00709893 0.0176584
9.28 0.0070583 0.0175555
9.3 0.00701801 0.0174534
9.32 0.00697804 0.0173521
9.34 0.00693838 0.0172516
9.36 0.00689905 0.017152
9.38 0.00686003 0.0170532
9.4 0.00682132 0.0169552
9.42 0.00678291 0.016858
9.44 0.00674481 0.0167615
9.46 0.00670701 0.0166659
9.48 0.00666951 0.016571
9.5 0.00663231 0.0164769
9.52 0.00659539 0.0163835
9.54 0.00655877 0.0162908
9.56 0.00652243 0.016199
9.58 0.00648637 0.0161078
9.6 0.00645059 0.0160173
9.62 0.0064151 0.0159276
9.64 0.00637987 0.0158386
9.66 0.00634492 0.0157503
9.68 0.00631024 0.0156626
9.7 0.00627582 0.0155757
9.72 0.00624167 0.0154894
9.74 0.00620778 0.0154038
9.76 0.00617414 0.0153189
9.78 0.00614077 0.0152347
9.8 0.00610765 0.015151
9.82 0.00607477 0.0150681
9.84 0.00604215 0.0149857
9.86 0.00600978 0.014904
9.88 0.00597764 0.014823
9.9 0.00594575 0.0147425
9.92 0.0059141 0.0146627
9.94 0.00588269 0.0145835
9.96 0.00585151 0.0145048
9.98 0.00582056 0.0144268
10 0.00578984 0.0143494
10.02 0.00575935 0.0142725
10.04 0.00572909 0.0141963
10.06 0.00569905 0.0141206
10.08 0.00566923 0.0140454
10.1 0.00563963 0.0139709
10.12 0.00561025 0.0138969
10.14 0.00558108 0.0138234
10.16 0.00555213 0.0137505
10.18 0.00552338 0.0136781
10.2 0.00549485 0.0136063
10.22 0.00546652 0.013535
10.24 0.0054384 0.0134642
10.26 0.00541048 0.0133939
10.28 0.00538277 0.0133242
10.3 0.00535525 0.013255
10.32 0.00532793 0.0131862
10.34 0.00530081 0.013118
10.36 0.00527388 0.0130503
10.38 0.00524714 0.012983
10.4 0.0052206 0.0129163
10.42 0.00519424 0.01285
10.44 0.00516807 0.0127842
10.46 0.00514208 0.0127189
10.48 0.00511628 0.0126541
10.5 0.00509066 0.0125897
10.52 0.00506523 0.0125258
10.54 0.00503996 0.0124623
10.56 0.00501488 0.0123993
10.58 0.00498997 0.0123368
10.6 0.00496524 0.0122747
10.62 0.00494068 0.012213
10.64 0.00491629 0.0121517
10.66 0.00489207 0.0120909
10.68 0.00486801 0.0120305
10.7 0.00484412 0.0119706
10.72 0.0048204 0.0119111
10.74 0.00479684 0.0118519
10.76 0.00477344 0.0117932
10.78 0.00475021 0.0117349
10.8 0.00472713 0.011677
10.82 0.00470421 0.0116196
10.84 0.00468144 0.0115625
10.86 0.00465883 0.0115058
10.88 0.00463638 0.0114495
10.9 0.00461407 0.0113935
10.92 0.00459192 0.011338
10.94 0.00456992 0.0112829
10.96 0.00454806 0.0112281
10.98 0.00452635 0.0111737
11 0.00450479 0.0111196
11.02 0.00448337 0.011066
11.04 0.00446209 0.0110127
11.06 0.00444096 0.0109597
11.08 0.00441997 0.0109072
11.1 0.00439911 0.0108549
11.12 0.0043784 0.0108031
11.14 0.00435782 0.0107515
11.16 0.00433738 0.0107004
11.18 0.00431707 0.0106495
11.2 0.0042969 0.010599
11.22 0.00427686 0.0105489
11.24 0.00425695 0.010499
11.26 0.00423717 0.0104496
11.28 0.00421751 0.0104004
11.3 0.00419799 0.0103515
11.32 0.0041786 0.010303
11.34 0.00415933 0.0102548
11.36 0.00414018 0.0102069
11.38 0.00412116 0.0101594
11.4 0.00410226 0.0101121
11.42 0.00408349 0.0100652
11.44 0.00406483 0.0100185
11.46 0.00404629 0.0099722
11.48 0.00402788 0.00992617
11.5 0.00400958 0.00988043
11.52 0.00399139 0.00983499
11.54 0.00397333 0.00978985
11.56 0.00395538 0.00974499
11.58 0.00393754 0.00970043
11.6 0.00391981 0.00965615
11.62 0.0039022 0.00961216
11.64 0.0038847 0.00956845
11.66 0.00386731 0.00952501
11.68 0.00385003 0.00948186
11.7 0.00383285 0.00943898
11.72 0.00381579 0.00939637
11.74 0.00379883 0.00935403
11.76 0.00378197 0.00931197
11.78 0.00376523 0.00927016
11.8 0.00374858 0.00922863
11.82 0.00373204 0.00918735
11.84 0.0037156 0.00914633
11.86 0.00369927 0.00910557
11.88 0.00368303 0.00906507
11.9 0.0036669 0.00902482
11.92 0.00365086 0.00898482
11.94 0.00363492 0.00894507
11.96 0.00361908 0.00890556
11.98 0.00360334 0.00886631
12 0.0035877 0.00882729
12.02 0.00357214 0.00878852
12.04 0.00355669 0.00874999
12.06 0.00354133 0.00871169
12.08 0.00352606 0.00867363
12.1 0.00351088 0.00863581
12.12 0.00349579 0.00859821
12.14 0.0034808 0.00856085
12.16 0.0034659 0.00852371
12.18 0.00345108 0.0084868
12.2 0.00343636 0.00845012
12.22 0.00342172 0.00841366
12.24 0.00340717 0.00837742
12.26 0.00339271 0.0083414
12.28 0.00337833 0.00830559
12.3 0.00336404 0.00827001
12.32 0.00334984 0.00823463
12.34 0.00333572 0.00819947
12.36 0.00332168 0.00816452
12.38 0.00330773 0.00812979
12.4 0.00329385 0.00809525
12.42 0.00328006 0.00806093
12.44 0.00326635 0.00802681
12.46 0.00325272 0.00799289
12.48 0.00323918 0.00795917
12.5 0.00322571 0.00792566
12.52 0.00321231 0.00789234
12.54 0.003199 0.00785922
12.56 0.00318577 0.0078263
12.58 0.00317261 0.00779356
12.6 0.00315952 0.00776102
12.62 0.00314652 0.00772868
12.64 0.00313359 0.00769652
12.66 0.00312073 0.00766455
12.68 0.00310795 0.00763277
12.7 0.00309524 0.00760117
12.72 0.0030826 0.00756975
12.74 0.00307004 0.00753852
12.76 0.00305755 0.00750747
12.78 0.00304513 0.0074766
12.8 0.00303278 0.00744591
12.82 0.0030205 0.00741539
12.84 0.00300829 0.00738505
12.86 0.00299615 0.00735489
12.88 0.00298408 0.0073249
12.9 0.00297207 0.00729508
12.92 0.00296014 0.00726543
12.94 0.00294827 0.00723595
12.96 0.00293647 0.00720664
12.98 0.00292474 0.00717749
13 0.00291307 0.00714851
13.02 0.00290146 0.0071197
13.04 0.00288993 0.00709105
13.06 0.00287845 0.00706256
13.08 0.00286704 0.00703423
13.1 0.0028557 0.00700606
13.12 0.00284441 0.00697805
13.14 0.00283319 0.0069502
13.16 0.00282203 0.0069225
13.18 0.00281094 0.00689496
13.2 0.0027999 0.00686757
13.22 0.00278892 0.00684034
13.24 0.00277801 0.00681326
13.26 0.00276716 0.00678633
13.28 0.00275636 0.00675954
13.3 0.00274563 0.00673291
13.32 0.00273495 0.00670642
13.34 0.00272433 0.00668009
13.36 0.00271377 0.00665389
13.38 0.00270327 0.00662784
13.4 0.00269282 0.00660194
13.42 0.00268243 0.00657617
13.44 0.0026721 0.00655055
13.46 0.00266182 0.00652507
13.48 0.0026516 0.00649972
13.5 0.00264143 0.00647452
13.52 0.00263132 0.00644945
13.54 0.00262126 0.00642452
13.56 0.00261126 0.00639972
13.58 0.00260131 0.00637506
13.6 0.00259141 0.00635054
13.62 0.00258157 0.00632614
13.64 0.00257177 0.00630188
13.66 0.00256204 0.00627775
13.68 0.00255235 0.00625374
13.7 0.00254271 0.00622987
13.72 0.00253313 0.00620612
13.74 0.00252359 0.00618251
13.76 0.00251411 0.00615901
13.78 0.00250467 0.00613565
13.8 0.00249529 0.00611241
13.82 0.00248596 0.00608929
13.84 0.00247667 0.00606629
13.86 0.00246743 0.00604342
13.88 0.00245824 0.00602067
13.9 0.0024491 0.00599804
13.92 0.00244001 0.00597552
13.94 0.00243096 0.00595313
13.96 0.00242197 0.00593086
13.98 0.00241301 0.0059087
14 0.00240411 0.00588666
14.02 0.00239525 0.00586473
14.04 0.00238644 0.00584292
14.06 0.00237767 0.00582122
14.08 0.00236895 0.00579964
14.1 0.00236027 0.00577816
14.12 0.00235164 0.0057568
14.14 0.00234305 0.00573555
14.16 0.0023345 0.00571442
14.18 0.002326 0.00569339
14.2 0.00231754 0.00567247
14.22 0.00230913 0.00565165
14.24 0.00230076 0.00563095
14.26 0.00229243 0.00561035
14.28 0.00228414 0.00558986
14.3 0.0022759 0.00556947
14.32 0.0022677 0.00554918
14.34 0.00225954 0.00552901
14.36 0.00225142 0.00550893
14.38 0.00224334 0.00548895
14.4 0.0022353 0.00546908
14.42 0.0022273 0.00544931
14.44 0.00221934 0.00542964
14.46 0.00221143 0.00541007
14.48 0.00220355 0.0053906
14.5 0.00219571 0.00537123
14.52 0.00218791 0.00535195
14.54 0.00218015 0.00533277
14.56 0.00217243 0.00531369
14.58 0.00216474 0.0052947
14.6 0.0021571 0.00527581
14.62 0.00214949 0.00525702
14.64 0.00214192 0.00523832
14.66 0.00213439 0.00521971
14.68 0.00212689 0.00520119
14.7 0.00211944 0.00518277
14.72 0.00211201 0.00516444
14.74 0.00210463 0.0051462
14.76 0.00209728 0.00512805
14.78 0.00208997 0.00510999
14.8 0.00208269 0.00509202
14.82 0.00207545 0.00507414
14.84 0.00206824 0.00505634
14.86 0.00206107 0.00503864
14.88 0.00205393 0.00502102
14.9 0.00204683 0.00500349
14.92 0.00203977 0.00498604
14.94 0.00203273 0.00496868
14.96 0.00202574 0.0049514
14.98 0.00201877 0.00493421
15 0.00201184 0.0049171
15.02 0.00200494 0.00490008
15.04 0.00199808 0.00488314
15.06 0.00199124 0.00486628
15.08 0.00198445 0.0048495
15.1 0.00197768 0.00483281
15.12 0.00197095 0.00481619
15.14 0.00196424 0.00479966
15.16 0.00195757 0.0047832
15.18 0.00195094 0.00476683
15.2 0.00194433 0.00475053
15.22 0.00193775 0.00473431
15.24 0.00193121 0.00471817
15.26 0.0019247 0.0047021
15.28 0.00191822 0.00468612
15.3 0.00191177 0.00467021
15.32 0.00190534 0.00465437
15.34 0.00189895 0.00463861
15.36 0.00189259 0.00462293
15.38 0.00188626 0.00460732
15.4 0.00187996 0.00459178
15.42 0.00187369 0.00457632
15.44 0.00186745 0.00456093
15.46 0.00186124 0.00454561
15.48 0.00185505 0.00453037
15.5 0.0018489 0.0045152
15.52 0.00184277 0.0045001
15.54 0.00183667 0.00448507
15.56 0.0018306 0.00447011
15.58 0.00182456 0.00445522
15.6 0.00181855 0.0044404
15.62 0.00181256 0.00442565
15.64 0.00180661 0.00441096
15.66 0.00180067 0.00439635
15.68 0.00179477 0.00438181
15.7 0.0017889 0.00436733
15.72 0.00178305 0.00435292
15.74 0.00177722 0.00433857
15.76 0.00177143 0.0043243
15.78 0.00176566 0.00431008
15.8 0.00175992 0.00429594
15.82 0.0017542 0.00428186
15.84 0.00174851 0.00426784
15.86 0.00174285 0.00425389
15.88 0.00173721 0.00424
15.9 0.0017316 0.00422618
15.92 0.00172601 0.00421242
15.94 0.00172045 0.00419872
15.96 0.00171491 0.00418509
15.98 0.0017094 0.00417151
16 0.00170391 0.004158
16.02 0.00169845 0.00414455
16.04 0.00169301 0.00413117
16.06 0.0016876 0.00411784
16.08 0.00168221 0.00410457
16.1 0.00167684 0.00409136
16.12 0.0016715 0.00407822
16.14 0.00166618 0.00406513
16.16 0.00166089 0.0040521
16.18 0.00165562 0.00403913
16.2 0.00165037 0.00402622
16.22 0.00164515 0.00401336
16.24 0.00163995 0.00400057
16.26 0.00163477 0.00398783
16.28 0.00162962 0.00397515
16.3 0.00162449 0.00396252
16.32 0.00161938 0.00394995
16.34 0.00161429 0.00393744
16.36 0.00160923 0.00392498
16.38 0.00160419 0.00391258
16.4 0.00159917 0.00390023
16.42 0.00159417 0.00388794
16.44 0.0015892 0.0038757
16.46 0.00158425 0.00386352
16.48 0.00157931 0.00385139
16.5 0.0015744 0.00383931
16.52 0.00156951 0.00382729
16.54 0.00156465 0.00381531
16.56 0.0015598 0.0038034
16.58 0.00155498 0.00379153
16.6 0.00155017 0.00377972
16.62 0.00154539 0.00376795
16.64 0.00154063 0.00375624
16.66 0.00153588 0.00374458
16.68 0.00153116 0.00373298
16.7 0.00152646 0.00372142
16.72 0.00152178 0.00370991
16.74 0.00151712 0.00369845
16.76 0.00151248 0.00368704
16.78 0.00150786 0.00367568
16.8 0.00150326 0.00366437
16.82 0.00149868 0.00365311
16.84 0.00149411 0.0036419
16.86 0.00148957 0.00363074
16.88 0.00148505 0.00361962
16.9 0.00148054 0.00360855
16.92 0.00147606 0.00359753
16.94 0.0014716 0.00358656
16.96 0.00146715 0.00357563
16.98 0.00146272 0.00356475
17 0.00145831 0.00355392
17.02 0.00145392 0.00354313
17.04 0.00144955 0.00353239
17.06 0.0014452 0.0035217
17.08 0.00144086 0.00351105
17.1 0.00143655 0.00350044
17.12 0.00143225 0.00348988
17.14 0.00142797 0.00347937
17.16 0.0014237 0.0034689
17.18 0.00141946 0.00345847
17.2 0.00141523 0.00344809
17.22 0.00141102 0.00343775
17.24 0.00140683 0.00342746
17.26 0.00140266 0.0034172
17.28 0.0013985 0.003407
17.3 0.00139436 0.00339683
17.32 0.00139024 0.00338671
17.34 0.00138613 0.00337663
17.36 0.00138204 0.00336659
17.38 0.00137797 0.00335659
17.4 0.00137392 0.00334664
17.42 0.00136988 0.00333672
17.44 0.00136586 0.00332685
17.46 0.00136186 0.00331702
17.48 0.00135787 0.00330723
17.5 0.0013539 0.00329748
17.52 0.00134994 0.00328777
17.54 0.001346 0.0032781
17.56 0.00134208 0.00326847
17.58 0.00133817 0.00325888
17.6 0.00133428 0.00324933
17.62 0.0013304 0.00323982
17.64 0.00132654 0.00323035
17.66 0.0013227 0.00322091
17.68 0.00131887 0.00321152
17.7 0.00131506 0.00320216
17.72 0.00131126 0.00319285
17.74 0.00130748 0.00318357
17.76 0.00130372 0.00317432
17.78 0.00129996 0.00316512
17.8 0.00129623 0.00315595
17.82 0.00129251 0.00314682
17.84 0.0012888 0.00313773
17.86 0.00128511 0.00312868
17.88 0.00128143 0.00311966
17.9 0.00127777 0.00311068
17.92 0.00127413 0.00310173
17.94 0.00127049 0.00309282
17.96 0.00126688 0.00308395
17.98 0.00126327 0.00307511
18 0.00125968 0.00306631
18.02 0.00125611 0.00305754
18.04 0.00125255 0.00304881
18.06 0.001249 0.00304011
18.08 0.00124547 0.00303145
18.1 0.00124195 0.00302282
18.12 0.00123845 0.00301423
18.14 0.00123496 0.00300567
18.16 0.00123148 0.00299714
18.18 0.00122802 0.00298865
18.2 0.00122457 0.0029802
18.22 0.00122113 0.00297177
18.24 0.00121771 0.00296338
18.26 0.0012143 0.00295503
18.28 0.00121091 0.0029467
18.3 0.00120753 0.00293841
18.32 0.00120416 0.00293015
18.34 0.0012008 0.00292193
18.36 0.00119746 0.00291374
18.38 0.00119413 0.00290558
18.4 0.00119081 0.00289745
18.42 0.00118751 0.00288935
18.44 0.00118422 0.00288129
18.46 0.00118094 0.00287325
18.48 0.00117768 0.00286525
18.5 0.00117442 0.00285728
18.52 0.00117118 0.00284934
18.54 0.00116796 0.00284143
18.56 0.00116474 0.00283355
18.58 0.00116154 0.00282571
18.6 0.00115835 0.00281789
18.62 0.00115517 0.0028101
18.64 0.00115201 0.00280235
18.66 0.00114885 0.00279462
18.68 0.00114571 0.00278693
18.7 0.00114258 0.00277926
18.72 0.00113947 0.00277162
18.74 0.00113636 0.00276402
18.76 0.00113327 0.00275644
18.78 0.00113019 0.00274889
18.8 0.00112712 0.00274137
18.82 0.00112406 0.00273388
18.84 0.00112101 0.00272642
18.86 0.00111798 0.00271898
18.88 0.00111495 0.00271158
18.9 0.00111194 0.0027042
18.92 0.00110894 0.00269685
18.94 0.00110595 0.00268953
18.96 0.00110297 0.00268224
18.98 0.00110001 0.00267497
19 0.00109705 0.00266774
19.02 0.00109411 0.00266053
19.04 0.00109118 0.00265335
19.06 0.00108825 0.00264619
19.08 0.00108534 0.00263906
19.1 0.00108244 0.00263196
19.12 0.00107955 0.00262489
19.14 0.00107667 0.00261784
19.16 0.00107381 0.00261082
19.18 0.00107095 0.00260382
19.2 0.0010681 0.00259685
19.22 0.00106527 0.00258991
19.24 0.00106244 0.002583
19.26 0.00105963 0.00257611
19.28 0.00105682 0.00256924
19.3 0.00105403 0.0025624
19.32 0.00105124 0.00255559
19.34 0.00104847 0.0025488
19.36 0.00104571 0.00254204
19.38 0.00104296 0.0025353
19.4 0.00104021 0.00252859
19.42 0.00103748 0.0025219
19.44 0.00103476 0.00251524
19.46 0.00103205 0.0025086
19.48 0.00102934 0.00250199
19.5 0.00102665 0.0024954
19.52 0.00102397 0.00248883
19.54 0.0010213 0.00248229
19.56 0.00101863 0.00247578
19.58 0.00101598 0.00246929
19.6 0.00101334 0.00246282
19.62 0.0010107 0.00245637
19.64 0.00100808 0.00244995
19.66 0.00100546 0.00244356
19.68 0.00100286 0.00243718
19.7 0.00100026 0.00243083
19.72 0.000997676 0.0024245
19.74 0.000995099 0.0024182
19.76 0.000992531 0.00241192
19.78 0.000989973 0.00240566
19.8 0.000987424 0.00239943
19.82 0.000984884 0.00239321
19.84 0.000982353 0.00238702
19.86 0.000979831 0.00238085
19.88 0.000977319 0.00237471
19.9 0.000974815 0.00236859
19.92 0.000972321 0.00236249
19.94 0.000969835 0.00235641
19.96 0.000967359 0.00235035
19.98 0.000964891 0.00234431
20 0.000962432 0.0023383
