0 1.9564 3.11083
0.1 1.88817 2.94825
0.2 1.72887 2.5725
0.3 1.5437 2.14606
0.4 1.34501 1.70285
0.5 1.13226 1.24426
0.6 0.922323 0.812741
0.7 0.721441 0.4238
0.8 0.527394 0.0712384
0.9 0.347865 -0.22808
1 0.186645 -0.467555
1.1 0.040246 -0.658922
1.2 -0.088369 -0.798708
1.3 -0.196937 -0.885381
1.4 -0.289461 -0.932714
1.5 -0.365689 -0.944048
1.6 -0.424207 -0.919647
1.7 -0.468877 -0.87223
1.8 -0.500951 -0.807713
1.9 -0.519412 -0.725964
2 -0.527547 -0.636734
2.1 -0.527354 -0.546062
2.2 -0.517969 -0.452455
2.3 -0.50188 -0.362013
2.4 -0.481362 -0.279819
2.5 -0.45561 -0.203029
2.6 -0.42625 -0.134331
2.7 -0.395549 -0.0776662
2.8 -0.362757 -0.0294125
2.9 -0.328688 0.0104036
3 -0.295432 0.0387383
3.1 -0.262334 0.0592413
3.2 -0.229507 0.0736536
3.3 -0.198773 0.0794816
3.4 -0.169623 0.0797585
3.5 -0.141618 0.0771895
3.6 -0.116259 0.0695784
3.7 -0.0932341 0.0589357
3.8 -0.0717084 0.0483297
3.9 -0.0528452 0.0357657
4 -0.0365543 0.0220888
4.1 -0.0217615 0.0103413
4.2 -0.00929161 -0.00122879
4.3 0.000716503 -0.0128704
4.4 0.00943654 -0.0217869
4.5 0.0163681 -0.0293713
4.6 0.0211599 -0.0367578
4.7 0.0249649 -0.0415058
4.8 0.0275828 -0.0445245
4.9 0.0284855 -0.0475618
5 0.02871 -0.0485886
5.1 0.0283225 -0.0479438
5.2 0.0266686 -0.0477144
5.3 0.0245996 -0.0463147
5.4 0.0224079 -0.0434927
5.5 0.0193714 -0.0414305
5.6 0.0161118 -0.0390096
5.7 0.0131013 -0.0354341
5.8 0.00961147 -0.0327839
5.9 0.00601428 -0.0304233
6 0.00291146 -0.0271159
6.1 -0.000373734 -0.024691
6.2 -0.00371765 -0.0229957
6.3 -0.0064416 -0.0204928
6.4 -0.00912052 -0.0186585
6.5 -0.0118596 -0.0177994
6.6 -0.0139555 -0.0162324
6.7 -0.0158427 -0.0150171
6.8 -0.0178217 -0.0148695
6.9 -0.0192139 -0.0141126
7 -0.0202883 -0.0133594
7.1 -0.0214971 -0.013659
7.2 -0.0222306 -0.0134751
7.3 -0.0225824 -0.012975
7.4 -0.023106 -0.0134421
7.5 -0.0232977 -0.0135903
7.6 -0.0230797 -0.0131688
7.7 -0.0230551 -0.0135837
7.8 -0.022853 -0.0138773
7.9 -0.0222415 -0.0134327
8 -0.0218229 -0.0136635
8.1 -0.0213757 -0.0139866
8.2 -0.0205418 -0.0134906
8.3 -0.0198768 -0.0134883
8.4 -0.0193139 -0.0137852
8.5 -0.0184047 -0.0132627
8.6 -0.0176193 -0.0130387
8.7 -0.0170405 -0.0132926
8.8 -0.0161691 -0.0127946
8.9 -0.0153614 -0.0123948
9 -0.014833 -0.012606
9.1 -0.0140765 -0.0121857
9.2 -0.0133147 -0.0116687
9.3 -0.0128727 -0.0118395
9.4 -0.0122736 -0.0115366
9.5 -0.0115998 -0.010959
9.6 -0.0112546 -0.011086
9.7 -0.0108267 -0.0109199
9.8 -0.0102611 -0.0103293
9.9 -0.0100049 -0.0104029
10 -0.00974 -0.0103722
