0 1.9977e+15 3.17651e+15
3e-07 1.99343e+15 3.1663e+15
6e-07 1.98083e+15 3.13622e+15
9e-07 1.9605e+15 3.08776e+15
1.2e-06 1.93339e+15 3.02323e+15
1.5e-06 1.90065e+15 2.94546e+15
1.8e-06 1.8635e+15 2.85751e+15
2.1e-06 1.82315e+15 2.76232e+15
2.4e-06 1.78061e+15 2.66247e+15
2.7e-06 1.7367e+15 2.55996e+15
3e-06 1.69193e+15 2.45612e+15
3.3e-06 1.64657e+15 2.35166e+15
3.6e-06 1.60065e+15 2.24672e+15
3.9e-06 1.55407e+15 2.14108e+15
4.2e-06 1.50664e+15 2.03437e+15
4.5e-06 1.45821e+15 1.92624e+15
4.8e-06 1.4087e+15 1.81651e+15
5.1e-06 1.35813e+15 1.70531e+15
5.4e-06 1.30665e+15 1.59302e+15
5.7e-06 1.25453e+15 1.4803e+15
6e-06 1.20208e+15 1.36793e+15
6.3e-06 1.14962e+15 1.25672e+15
6.6e-06 1.09745e+15 1.14741e+15
6.9e-06 1.04577e+15 1.04051e+15
7.2e-06 9.94716e+14 9.36323e+14
7.5e-06 9.44301e+14 8.34904e+14
7.8e-06 8.94474e+14 7.36123e+14
8.1e-06 8.45138e+14 6.39742e+14
8.4e-06 7.96193e+14 5.45511e+14
8.7e-06 7.47572e+14 4.53248e+14
9e-06 6.99262e+14 3.62908e+14
9.3e-06 6.51318e+14 2.74605e+14
9.6e-06 6.03857e+14 1.88599e+14
9.9e-06 5.57039e+14 1.05253e+14
1.02e-05 5.11037e+14 2.49585e+13
1.05e-05 4.6601e+14 -5.19306e+13
1.08e-05 4.22075e+14 -1.25165e+14
1.11e-05 3.7929e+14 -1.94637e+14
1.14e-05 3.37655e+14 -2.6039e+14
1.17e-05 2.97117e+14 -3.22593e+14
1.2e-05 2.57591e+14 -3.81495e+14
1.23e-05 2.18985e+14 -4.37367e+14
1.26e-05 1.81225e+14 -4.90435e+14
1.29e-05 1.44273e+14 -5.40842e+14
1.32e-05 1.08137e+14 -5.88618e+14
1.35e-05 7.28712e+13 -6.33687e+14
1.38e-05 3.85606e+13 -6.75892e+14
1.41e-05 5.30594e+12 -7.15044e+14
1.44e-05 -2.67994e+13 -7.50971e+14
1.47e-05 -5.76888e+13 -7.83567e+14
1.5e-05 -8.73353e+13 -8.12823e+14
1.53e-05 -1.15756e+14 -8.38836e+14
1.56e-05 -1.43008e+14 -8.61802e+14
1.59e-05 -1.69171e+14 -8.81973e+14
1.62e-05 -1.94336e+14 -8.99625e+14
1.65e-05 -2.1858e+14 -9.15003e+14
1.68e-05 -2.41954e+14 -9.28289e+14
1.71e-05 -2.64476e+14 -9.39579e+14
1.74e-05 -2.86124e+14 -9.48881e+14
1.77e-05 -3.06854e+14 -9.56136e+14
1.8e-05 -3.26602e+14 -9.6125e+14
1.83e-05 -3.45312e+14 -9.64135e+14
1.86e-05 -3.62943e+14 -9.64744e+14
1.89e-05 -3.79484e+14 -9.63105e+14
1.92e-05 -3.9496e+14 -9.59324e+14
1.95e-05 -4.09424e+14 -9.53583e+14
1.98e-05 -4.22954e+14 -9.46114e+14
2.01e-05 -4.35633e+14 -9.37167e+14
2.04e-05 -4.47537e+14 -9.26971e+14
2.07e-05 -4.58722e+14 -9.15703e+14
2.1e-05 -4.69214e+14 -9.0347e+14
2.13e-05 -4.79011e+14 -8.90305e+14
2.16e-05 -4.88087e+14 -8.76182e+14
2.19e-05 -4.96401e+14 -8.61039e+14
2.22e-05 -5.03913e+14 -8.44811e+14
2.25e-05 -5.10596e+14 -8.27465e+14
2.28e-05 -5.16446e+14 -8.09021e+14
2.31e-05 -5.21485e+14 -7.89562e+14
2.34e-05 -5.25763e+14 -7.69236e+14
2.37e-05 -5.29349e+14 -7.48232e+14
2.4e-05 -5.32317e+14 -7.26754e+14
2.43e-05 -5.34737e+14 -7.04992e+14
2.46e-05 -5.36663e+14 -6.83097e+14
2.49e-05 -5.38125e+14 -6.61157e+14
2.52e-05 -5.39128e+14 -6.39197e+14
2.55e-05 -5.39654e+14 -6.17188e+14
2.58e-05 -5.39673e+14 -5.9507e+14
2.61e-05 -5.39154e+14 -5.72772e+14
2.64e-05 -5.38075e+14 -5.50247e+14
2.67e-05 -5.36431e+14 -5.27492e+14
2.7e-05 -5.34241e+14 -5.04554e+14
2.73e-05 -5.31548e+14 -4.81536e+14
2.76e-05 -5.28408e+14 -4.58578e+14
2.79e-05 -5.24888e+14 -4.35836e+14
2.82e-05 -5.21049e+14 -4.13457e+14
2.85e-05 -5.1694e+14 -3.91553e+14
2.88e-05 -5.12588e+14 -3.70187e+14
2.91e-05 -5.08002e+14 -3.49364e+14
2.94e-05 -5.03167e+14 -3.29043e+14
2.97e-05 -4.98058e+14 -3.09151e+14
3e-05 -4.92646e+14 -2.89604e+14
3.03e-05 -4.86911e+14 -2.70337e+14
3.06e-05 -4.80845e+14 -2.51317e+14
3.09e-05 -4.74462e+14 -2.32561e+14
3.12e-05 -4.67794e+14 -2.14128e+14
3.15e-05 -4.6089e+14 -1.96118e+14
3.18e-05 -4.53804e+14 -1.78643e+14
3.21e-05 -4.4659e+14 -1.61811e+14
3.24e-05 -4.39291e+14 -1.45704e+14
3.27e-05 -4.31932e+14 -1.30361e+14
3.3e-05 -4.24517e+14 -1.1577e+14
3.33e-05 -4.17036e+14 -1.01878e+14
3.36e-05 -4.09464e+14 -8.86018e+13
3.39e-05 -4.01774e+14 -7.58483e+13
3.42e-05 -3.93942e+14 -6.35363e+13
3.45e-05 -3.8596e+14 -5.16145e+13
3.48e-05 -3.77834e+14 -4.00728e+13
3.51e-05 -3.69589e+14 -2.89431e+13
3.54e-05 -3.61263e+14 -1.82911e+13
3.57e-05 -3.52902e+14 -8.20039e+12
3.6e-05 -3.44552e+14 1.24801e+12
3.63e-05 -3.36249e+14 9.99461e+12
3.66e-05 -3.28014e+14 1.80161e+13
3.69e-05 -3.19852e+14 2.53314e+13
3.72e-05 -3.1175e+14 3.19989e+13
3.75e-05 -3.03685e+14 3.81047e+13
3.78e-05 -2.95629e+14 4.37451e+13
3.81e-05 -2.87558e+14 4.90071e+13
3.84e-05 -2.79459e+14 5.39521e+13
3.87e-05 -2.71332e+14 5.86045e+13
3.9e-05 -2.63197e+14 6.29501e+13
3.93e-05 -2.55082e+14 6.69424e+13
3.96e-05 -2.47027e+14 7.05166e+13
3.99e-05 -2.39069e+14 7.36071e+13
4.02e-05 -2.3124e+14 7.61655e+13
4.05e-05 -2.23557e+14 7.8174e+13
4.08e-05 -2.16023e+14 7.96526e+13
4.11e-05 -2.08625e+14 8.06565e+13
4.14e-05 -2.01341e+14 8.12673e+13
4.17e-05 -1.94142e+14 8.15772e+13
4.2e-05 -1.87003e+14 8.16713e+13
4.23e-05 -1.79908e+14 8.16124e+13
4.26e-05 -1.72854e+14 8.14304e+13
4.29e-05 -1.65852e+14 8.11193e+13
4.32e-05 -1.58927e+14 8.06421e+13
4.35e-05 -1.5211e+14 7.99433e+13
4.38e-05 -1.45433e+14 7.89641e+13
4.41e-05 -1.38922e+14 7.76593e+13
4.44e-05 -1.32594e+14 7.60104e+13
4.47e-05 -1.2645e+14 7.40318e+13
4.5e-05 -1.20477e+14 7.17709e+13
4.53e-05 -1.14652e+14 6.93e+13
4.56e-05 -1.08949e+14 6.6702e+13
4.59e-05 -1.0334e+14 6.40555e+13
4.62e-05 -9.78074e+13 6.14194e+13
4.65e-05 -9.23452e+13 5.88232e+13
4.68e-05 -8.696e+13 5.62629e+13
4.71e-05 -8.16707e+13 5.37055e+13
4.74e-05 -7.65036e+13 5.10988e+13
4.77e-05 -7.14864e+13 4.8386e+13
4.8e-05 -6.66425e+13 4.5521e+13
4.83e-05 -6.19855e+13 4.24803e+13
4.86e-05 -5.75161e+13 3.9271e+13
4.89e-05 -5.32225e+13 3.59301e+13
4.92e-05 -4.90828e+13 3.25184e+13
4.95e-05 -4.507e+13 2.91085e+13
4.98e-05 -4.11579e+13 2.57701e+13
5.01e-05 -3.73272e+13 2.25561e+13
5.04e-05 -3.35689e+13 1.94931e+13
5.07e-05 -2.98868e+13 1.65767e+13
5.1e-05 -2.62954e+13 1.37751e+13
5.13e-05 -2.28172e+13 1.10373e+13
5.16e-05 -1.94766e+13 8.30658e+12
5.19e-05 -1.62944e+13 5.53429e+12
5.22e-05 -1.32831e+13 2.69196e+12
5.25e-05 -1.04436e+13 -2.21508e+11
5.28e-05 -7.76488e+12 -3.17887e+12
5.31e-05 -5.22634e+12 -6.12998e+12
5.34e-05 -2.80216e+12 -9.01248e+12
5.37e-05 -4.6676e+11 -1.1765e+13
5.4e-05 1.79984e+12 -1.43404e+13
5.43e-05 4.00798e+12 -1.6715e+13
5.46e-05 6.15654e+12 -1.88939e+13
5.49e-05 8.23371e+12 -2.09081e+13
5.52e-05 1.02202e+13 -2.28073e+13
5.55e-05 1.20941e+13 -2.46481e+13
5.58e-05 1.3836e+13 -2.6481e+13
5.61e-05 1.54341e+13 -2.83385e+13
5.64e-05 1.68871e+13 -3.02283e+13
5.67e-05 1.82046e+13 -3.21313e+13
5.7e-05 1.94056e+13 -3.40062e+13
5.73e-05 2.05144e+13 -3.5799e+13
5.76e-05 2.15556e+13 -3.74549e+13
5.79e-05 2.25491e+13 -3.89311e+13
5.82e-05 2.35061e+13 -4.02062e+13
5.85e-05 2.44271e+13 -4.12844e+13
5.88e-05 2.53026e+13 -4.21953e+13
5.91e-05 2.61155e+13 -4.29865e+13
5.94e-05 2.68456e+13 -4.37132e+13
5.97e-05 2.74746e+13 -4.44263e+13
6e-05 2.79909e+13 -4.51609e+13
6.03e-05 2.83922e+13 -4.59289e+13
6.06e-05 2.86867e+13 -4.67174e+13
6.09e-05 2.88914e+13 -4.74917e+13
6.12e-05 2.9029e+13 -4.82039e+13
6.15e-05 2.91227e+13 -4.88043e+13
6.18e-05 2.9192e+13 -4.92525e+13
6.21e-05 2.92486e+13 -4.95276e+13
6.24e-05 2.92939e+13 -4.96324e+13
6.27e-05 2.93201e+13 -4.95934e+13
6.3e-05 2.93117e+13 -4.94553e+13
6.33e-05 2.92499e+13 -4.92707e+13
6.36e-05 2.91171e+13 -4.90894e+13
6.39e-05 2.89014e+13 -4.89472e+13
6.42e-05 2.85995e+13 -4.88589e+13
6.45e-05 2.82181e+13 -4.88157e+13
6.48e-05 2.77721e+13 -4.87875e+13
6.51e-05 2.72824e+13 -4.87308e+13
6.54e-05 2.67708e+13 -4.85991e+13
6.57e-05 2.6256e+13 -4.83535e+13
6.6e-05 2.57496e+13 -4.79723e+13
6.63e-05 2.52542e+13 -4.74559e+13
6.66e-05 2.47629e+13 -4.68273e+13
6.69e-05 2.42614e+13 -4.61269e+13
6.72e-05 2.37322e+13 -4.54041e+13
6.75e-05 2.31579e+13 -4.47067e+13
6.78e-05 2.25264e+13 -4.40701e+13
6.81e-05 2.18333e+13 -4.35107e+13
6.84e-05 2.10836e+13 -4.30221e+13
6.87e-05 2.02904e+13 -4.2578e+13
6.9e-05 1.94725e+13 -4.21379e+13
6.93e-05 1.86503e+13 -4.16575e+13
6.96e-05 1.78419e+13 -4.10984e+13
6.99e-05 1.70585e+13 -4.04377e+13
7.02e-05 1.63033e+13 -3.96728e+13
7.05e-05 1.55704e+13 -3.88228e+13
7.08e-05 1.48466e+13 -3.7924e+13
7.11e-05 1.41151e+13 -3.7022e+13
7.14e-05 1.33589e+13 -3.61619e+13
7.17e-05 1.25656e+13 -3.53784e+13
7.2e-05 1.17297e+13 -3.46885e+13
7.23e-05 1.08546e+13 -3.4088e+13
7.26e-05 9.95164e+12 -3.35531e+13
7.29e-05 9.03778e+12 -3.3046e+13
7.32e-05 8.13205e+12 -3.25239e+13
7.35e-05 7.25145e+12 -3.19487e+13
7.38e-05 6.40731e+12 -3.12962e+13
7.41e-05 5.60302e+12 -3.05609e+13
7.44e-05 4.83352e+12 -2.97581e+13
7.47e-05 4.08669e+12 -2.892e+13
7.5e-05 3.34631e+12 -2.80884e+13
7.53e-05 2.59587e+12 -2.73061e+13
7.56e-05 1.82249e+12 -2.66065e+13
7.59e-05 1.01988e+12 -2.60072e+13
7.62e-05 1.89898e+11 -2.55058e+13
7.65e-05 -6.57817e+11 -2.50807e+13
7.68e-05 -1.50793e+12 -2.46966e+13
7.71e-05 -2.34275e+12 -2.43123e+13
7.74e-05 -3.14613e+12 -2.38899e+13
7.77e-05 -3.90694e+12 -2.3404e+13
7.8e-05 -4.62141e+12 -2.28468e+13
7.83e-05 -5.29383e+12 -2.223e+13
7.86e-05 -5.93542e+12 -2.15819e+13
7.89e-05 -6.56169e+12 -2.09413e+13
7.92e-05 -7.18878e+12 -2.03484e+13
7.95e-05 -7.82981e+12 -1.9836e+13
7.98e-05 -8.49187e+12 -1.94219e+13
8.01e-05 -9.17437e+12 -1.91055e+13
8.04e-05 -9.8692e+12 -1.88676e+13
8.07e-05 -1.05625e+13 -1.86752e+13
8.1e-05 -1.12379e+13 -1.84886e+13
8.13e-05 -1.188e+13 -1.82709e+13
8.16e-05 -1.24777e+13 -1.79955e+13
8.19e-05 -1.30269e+13 -1.76528e+13
8.22e-05 -1.35313e+13 -1.72513e+13
8.25e-05 -1.40011e+13 -1.68162e+13
8.28e-05 -1.4451e+13 -1.63833e+13
8.31e-05 -1.48968e+13 -1.59909e+13
8.34e-05 -1.53518e+13 -1.56709e+13
8.37e-05 -1.58237e+13 -1.54419e+13
8.4e-05 -1.6313e+13 -1.5305e+13
8.43e-05 -1.68129e+13 -1.52434e+13
8.46e-05 -1.7311e+13 -1.52265e+13
8.49e-05 -1.77919e+13 -1.52166e+13
8.52e-05 -1.82408e+13 -1.51774e+13
8.55e-05 -1.8647e+13 -1.5082e+13
8.58e-05 -1.90058e+13 -1.4919e+13
8.61e-05 -1.93202e+13 -1.46946e+13
8.64e-05 -1.95995e+13 -1.44311e+13
8.67e-05 -1.98576e+13 -1.41618e+13
8.7e-05 -2.01099e+13 -1.39232e+13
8.73e-05 -2.03696e+13 -1.37468e+13
8.76e-05 -2.06449e+13 -1.36518e+13
8.79e-05 -2.09373e+13 -1.36411e+13
8.82e-05 -2.12412e+13 -1.37004e+13
8.85e-05 -2.15454e+13 -1.38015e+13
8.88e-05 -2.18354e+13 -1.39087e+13
8.91e-05 -2.2097e+13 -1.39868e+13
8.94e-05 -2.23196e+13 -1.40088e+13
8.97e-05 -2.24982e+13 -1.39619e+13
9e-05 -2.26347e+13 -1.38501e+13
9.03e-05 -2.27378e+13 -1.36933e+13
9.06e-05 -2.28206e+13 -1.35226e+13
9.09e-05 -2.28978e+13 -1.3373e+13
9.12e-05 -2.29825e+13 -1.32754e+13
9.15e-05 -2.30834e+13 -1.325e+13
9.18e-05 -2.32027e+13 -1.33013e+13
9.21e-05 -2.33359e+13 -1.34175e+13
9.24e-05 -2.34727e+13 -1.35727e+13
9.27e-05 -2.35997e+13 -1.37335e+13
9.3e-05 -2.37031e+13 -1.38655e+13
9.33e-05 -2.37723e+13 -1.3942e+13
9.36e-05 -2.38018e+13 -1.3949e+13
9.39e-05 -2.37931e+13 -1.38888e+13
9.42e-05 -2.37536e+13 -1.3779e+13
9.45e-05 -2.36957e+13 -1.36485e+13
9.48e-05 -2.36334e+13 -1.3531e+13
9.51e-05 -2.35799e+13 -1.3457e+13
9.54e-05 -2.35439e+13 -1.34475e+13
9.57e-05 -2.35284e+13 -1.35086e+13
9.6e-05 -2.35297e+13 -1.36306e+13
9.63e-05 -2.35386e+13 -1.37903e+13
9.66e-05 -2.35423e+13 -1.39561e+13
9.69e-05 -2.35277e+13 -1.40949e+13
9.72e-05 -2.34839e+13 -1.418e+13
9.75e-05 -2.34054e+13 -1.41967e+13
9.78e-05 -2.32924e+13 -1.41454e+13
9.81e-05 -2.31519e+13 -1.40417e+13
9.84e-05 -2.29951e+13 -1.39126e+13
9.87e-05 -2.28356e+13 -1.37904e+13
9.9e-05 -2.26862e+13 -1.37052e+13
9.93e-05 -2.25559e+13 -1.36784e+13
9.96e-05 -2.24482e+13 -1.37179e+13
9.99e-05 -2.23603e+13 -1.38161e+13
0.0001002 -2.22837e+13 -1.39519e+13
0.0001005 -2.22065e+13 -1.40956e+13
0.0001008 -2.21158e+13 -1.42156e+13
0.0001011 -2.20009e+13 -1.4285e+13
0.0001014 -2.18558e+13 -1.42884e+13
0.0001017 -2.168e+13 -1.42248e+13
0.000102 -2.14796e+13 -1.41077e+13
0.0001023 -2.1265e+13 -1.39622e+13
0.0001026 -2.10491e+13 -1.38193e+13
0.0001029 -2.08444e+13 -1.37085e+13
0.0001032 -2.06601e+13 -1.36517e+13
0.0001035 -2.05001e+13 -1.36581e+13
0.0001038 -2.03623e+13 -1.37222e+13
0.0001041 -2.02392e+13 -1.3825e+13
0.0001044 -2.01193e+13 -1.39385e+13
0.0001047 -1.99903e+13 -1.40323e+13
0.000105 -1.98415e+13 -1.40798e+13
0.0001053 -1.96663e+13 -1.40648e+13
0.0001056 -1.94639e+13 -1.39847e+13
0.0001059 -1.92391e+13 -1.38512e+13
0.0001062 -1.90018e+13 -1.36876e+13
0.0001065 -1.87641e+13 -1.35233e+13
0.0001068 -1.85382e+13 -1.33874e+13
0.0001071 -1.83334e+13 -1.33022e+13
0.0001074 -1.8154e+13 -1.3278e+13
0.0001077 -1.79987e+13 -1.3311e+13
0.000108 -1.78604e+13 -1.33843e+13
0.0001083 -1.77287e+13 -1.34717e+13
0.0001086 -1.75914e+13 -1.35437e+13
0.0001089 -1.74379e+13 -1.35741e+13
0.0001092 -1.72613e+13 -1.35459e+13
0.0001095 -1.706e+13 -1.34552e+13
0.0001098 -1.68381e+13 -1.33119e+13
0.0001101 -1.66047e+13 -1.31372e+13
0.0001104 -1.63713e+13 -1.29594e+13
0.0001107 -1.61497e+13 -1.28069e+13
0.000111 -1.59492e+13 -1.2702e+13
0.0001113 -1.57746e+13 -1.26563e+13
0.0001116 -1.5625e+13 -1.26675e+13
0.0001119 -1.54943e+13 -1.27207e+13
0.0001122 -1.53726e+13 -1.27912e+13
0.0001125 -1.5248e+13 -1.28507e+13
0.0001128 -1.511e+13 -1.28732e+13
0.0001131 -1.49515e+13 -1.28411e+13
0.0001134 -1.47702e+13 -1.27491e+13
0.0001137 -1.45696e+13 -1.26053e+13
0.000114 -1.43577e+13 -1.24294e+13
0.0001143 -1.41457e+13 -1.2248e+13
0.0001146 -1.39448e+13 -1.20889e+13
0.0001149 -1.37646e+13 -1.19746e+13
0.0001152 -1.36099e+13 -1.19176e+13
0.0001155 -1.34808e+13 -1.1917e+13
0.0001158 -1.33715e+13 -1.19598e+13
0.0001161 -1.32729e+13 -1.20228e+13
0.0001164 -1.31735e+13 -1.20788e+13
0.0001167 -1.30628e+13 -1.21021e+13
0.000117 -1.29335e+13 -1.20745e+13
0.0001173 -1.27828e+13 -1.19895e+13
0.0001176 -1.26133e+13 -1.18536e+13
0.0001179 -1.24326e+13 -1.16847e+13
0.0001182 -1.22509e+13 -1.1508e+13
0.0001185 -1.20793e+13 -1.13506e+13
0.0001188 -1.19273e+13 -1.1235e+13
0.0001191 -1.18002e+13 -1.11744e+13
0.0001194 -1.16983e+13 -1.11697e+13
0.0001197 -1.16168e+13 -1.12092e+13
0.00012 -1.1547e+13 -1.12715e+13
0.0001203 -1.14779e+13 -1.13302e+13
0.0001206 -1.13992e+13 -1.13601e+13
0.0001209 -1.13032e+13 -1.13425e+13
0.0001212 -1.11868e+13 -1.12699e+13
0.0001215 -1.10518e+13 -1.1147e+13
0.0001218 -1.0905e+13 -1.099e+13
0.0001221 -1.07562e+13 -1.0823e+13
0.0001224 -1.06161e+13 -1.06721e+13
0.0001227 -1.04942e+13 -1.05599e+13
0.000123 -1.0396e+13 -1.05003e+13
0.0001233 -1.03224e+13 -1.04956e+13
0.0001236 -1.02693e+13 -1.05355e+13
0.0001239 -1.02285e+13 -1.06003e+13
0.0001242 -1.01895e+13 -1.06646e+13
0.0001245 -1.0142e+13 -1.07035e+13
0.0001248 -1.00783e+13 -1.06982e+13
0.0001251 -9.99474e+12 -1.06398e+13
0.0001254 -9.8926e+12 -1.05317e+13
0.0001257 -9.77792e+12 -1.03885e+13
0.000126 -9.65997e+12 -1.02329e+13
0.0001263 -9.5492e+12 -1.00902e+13
0.0001266 -9.45484e+12 -9.98294e+12
0.0001269 -9.38286e+12 -9.92578e+12
0.0001272 -9.33464e+12 -9.92206e+12
0.0001275 -9.30663e+12 -9.96328e+12
0.0001278 -9.29122e+12 -1.0031e+13
0.0001281 -9.27841e+12 -1.0101e+13
0.0001284 -9.25811e+12 -1.01488e+13
0.0001287 -9.22237e+12 -1.01552e+13
0.000129 -9.16715e+12 -1.01105e+13
0.0001293 -9.09322e+12 -1.00166e+13
0.0001296 -9.00594e+12 -9.88665e+12
0.0001299 -8.91405e+12 -9.74185e+12
0.0001302 -8.82763e+12 -9.60685e+12
0.0001305 -8.75589e+12 -9.50408e+12
0.0001308 -8.70504e+12 -9.44871e+12
0.0001311 -8.67691e+12 -9.44528e+12
0.0001314 -8.66858e+12 -9.48677e+12
0.0001317 -8.67302e+12 -9.55615e+12
0.000132 -8.68067e+12 -9.63032e+12
0.0001323 -8.68164e+12 -9.6853e+12
0.0001326 -8.66788e+12 -9.70163e+12
0.0001329 -8.635e+12 -9.6687e+12
0.0001332 -8.58322e+12 -9.58713e+12
0.0001335 -8.5173e+12 -9.46855e+12
0.0001338 -8.44542e+12 -9.33295e+12
0.0001341 -8.37736e+12 -9.20412e+12
0.0001344 -8.32224e+12 -9.10432e+12
0.0001347 -8.28649e+12 -9.04924e+12
0.000135 -8.2724e+12 -9.04454e+12
0.0001353 -8.27762e+12 -9.08457e+12
0.0001356 -8.2957e+12 -9.15373e+12
0.0001359 -8.31754e+12 -9.23e+12
0.0001362 -8.33346e+12 -9.28993e+12
0.0001365 -8.33535e+12 -9.31389e+12
0.0001368 -8.3185e+12 -9.29049e+12
0.0001371 -8.28261e+12 -9.21909e+12
0.0001374 -8.23186e+12 -9.10992e+12
0.0001377 -8.17392e+12 -8.98168e+12
0.000138 -8.11823e+12 -8.85735e+12
0.0001383 -8.07382e+12 -8.75896e+12
0.0001386 -8.04731e+12 -8.70267e+12
0.0001389 -8.04143e+12 -8.69515e+12
0.0001392 -8.05437e+12 -8.73209e+12
0.0001395 -8.08025e+12 -8.79928e+12
0.0001398 -8.11044e+12 -8.87577e+12
0.0001401 -8.13547e+12 -8.93866e+12
0.0001404 -8.14721e+12 -8.96825e+12
0.0001407 -8.14065e+12 -8.95243e+12
0.000141 -8.11503e+12 -8.88939e+12
0.0001413 -8.07397e+12 -8.78798e+12
0.0001416 -8.02462e+12 -8.66566e+12
0.0001419 -7.97607e+12 -8.54455e+12
0.0001422 -7.93727e+12 -8.44644e+12
0.0001425 -7.91501e+12 -8.38788e+12
0.0001428 -7.91238e+12 -8.37646e+12
0.0001431 -7.92814e+12 -8.40918e+12
0.0001434 -7.95695e+12 -8.47315e+12
0.0001437 -7.99062e+12 -8.54852e+12
0.000144 -8.01996e+12 -8.61297e+12
0.0001443 -8.03681e+12 -8.64677e+12
0.0001446 -8.03591e+12 -8.63716e+12
0.0001449 -8.01604e+12 -8.58123e+12
0.0001452 -7.98029e+12 -8.48651e+12
0.0001455 -7.93532e+12 -8.36923e+12
0.0001458 -7.88987e+12 -8.25066e+12
0.0001461 -7.85275e+12 -8.15227e+12
0.0001464 -7.83091e+12 -8.09093e+12
0.0001467 -7.82781e+12 -8.07513e+12
0.000147 -7.8427e+12 -8.10308e+12
0.0001473 -7.8708e+12 -8.16319e+12
0.0001476 -7.90437e+12 -8.23668e+12
0.0001479 -7.93446e+12 -8.30187e+12
0.0001482 -7.95295e+12 -8.33903e+12
0.0001485 -7.95434e+12 -8.33483e+12
0.0001488 -7.93698e+12 -8.28532e+12
0.0001491 -7.90345e+12 -8.19676e+12
0.0001494 -7.85992e+12 -8.08417e+12
0.0001497 -7.81477e+12 -7.96794e+12
0.00015 -7.7767e+12 -7.86921e+12
0.0001503 -7.75273e+12 -7.80511e+12
0.0001506 -7.74669e+12 -7.78492e+12
0.0001509 -7.75831e+12 -7.80802e+12
0.0001512 -7.78332e+12 -7.86408e+12
0.0001515 -7.81445e+12 -7.9354e+12
0.0001518 -7.843e+12 -8.00094e+12
0.0001521 -7.8609e+12 -8.04104e+12
0.0001524 -7.86244e+12 -8.04187e+12
0.0001527 -7.84558e+12 -7.99849e+12
0.000153 -7.81239e+12 -7.91592e+12
0.0001533 -7.76857e+12 -7.80803e+12
0.0001536 -7.72213e+12 -7.6943e+12
0.0001539 -7.68161e+12 -7.59549e+12
0.0001542 -7.65413e+12 -7.52892e+12
0.0001545 -7.64383e+12 -7.50462e+12
0.0001548 -7.6509e+12 -7.52308e+12
0.0001551 -7.67158e+12 -7.57518e+12
0.0001554 -7.69903e+12 -7.64431e+12
0.0001557 -7.72485e+12 -7.71006e+12
0.000156 -7.74102e+12 -7.75293e+12
0.0001563 -7.74163e+12 -7.75862e+12
0.0001566 -7.72429e+12 -7.72126e+12
0.0001569 -7.69058e+12 -7.64473e+12
0.0001572 -7.64572e+12 -7.5417e+12
0.0001575 -7.59736e+12 -7.43076e+12
0.0001578 -7.55387e+12 -7.33225e+12
0.0001581 -7.52245e+12 -7.26365e+12
0.0001584 -7.50749e+12 -7.23564e+12
0.0001587 -7.50964e+12 -7.24976e+12
0.000159 -7.52562e+12 -7.29811e+12
0.0001593 -7.54904e+12 -7.3651e+12
0.0001596 -7.57178e+12 -7.43103e+12
0.0001599 -7.58589e+12 -7.47656e+12
0.0001602 -7.58531e+12 -7.487e+12
0.0001605 -7.56729e+12 -7.45563e+12
0.0001608 -7.53296e+12 -7.38519e+12
0.0001611 -7.48706e+12 -7.2872e+12
0.0001614 -7.43688e+12 -7.17936e+12
0.0001617 -7.39061e+12 -7.08155e+12
0.000162 -7.35547e+12 -7.01132e+12
0.0001623 -7.33612e+12 -6.97998e+12
0.0001626 -7.33361e+12 -6.99008e+12
0.0001629 -7.34516e+12 -7.03484e+12
0.0001632 -7.36478e+12 -7.09974e+12
0.0001635 -7.38468e+12 -7.16579e+12
0.0001638 -7.39697e+12 -7.21386e+12
0.0001641 -7.39547e+12 -7.2289e+12
0.0001644 -7.37711e+12 -7.20343e+12
0.0001647 -7.34255e+12 -7.13907e+12
0.000165 -7.29609e+12 -7.04625e+12
0.0001653 -7.24465e+12 -6.94174e+12
0.0001656 -7.1962e+12 -6.84493e+12
0.0001659 -7.15799e+12 -6.77343e+12
0.0001662 -7.13491e+12 -6.73908e+12
0.0001665 -7.1284e+12 -6.74537e+12
0.0001668 -7.13614e+12 -6.78666e+12
0.0001671 -7.15257e+12 -6.84945e+12
0.0001674 -7.17019e+12 -6.91549e+12
0.0001677 -7.18122e+12 -6.96588e+12
0.000168 -7.17938e+12 -6.98532e+12
0.0001683 -7.16128e+12 -6.96557e+12
0.0001686 -7.12715e+12 -6.90722e+12
0.0001689 -7.08085e+12 -6.81959e+12
0.0001692 -7.02892e+12 -6.71855e+12
0.0001695 -6.97912e+12 -6.62298e+12
0.0001698 -6.93869e+12 -6.55044e+12
0.0001701 -6.91274e+12 -6.51331e+12
0.0001704 -6.90305e+12 -6.51595e+12
0.0001707 -6.90775e+12 -6.55379e+12
0.000171 -6.92173e+12 -6.61438e+12
0.0001713 -6.93777e+12 -6.6802e+12
0.0001716 -6.94823e+12 -6.73265e+12
0.0001719 -6.94672e+12 -6.75621e+12
0.0001722 -6.92957e+12 -6.74193e+12
0.0001725 -6.89661e+12 -6.68944e+12
0.0001728 -6.85125e+12 -6.60695e+12
0.0001731 -6.79965e+12 -6.50945e+12
0.0001734 -6.74936e+12 -6.41525e+12
0.0001737 -6.70759e+12 -6.34186e+12
0.000174 -6.67961e+12 -6.3021e+12
0.0001743 -6.66757e+12 -6.30118e+12
0.0001746 -6.67003e+12 -6.33556e+12
0.0001749 -6.68228e+12 -6.39381e+12
0.0001752 -6.69743e+12 -6.45917e+12
0.0001755 -6.70796e+12 -6.51337e+12
0.0001758 -6.70741e+12 -6.54071e+12
0.0001761 -6.69185e+12 -6.53162e+12
0.0001764 -6.66074e+12 -6.48477e+12
0.0001767 -6.61703e+12 -6.40734e+12
0.000177 -6.56651e+12 -6.31339e+12
0.0001773 -6.5165e+12 -6.22065e+12
0.0001776 -6.47416e+12 -6.14655e+12
0.0001779 -6.44493e+12 -6.10429e+12
0.0001782 -6.43127e+12 -6.09985e+12
0.0001785 -6.43216e+12 -6.13073e+12
0.0001788 -6.4433e+12 -6.18648e+12
0.0001791 -6.45812e+12 -6.25112e+12
0.0001794 -6.46925e+12 -6.30674e+12
0.0001797 -6.47018e+12 -6.33753e+12
0.00018 -6.45673e+12 -6.33332e+12
0.0001803 -6.42799e+12 -6.29189e+12
0.0001806 -6.3865e+12 -6.2194e+12
0.0001809 -6.33766e+12 -6.12898e+12
0.0001812 -6.28854e+12 -6.03779e+12
0.0001815 -6.24626e+12 -5.9631e+12
0.0001818 -6.21638e+12 -5.91844e+12
0.0001821 -6.20167e+12 -5.91055e+12
0.0001824 -6.20151e+12 -5.93788e+12
0.0001827 -6.21201e+12 -5.99098e+12
0.000183 -6.2269e+12 -6.05466e+12
0.0001833 -6.23899e+12 -6.11138e+12
0.0001836 -6.24174e+12 -6.14528e+12
0.0001839 -6.23074e+12 -6.14566e+12
0.0001842 -6.20474e+12 -6.10943e+12
0.0001845 -6.16585e+12 -6.04176e+12
0.0001848 -6.11911e+12 -5.95487e+12
0.0001851 -6.07133e+12 -5.8653e+12
0.0001854 -6.02955e+12 -5.79015e+12
0.0001857 -5.99946e+12 -5.74322e+12
0.000186 -5.9841e+12 -5.73193e+12
0.0001863 -5.98323e+12 -5.75569e+12
0.0001866 -5.99336e+12 -5.80601e+12
0.0001869 -6.00857e+12 -5.86849e+12
0.0001872 -6.02181e+12 -5.92604e+12
0.0001875 -6.02654e+12 -5.96273e+12
0.0001878 -6.01817e+12 -5.96742e+12
0.0001881 -5.99508e+12 -5.93618e+12
0.0001884 -5.95901e+12 -5.87322e+12
0.0001887 -5.91462e+12 -5.78987e+12
0.000189 -5.86846e+12 -5.70201e+12
0.0001893 -5.82746e+12 -5.62652e+12
0.0001896 -5.7974e+12 -5.57745e+12
0.0001899 -5.78162e+12 -5.56286e+12
0.0001902 -5.78023e+12 -5.58305e+12
0.0001905 -5.79013e+12 -5.6305e+12
0.0001908 -5.80572e+12 -5.69159e+12
0.0001911 -5.82016e+12 -5.74969e+12
0.0001914 -5.8269e+12 -5.78889e+12
0.0001917 -5.82116e+12 -5.79762e+12
0.000192 -5.80104e+12 -5.77119e+12
0.0001923 -5.76785e+12 -5.71285e+12
0.0001926 -5.72591e+12 -5.63304e+12
0.0001929 -5.68147e+12 -5.54699e+12
0.0001932 -5.64139e+12 -5.47133e+12
0.0001935 -5.61151e+12 -5.42027e+12
0.0001938 -5.5954e+12 -5.40248e+12
0.0001941 -5.59353e+12 -5.41912e+12
0.0001944 -5.60321e+12 -5.46362e+12
0.0001947 -5.61914e+12 -5.52315e+12
0.000195 -5.63469e+12 -5.58156e+12
0.0001953 -5.64333e+12 -5.62301e+12
0.0001956 -5.64014e+12 -5.63555e+12
0.0001959 -5.62289e+12 -5.61374e+12
0.0001962 -5.59254e+12 -5.55995e+12
0.0001965 -5.55303e+12 -5.4837e+12
0.0001968 -5.51034e+12 -5.39957e+12
0.0001971 -5.47119e+12 -5.32388e+12
0.0001974 -5.44151e+12 -5.27099e+12
0.0001977 -5.42507e+12 -5.25013e+12
0.000198 -5.42269e+12 -5.26327e+12
0.0001983 -5.43205e+12 -5.30476e+12
0.0001986 -5.4482e+12 -5.36258e+12
0.0001989 -5.4647e+12 -5.42109e+12
0.0001992 -5.47506e+12 -5.46455e+12
0.0001995 -5.47423e+12 -5.48065e+12
0.0001998 -5.4597e+12 -5.46331e+12
0.0002001 -5.43206e+12 -5.41398e+12
0.0002004 -5.39489e+12 -5.34132e+12
0.0002007 -5.35388e+12 -5.25922e+12
0.000201 -5.31564e+12 -5.18366e+12
0.0002013 -5.2861e+12 -5.12912e+12
0.0002016 -5.26927e+12 -5.10531e+12
0.0002019 -5.26629e+12 -5.11501e+12
0.0002022 -5.2752e+12 -5.15345e+12
0.0002025 -5.29138e+12 -5.20943e+12
0.0002028 -5.30861e+12 -5.26784e+12
0.0002031 -5.32047e+12 -5.31306e+12
0.0002034 -5.32178e+12 -5.33253e+12
0.0002037 -5.30977e+12 -5.31949e+12
0.000204 -5.28467e+12 -5.27455e+12
0.0002043 -5.2497e+12 -5.20549e+12
0.0002046 -5.21028e+12 -5.12551e+12
0.0002049 -5.17286e+12 -5.05025e+12
0.0002052 -5.1434e+12 -4.99423e+12
0.0002055 -5.12609e+12 -4.96761e+12
0.0002058 -5.12239e+12 -4.97393e+12
0.0002061 -5.13068e+12 -5.0093e+12
0.0002064 -5.1467e+12 -5.06332e+12
0.0002067 -5.16444e+12 -5.12143e+12
0.000207 -5.17755e+12 -5.1682e+12
0.0002073 -5.18077e+12 -5.19081e+12
0.0002076 -5.17105e+12 -5.1819e+12
0.0002079 -5.14831e+12 -5.14127e+12
0.0002082 -5.1154e+12 -5.07583e+12
0.0002085 -5.07747e+12 -4.99809e+12
0.0002088 -5.04078e+12 -4.92327e+12
0.0002091 -5.01131e+12 -4.86593e+12
0.0002094 -4.99343e+12 -4.83665e+12
0.0002097 -4.98888e+12 -4.83966e+12
0.00021 -4.99641e+12 -4.87193e+12
0.0002103 -5.01207e+12 -4.92389e+12
0.0002106 -5.0301e+12 -4.98152e+12
0.0002109 -5.04424e+12 -5.02961e+12
0.0002112 -5.04912e+12 -5.05515e+12
0.0002115 -5.04149e+12 -5.05022e+12
0.0002118 -5.02094e+12 -5.01381e+12
0.0002121 -4.98996e+12 -4.95201e+12
0.0002124 -4.9534e+12 -4.87658e+12
0.0002127 -4.91737e+12 -4.80236e+12
0.000213 -4.88784e+12 -4.74387e+12
0.0002133 -4.86931e+12 -4.71205e+12
0.0002136 -4.86381e+12 -4.71183e+12
0.0002139 -4.87044e+12 -4.741e+12
0.0002142 -4.88557e+12 -4.79078e+12
0.0002145 -4.9037e+12 -4.84777e+12
0.0002148 -4.91864e+12 -4.89697e+12
0.0002151 -4.92498e+12 -4.92523e+12
0.0002154 -4.91925e+12 -4.92411e+12
0.0002157 -4.90072e+12 -4.89183e+12
0.000216 -4.87155e+12 -4.83365e+12
0.0002163 -4.83629e+12 -4.76063e+12
0.0002166 -4.80087e+12 -4.68715e+12
0.0002169 -4.77122e+12 -4.62767e+12
0.0002172 -4.752e+12 -4.59346e+12
0.0002175 -4.74548e+12 -4.59008e+12
0.0002178 -4.7511e+12 -4.61615e+12
0.0002181 -4.76557e+12 -4.66367e+12
0.0002184 -4.78361e+12 -4.71983e+12
0.0002187 -4.79918e+12 -4.76994e+12
0.000219 -4.8068e+12 -4.8007e+12
0.0002193 -4.80281e+12 -4.80322e+12
0.0002196 -4.78618e+12 -4.77499e+12
0.0002199 -4.75873e+12 -4.72043e+12
0.0002202 -4.72471e+12 -4.64989e+12
0.0002205 -4.68986e+12 -4.57729e+12
0.0002208 -4.66009e+12 -4.51698e+12
0.0002211 -4.64014e+12 -4.48051e+12
0.0002214 -4.63256e+12 -4.47406e+12
0.0002217 -4.63711e+12 -4.49702e+12
0.000222 -4.6508e+12 -4.54219e+12
0.0002223 -4.66863e+12 -4.59737e+12
0.0002226 -4.68467e+12 -4.64819e+12
0.0002229 -4.69341e+12 -4.68126e+12
0.0002232 -4.69103e+12 -4.68725e+12
0.0002235 -4.67619e+12 -4.66296e+12
0.0002238 -4.65039e+12 -4.61201e+12
0.0002241 -4.61759e+12 -4.54402e+12
0.0002244 -4.58332e+12 -4.47242e+12
0.0002247 -4.55342e+12 -4.41143e+12
0.000225 -4.53276e+12 -4.37286e+12
0.0002253 -4.5241e+12 -4.36342e+12
0.0002256 -4.52752e+12 -4.38329e+12
0.0002259 -4.54036e+12 -4.42602e+12
0.0002262 -4.55787e+12 -4.48009e+12
0.0002265 -4.57426e+12 -4.5314e+12
0.0002268 -4.58401e+12 -4.56658e+12
0.0002271 -4.58312e+12 -4.57587e+12
0.0002274 -4.57e+12 -4.55542e+12
0.0002277 -4.54581e+12 -4.50806e+12
0.000228 -4.51421e+12 -4.44268e+12
0.0002283 -4.48053e+12 -4.37222e+12
0.0002286 -4.45055e+12 -4.31071e+12
0.0002289 -4.4292e+12 -4.27016e+12
0.0002292 -4.41948e+12 -4.25783e+12
0.0002295 -4.42175e+12 -4.27462e+12
0.0002298 -4.43368e+12 -4.31487e+12
0.0002301 -4.45079e+12 -4.36766e+12
0.0002304 -4.46743e+12 -4.4193e+12
0.0002307 -4.47808e+12 -4.45638e+12
0.000231 -4.4786e+12 -4.46881e+12
0.0002313 -4.46713e+12 -4.4521e+12
0.0002316 -4.44453e+12 -4.4083e+12
0.0002319 -4.41415e+12 -4.34559e+12
0.0002322 -4.38109e+12 -4.27638e+12
0.0002325 -4.35107e+12 -4.2145e+12
0.0002328 -4.32909e+12 -4.17213e+12
0.0002331 -4.31833e+12 -4.15701e+12
0.0002334 -4.31945e+12 -4.17074e+12
0.0002337 -4.33045e+12 -4.20844e+12
0.000234 -4.3471e+12 -4.25983e+12
0.0002343 -4.3639e+12 -4.31161e+12
0.0002346 -4.37538e+12 -4.3504e+12
0.0002349 -4.37723e+12 -4.3658e+12
0.0002352 -4.36737e+12 -4.35272e+12
0.0002355 -4.34633e+12 -4.31246e+12
0.0002358 -4.31718e+12 -4.25247e+12
0.0002361 -4.28481e+12 -4.18462e+12
0.0002364 -4.25481e+12 -4.12253e+12
0.0002367 -4.23224e+12 -4.07847e+12
0.000237 -4.22049e+12 -4.06066e+12
0.0002373 -4.22049e+12 -4.07137e+12
0.0002376 -4.23053e+12 -4.10647e+12
0.0002379 -4.24667e+12 -4.15634e+12
0.0002382 -4.26358e+12 -4.20809e+12
0.0002385 -4.27579e+12 -4.2484e+12
0.0002388 -4.27892e+12 -4.26661e+12
0.0002391 -4.27062e+12 -4.25704e+12
0.0002394 -4.25114e+12 -4.22029e+12
0.0002397 -4.22325e+12 -4.16307e+12
0.00024 -4.19161e+12 -4.0967e+12
0.0002403 -4.1617e+12 -4.03453e+12
0.0002406 -4.13862e+12 -3.98894e+12
0.0002409 -4.12592e+12 -3.96854e+12
0.0002412 -4.12482e+12 -3.97627e+12
0.0002415 -4.1339e+12 -4.00873e+12
0.0002418 -4.14948e+12 -4.05697e+12
0.0002421 -4.16643e+12 -4.10852e+12
0.0002424 -4.17933e+12 -4.15017e+12
0.0002427 -4.18367e+12 -4.17102e+12
0.000243 -4.17689e+12 -4.16486e+12
0.0002433 -4.15897e+12 -4.13157e+12
0.0002436 -4.13236e+12 -4.07716e+12
0.0002439 -4.1015e+12 -4.01237e+12
0.0002442 -4.07175e+12 -3.95027e+12
0.0002445 -4.04823e+12 -3.90329e+12
0.0002448 -4.03464e+12 -3.88042e+12
0.0002451 -4.03246e+12 -3.88522e+12
0.0002454 -4.04057e+12 -3.91501e+12
0.0002457 -4.05557e+12 -3.96151e+12
0.000246 -4.07251e+12 -4.01269e+12
0.0002463 -4.08602e+12 -4.05551e+12
0.0002466 -4.09151e+12 -4.07884e+12
0.0002469 -4.08623e+12 -4.07596e+12
0.0002472 -4.06985e+12 -4.0461e+12
0.0002475 -4.04455e+12 -3.99453e+12
0.0002478 -4.01451e+12 -3.93143e+12
0.0002481 -3.98498e+12 -3.86954e+12
0.0002484 -3.96109e+12 -3.82131e+12
0.0002487 -3.94667e+12 -3.79608e+12
0.000249 -3.94344e+12 -3.798e+12
0.0002493 -3.95059e+12 -3.8251e+12
0.0002496 -3.96498e+12 -3.86977e+12
0.0002499 -3.98184e+12 -3.92044e+12
0.0002502 -3.9959e+12 -3.96424e+12
0.0002505 -4.00248e+12 -3.98988e+12
0.0002508 -3.99865e+12 -3.99018e+12
0.0002511 -3.9838e+12 -3.96369e+12
0.0002514 -3.95983e+12 -3.91499e+12
0.0002517 -3.93067e+12 -3.85367e+12
0.000252 -3.90143e+12 -3.79213e+12
0.0002523 -3.87722e+12 -3.7428e+12
0.0002526 -3.86203e+12 -3.71532e+12
0.0002529 -3.85778e+12 -3.71442e+12
0.0002532 -3.86396e+12 -3.73882e+12
0.0002535 -3.8777e+12 -3.78156e+12
0.0002538 -3.89444e+12 -3.83158e+12
0.0002541 -3.90898e+12 -3.87619e+12
0.0002544 -3.91659e+12 -3.90398e+12
0.0002547 -3.91416e+12 -3.90733e+12
0.000255 -3.90083e+12 -3.88416e+12
0.0002553 -3.87819e+12 -3.83836e+12
0.0002556 -3.84995e+12 -3.77891e+12
0.0002559 -3.82106e+12 -3.71786e+12
0.0002562 -3.7966e+12 -3.66756e+12
0.0002565 -3.78068e+12 -3.63796e+12
0.0002568 -3.77545e+12 -3.6343e+12
0.0002571 -3.78066e+12 -3.65599e+12
0.0002574 -3.79372e+12 -3.69673e+12
0.0002577 -3.81028e+12 -3.74595e+12
0.000258 -3.82523e+12 -3.79121e+12
0.0002583 -3.83381e+12 -3.82099e+12
0.0002586 -3.83274e+12 -3.82727e+12
0.0002589 -3.82089e+12 -3.80737e+12
0.0002592 -3.7996e+12 -3.76448e+12
0.0002595 -3.77231e+12 -3.70698e+12
0.0002598 -3.74381e+12 -3.64653e+12
0.0002601 -3.71917e+12 -3.59542e+12
0.0002604 -3.70257e+12 -3.56381e+12
0.0002607 -3.69637e+12 -3.55747e+12
0.000261 -3.70061e+12 -3.57644e+12
0.0002613 -3.71296e+12 -3.61511e+12
0.0002616 -3.72929e+12 -3.66341e+12
0.0002619 -3.74458e+12 -3.70915e+12
0.0002622 -3.75406e+12 -3.74076e+12
0.0002625 -3.75429e+12 -3.74985e+12
0.0002628 -3.74391e+12 -3.73314e+12
0.0002631 -3.72396e+12 -3.69317e+12
0.0002634 -3.69765e+12 -3.63771e+12
0.0002637 -3.66959e+12 -3.578e+12
0.000264 -3.64482e+12 -3.52621e+12
0.0002643 -3.62758e+12 -3.49272e+12
0.0002646 -3.62045e+12 -3.48376e+12
0.0002649 -3.62372e+12 -3.50003e+12
0.0002652 -3.63533e+12 -3.53656e+12
0.0002655 -3.65138e+12 -3.58381e+12
0.0002658 -3.66694e+12 -3.62988e+12
0.0002661 -3.67725e+12 -3.66316e+12
0.0002664 -3.67871e+12 -3.67493e+12
0.0002667 -3.66976e+12 -3.66135e+12
0.000267 -3.65115e+12 -3.62431e+12
0.0002673 -3.62584e+12 -3.57095e+12
0.0002676 -3.59828e+12 -3.51209e+12
0.0002679 -3.57342e+12 -3.45977e+12
0.0002682 -3.5556e+12 -3.42452e+12
0.0002685 -3.54756e+12 -3.41303e+12
0.0002688 -3.54986e+12 -3.42661e+12
0.0002691 -3.5607e+12 -3.46093e+12
0.0002694 -3.5764e+12 -3.50702e+12
0.0002697 -3.59216e+12 -3.55327e+12
0.00027 -3.60323e+12 -3.58806e+12
0.0002703 -3.60588e+12 -3.60238e+12
0.0002706 -3.59831e+12 -3.59187e+12
0.0002709 -3.58104e+12 -3.55775e+12
0.0002712 -3.55676e+12 -3.50655e+12
0.0002715 -3.52972e+12 -3.44867e+12
0.0002718 -3.50483e+12 -3.39595e+12
0.0002721 -3.48646e+12 -3.35907e+12
0.0002724 -3.47755e+12 -3.34513e+12
0.0002727 -3.47887e+12 -3.35604e+12
0.000273 -3.48891e+12 -3.38811e+12
0.0002733 -3.50421e+12 -3.43292e+12
0.0002736 -3.52011e+12 -3.47919e+12
0.0002739 -3.53186e+12 -3.51534e+12
0.0002742 -3.53563e+12 -3.53209e+12
0.0002745 -3.52942e+12 -3.52457e+12
0.0002748 -3.51347e+12 -3.49336e+12
0.0002751 -3.49022e+12 -3.44439e+12
0.0002754 -3.46376e+12 -3.38759e+12
0.0002757 -3.43888e+12 -3.33461e+12
0.000276 -3.42001e+12 -3.29623e+12
0.0002763 -3.41025e+12 -3.27992e+12
0.0002766 -3.4106e+12 -3.28818e+12
0.0002769 -3.41982e+12 -3.31797e+12
0.0002772 -3.43466e+12 -3.3614e+12
0.0002775 -3.45063e+12 -3.40755e+12
0.0002778 -3.46299e+12 -3.4449e+12
0.0002781 -3.46783e+12 -3.46395e+12
0.0002784 -3.46293e+12 -3.45933e+12
0.0002787 -3.44829e+12 -3.43102e+12
0.000279 -3.42609e+12 -3.38434e+12
0.0002793 -3.40023e+12 -3.32872e+12
0.0002796 -3.37541e+12 -3.27561e+12
0.0002799 -3.35609e+12 -3.23585e+12
0.0002802 -3.3455e+12 -3.21728e+12
0.0002805 -3.34489e+12 -3.22293e+12
0.0002808 -3.35326e+12 -3.25039e+12
0.0002811 -3.36761e+12 -3.29234e+12
0.0002814 -3.38358e+12 -3.33823e+12
0.0002817 -3.39648e+12 -3.37664e+12
0.000282 -3.40232e+12 -3.39785e+12
0.0002823 -3.39869e+12 -3.39605e+12
0.0002826 -3.38534e+12 -3.37062e+12
0.0002829 -3.36421e+12 -3.32627e+12
0.0002832 -3.33898e+12 -3.27195e+12
0.0002835 -3.31426e+12 -3.21884e+12
0.0002838 -3.29454e+12 -3.17783e+12
0.0002841 -3.28315e+12 -3.15708e+12
0.0002844 -3.28159e+12 -3.16015e+12
0.0002847 -3.28909e+12 -3.18526e+12
0.000285 -3.3029e+12 -3.22565e+12
0.0002853 -3.31881e+12 -3.27114e+12
0.0002856 -3.33219e+12 -3.31045e+12
0.0002859 -3.33896e+12 -3.3337e+12
0.0002862 -3.33655e+12 -3.33464e+12
0.0002865 -3.32448e+12 -3.31207e+12
0.0002868 -3.30442e+12 -3.27008e+12
0.0002871 -3.27987e+12 -3.21715e+12
0.0002874 -3.2553e+12 -3.16417e+12
0.0002877 -3.23521e+12 -3.12204e+12
0.000288 -3.22307e+12 -3.09921e+12
0.0002883 -3.22055e+12 -3.09976e+12
0.0002886 -3.22718e+12 -3.12248e+12
0.0002889 -3.2404e+12 -3.16122e+12
0.0002892 -3.25619e+12 -3.2062e+12
0.0002895 -3.26997e+12 -3.24627e+12
0.0002898 -3.27762e+12 -3.27141e+12
0.0002901 -3.2764e+12 -3.27499e+12
0.0002904 -3.26558e+12 -3.25525e+12
0.0002907 -3.24661e+12 -3.21568e+12
0.000291 -3.22275e+12 -3.16422e+12
0.0002913 -3.19838e+12 -3.11149e+12
0.0002916 -3.17798e+12 -3.06837e+12
0.0002919 -3.16511e+12 -3.04357e+12
0.0002922 -3.16167e+12 -3.04163e+12
0.0002925 -3.1674e+12 -3.06197e+12
0.0002928 -3.17999e+12 -3.09897e+12
0.0002931 -3.19561e+12 -3.14331e+12
0.0002934 -3.20974e+12 -3.18399e+12
0.0002937 -3.2182e+12 -3.2109e+12
0.000294 -3.21811e+12 -3.21704e+12
0.0002943 -3.20854e+12 -3.20009e+12
0.0002946 -3.19065e+12 -3.16295e+12
0.0002949 -3.16753e+12 -3.11305e+12
0.0002952 -3.1434e+12 -3.0607e+12
0.0002955 -3.12272e+12 -3.01672e+12
0.0002958 -3.10917e+12 -2.99004e+12
0.0002961 -3.10481e+12 -2.98568e+12
0.0002964 -3.10964e+12 -3.00361e+12
0.0002967 -3.12158e+12 -3.03882e+12
0.000297 -3.13697e+12 -3.08239e+12
0.0002973 -3.15137e+12 -3.12355e+12
0.0002976 -3.16059e+12 -3.1521e+12
0.0002979 -3.1616e+12 -3.16069e+12
0.0002982 -3.15323e+12 -3.14649e+12
0.0002985 -3.13645e+12 -3.11181e+12
0.0002988 -3.11408e+12 -3.06356e+12
0.0002991 -3.09023e+12 -3.0117e+12
0.0002994 -3.06933e+12 -2.96698e+12
0.0002997 -3.05514e+12 -2.93853e+12
0.0003 -3.04989e+12 -2.9318e+12
