0 -11439.3 -17935.3 0
3e-07 -11537.3 -17891 0
6e-07 -11646.7 -17839.7 0
9e-07 -11767.9 -17781.6 0
1.2e-06 -11901.3 -17716.7 0
1.5e-06 -12047.4 -17645.1 0
1.8e-06 -12206.6 -17566.9 0
2.1e-06 -12379.4 -17482.4 0
2.4e-06 -12566.2 -17391.6 0
2.7e-06 -12767.5 -17294.9 0
3e-06 -12983.7 -17192.7 0
3.3e-06 -13215.2 -17085.2 0
3.6e-06 -13462.7 -16973 0
3.9e-06 -13726.4 -16856.5 0
4.2e-06 -14006.8 -16736.1 0
4.5e-06 -14304.4 -16612.3 0
4.8e-06 -14619.6 -16485.7 0
5.1e-06 -14952.7 -16356.8 0
5.4e-06 -15304.1 -16226.3 0
5.7e-06 -15674.3 -16094.9 0
6e-06 -16063.7 -15963.3 0
6.3e-06 -16472.6 -15832.5 0
6.6e-06 -16901.5 -15703.4 0
6.9e-06 -17350.7 -15576.8 0
7.2e-06 -17820.5 -15453.9 0
7.5e-06 -18311.3 -15335.5 0
7.8e-06 -18823.4 -15222.7 0
8.1e-06 -19357 -15116.5 0
8.4e-06 -19912.4 -15018.2 0
8.7e-06 -20489.9 -14928.8 0
9e-06 -21089.6 -14849.8 0
9.3e-06 -21711.8 -14782.3 0
9.6e-06 -22356.6 -14727.8 0
9.9e-06 -23024.4 -14687.7 0
1.02e-05 -23715.1 -14663.5 0
1.05e-05 -24429 -14656.7 0
1.08e-05 -25166 -14668.7 0
1.11e-05 -25926.2 -14701 0
1.14e-05 -26709.5 -14755.1 0
1.17e-05 -27515.9 -14832.5 0
1.2e-05 -28345.4 -14934.8 0
1.23e-05 -29197.8 -15063.7 0
1.26e-05 -30073.1 -15220.8 0
1.29e-05 -30970.9 -15407.8 0
1.32e-05 -31891.2 -15626.4 0
1.35e-05 -32833.7 -15878.2 0
1.38e-05 -33798 -16164.8 0
1.41e-05 -34783.7 -16487.8 0
1.44e-05 -35790.5 -16848.7 0
1.47e-05 -36817.8 -17248.9 0
1.5e-05 -37865 -17690.1 0
1.53e-05 -38931.7 -18173.5 0
1.56e-05 -40017.1 -18700.7 0
1.59e-05 -41120.7 -19273 0
1.62e-05 -42241.6 -19891.7 0
1.65e-05 -43379.1 -20558.3 0
1.68e-05 -44532.3 -21273.6 0
1.71e-05 -45700.3 -22038.9 0
1.74e-05 -46882.1 -22855 0
1.77e-05 -48076.5 -23722.5 0
1.8e-05 -49282.4 -24642.2 0
1.83e-05 -50498.7 -25614.6 0
1.86e-05 -51723.9 -26640.1 0
1.89e-05 -52956.8 -27719 0
1.92e-05 -54195.9 -28851.5 0
1.95e-05 -55439.9 -30037.6 0
1.98e-05 -56687.1 -31277.2 0
2.01e-05 -57936 -32569.9 0
2.04e-05 -59184.8 -33915 0
2.07e-05 -60431.6 -35311.6 0
2.1e-05 -61674.6 -36758.6 0
2.13e-05 -62911.9 -38254.8 0
2.16e-05 -64141.2 -39798.7 0
2.19e-05 -65360.7 -41388.4 0
2.22e-05 -66568 -43022.2 0
2.25e-05 -67761 -44697.8 0
2.28e-05 -68937.5 -46413 0
2.31e-05 -70094.9 -48164.9 0
2.34e-05 -71230.8 -49950.6 0
2.37e-05 -72342.6 -51766.7 0
2.4e-05 -73427.7 -53609.5 0
2.43e-05 -74483.3 -55475.2 0
2.46e-05 -75506.7 -57359.4 0
2.49e-05 -76495 -59257.8 0
2.52e-05 -77445.3 -61165.6 0
2.55e-05 -78354.7 -63077.9 0
2.58e-05 -79220.1 -64989.5 0
2.61e-05 -80038.7 -66894.8 0
2.64e-05 -80807.2 -68788 0
2.67e-05 -81522.5 -70663 0
2.7e-05 -82181.4 -72513.2 0
2.73e-05 -82780.6 -74331.7 0
2.76e-05 -83316.6 -76111.7 0
2.79e-05 -83786.3 -77845.7 0
2.82e-05 -84186.2 -79526.3 0
2.85e-05 -84513.1 -81146 0
2.88e-05 -84763.6 -82697.1 0
2.91e-05 -84934.5 -84171.6 0
2.94e-05 -85022.5 -85561.4 0
2.97e-05 -85024.2 -86858.3 0
3e-05 -84936.4 -88053.8 0
3.03e-05 -84755.8 -89139.2 0
3.06e-05 -84479 -90105.8 0
3.09e-05 -84102.9 -90944.6 0
3.12e-05 -83624.4 -91647.2 0
3.15e-05 -83040.5 -92204.9 0
3.18e-05 -82348.5 -92609.5 0
3.21e-05 -81545.6 -92852.7 0
3.24e-05 -80629.3 -92926.8 0
3.27e-05 -79597.2 -92823.8 0
3.3e-05 -78447 -92536.1 0
3.33e-05 -77176.5 -92056.2 0
3.36e-05 -75783.6 -91376.7 0
3.39e-05 -74266.6 -90491.1 0
3.42e-05 -72624.1 -89393.2 0
3.45e-05 -70855 -88078.3 0
3.48e-05 -68959 -86542.7 0
3.51e-05 -66936.5 -84784.5 31.0078
3.54e-05 -64824.2 -82860.5 124.031
3.57e-05 -62695.3 -80884.9 217.054
3.6e-05 -60551 -78858.2 310.078
3.63e-05 -58392.8 -76781 403.101
3.66e-05 -56222.1 -74654.3 496.124
3.69e-05 -54040.6 -72478.8 589.147
3.72e-05 -51849.9 -70255.7 682.171
3.75e-05 -49651.6 -67986.3 775.194
3.78e-05 -47447.7 -65672.3 868.217
3.81e-05 -45239.9 -63315.3 961.24
3.84e-05 -43030.3 -60917.5 1054.26
3.87e-05 -40821.1 -58481.3 1147.29
3.9e-05 -38614.2 -56009.1 1240.31
3.93e-05 -36412.1 -53503.8 1333.33
3.96e-05 -34217.1 -50968.5 1426.36
3.99e-05 -32031.6 -48406.3 1519.38
4.02e-05 -29858 -45820.9 1612.4
4.05e-05 -27698.9 -43215.9 1705.43
4.08e-05 -25556.9 -40595.1 1798.45
4.11e-05 -23434.7 -37962.9 1891.47
4.14e-05 -21335.1 -35323.7 1984.5
4.17e-05 -19261 -32682.4 2077.52
4.2e-05 -17215.3 -30044.1 2170.54
4.23e-05 -15201.1 -27414 2263.57
4.26e-05 -13221.4 -24797.8 2356.59
4.29e-05 -11279.4 -22201.3 2449.61
4.32e-05 -9378.36 -19630.3 2542.64
4.35e-05 -7521.33 -17091 2635.66
4.38e-05 -5711.57 -14589.6 2728.68
4.41e-05 -3952.34 -12132.6 2821.71
4.44e-05 -2246.94 -9726.44 2914.73
4.47e-05 -598.72 -7378.15 3007.75
4.5e-05 988.923 -5094.76 3100.78
4.53e-05 2512.56 -2883.5 3193.8
4.56e-05 3968.75 -751.722 3286.82
4.59e-05 5354.1 1293.21 3379.84
4.62e-05 6665.24 3243.96 3472.87
4.65e-05 7898.91 5093.31 3565.89
4.68e-05 9051.92 6834.15 3658.91
4.71e-05 10121.2 8459.49 3751.94
4.74e-05 11103.6 9962.42 3844.96
4.77e-05 11996.2 11336.1 3937.98
4.8e-05 12796 12573.7 4031.01
4.83e-05 13500.2 13668.4 4124.03
4.86e-05 14106 14613.8 4217.05
4.89e-05 14610.8 15403.8 4310.08
4.92e-05 15012.3 16032.9 4403.1
4.95e-05 15308.5 16496.5 4496.12
4.98e-05 15498.2 16791.5 4589.15
5.01e-05 15580.5 16915.9 4651.16
5.04e-05 15591 16926.3 4651.16
5.07e-05 15601.6 16936.7 4651.16
5.1e-05 15612.3 16947.1 4651.16
5.13e-05 15622.9 16957.6 4651.16
5.16e-05 15633.6 16968 4651.16
5.19e-05 15644.3 16978.5 4651.16
5.22e-05 15655 16989 4651.16
5.25e-05 15665.7 16999.5 4651.16
5.28e-05 15676.5 17010 4651.16
5.31e-05 15687.2 17020.6 4651.16
5.34e-05 15698 17031.2 4651.16
5.37e-05 15708.9 17041.8 4651.16
5.4e-05 15719.7 17052.4 4651.16
5.43e-05 15730.6 17063.1 4651.16
5.46e-05 15741.5 17073.7 4651.16
5.49e-05 15752.4 17084.5 4651.16
5.52e-05 15763.3 17095.2 4651.16
5.55e-05 15774.3 17105.9 4651.16
5.58e-05 15785.2 17116.6 4651.16
5.61e-05 15796.2 17127.4 4651.16
5.64e-05 15807.2 17138.2 4651.16
5.67e-05 15818.3 17149 4651.16
5.7e-05 15829.4 17159.9 4651.16
5.73e-05 15840.5 17170.7 4651.16
5.76e-05 15851.6 17181.6 4651.16
5.79e-05 15862.7 17192.6 4651.16
5.82e-05 15873.9 17203.5 4651.16
5.85e-05 15885.1 17214.5 4651.16
5.88e-05 15896.3 17225.5 4651.16
5.91e-05 15907.5 17236.5 4651.16
5.94e-05 15918.8 17247.5 4651.16
5.97e-05 15930 17258.5 4651.16
6e-05 15941.3 17269.6 4651.16
6.03e-05 15952.6 17280.7 4651.16
6.06e-05 15964 17291.8 4651.16
6.09e-05 15975.4 17303 4651.16
6.12e-05 15986.8 17314.2 4651.16
6.15e-05 15998.2 17325.4 4651.16
6.18e-05 16009.7 17336.6 4651.16
6.21e-05 16021.1 17347.8 4651.16
6.24e-05 16032.6 17359.1 4651.16
6.27e-05 16044.1 17370.4 4651.16
6.3e-05 16055.7 17381.7 4651.16
6.33e-05 16067.2 17393 4651.16
6.36e-05 16078.8 17404.4 4651.16
6.39e-05 16090.4 17415.8 4651.16
6.42e-05 16102.1 17427.2 4651.16
6.45e-05 16113.8 17438.6 4651.16
6.48e-05 16125.5 17450.1 4651.16
6.51e-05 16137.2 17461.6 4651.16
6.54e-05 16148.9 17473.1 4651.16
6.57e-05 16160.7 17484.6 4651.16
6.6e-05 16172.5 17496.2 4651.16
6.63e-05 16184.3 17507.7 4651.16
6.66e-05 16196.1 17519.3 4651.16
6.69e-05 16208 17531 4651.16
6.72e-05 16219.9 17542.7 4651.16
6.75e-05 16231.8 17554.4 4651.16
6.78e-05 16243.8 17566.1 4651.16
6.81e-05 16255.7 17577.9 4651.16
6.84e-05 16267.7 17589.6 4651.16
6.87e-05 16279.8 17601.4 4651.16
6.9e-05 16291.8 17613.2 4651.16
6.93e-05 16303.9 17625 4651.16
6.96e-05 16316 17636.9 4651.16
6.99e-05 16328.1 17648.8 4651.16
7.02e-05 16340.2 17660.7 4651.16
7.05e-05 16352.4 17672.7 4651.16
7.08e-05 16364.6 17684.7 4651.16
7.11e-05 16376.9 17696.7 4651.16
7.14e-05 16389.1 17708.8 4651.16
7.17e-05 16401.4 17720.8 4651.16
7.2e-05 16413.7 17732.9 4651.16
7.23e-05 16426.1 17745 4651.16
7.26e-05 16438.4 17757.1 4651.16
7.29e-05 16450.8 17769.3 4651.16
7.32e-05 16463.2 17781.5 4651.16
7.35e-05 16475.7 17793.7 4651.16
7.38e-05 16488.2 17806 4651.16
7.41e-05 16500.7 17818.3 4651.16
7.44e-05 16513.2 17830.6 4651.16
7.47e-05 16525.8 17843 4651.16
7.5e-05 16538.4 17855.3 4651.16
7.53e-05 16551 17867.7 4651.16
7.56e-05 16563.6 17880.1 4651.16
7.59e-05 16576.3 17892.5 4651.16
7.62e-05 16589 17905 4651.16
7.65e-05 16601.7 17917.5 4651.16
7.68e-05 16614.5 17930.1 4651.16
7.71e-05 16627.2 17942.7 4651.16
7.74e-05 16640.1 17955.3 4651.16
7.77e-05 16652.9 17967.9 4651.16
7.8e-05 16665.8 17980.6 4651.16
7.83e-05 16678.7 17993.3 4651.16
7.86e-05 16691.6 18006 4651.16
7.89e-05 16704.6 18018.7 4651.16
7.92e-05 16717.5 18031.5 4651.16
7.95e-05 16730.5 18044.3 4651.16
7.98e-05 16743.6 18057.1 4651.16
8.01e-05 16756.7 18070 4651.16
8.04e-05 16769.8 18082.9 4651.16
8.07e-05 16782.9 18095.9 4651.16
8.1e-05 16796.1 18108.8 4651.16
8.13e-05 16809.3 18121.8 4651.16
8.16e-05 16822.5 18134.8 4651.16
8.19e-05 16835.8 18147.9 4651.16
8.22e-05 16849.1 18160.9 4651.16
8.25e-05 16862.4 18174 4651.16
8.28e-05 16875.7 18187.2 4651.16
8.31e-05 16889.1 18200.4 4651.16
8.34e-05 16902.6 18213.6 4651.16
8.37e-05 16916 18226.9 4651.16
8.4e-05 16929.5 18240.2 4651.16
8.43e-05 16943 18253.5 4651.16
8.46e-05 16956.6 18266.8 4651.16
8.49e-05 16970.1 18280.2 4651.16
8.52e-05 16983.7 18293.6 4651.16
8.55e-05 16997.4 18307 4651.16
8.58e-05 17011 18320.5 4651.16
8.61e-05 17024.7 18334 4651.16
8.64e-05 17038.5 18347.5 4651.16
8.67e-05 17052.3 18361.1 4651.16
8.7e-05 17066.1 18374.8 4651.16
8.73e-05 17080 18388.4 4651.16
8.76e-05 17093.8 18402.1 4651.16
8.79e-05 17107.8 18415.8 4651.16
8.82e-05 17121.7 18429.5 4651.16
8.85e-05 17135.7 18443.3 4651.16
8.88e-05 17149.7 18457.1 4651.16
8.91e-05 17163.7 18470.9 4651.16
8.94e-05 17177.8 18484.8 4651.16
8.97e-05 17192 18498.7 4651.16
9e-05 17206.1 18512.7 4651.16
9.03e-05 17220.3 18526.7 4651.16
9.06e-05 17234.6 18540.8 4651.16
9.09e-05 17248.9 18554.8 4651.16
9.12e-05 17263.2 18568.9 4651.16
9.15e-05 17277.5 18583 4651.16
9.18e-05 17291.9 18597.2 4651.16
9.21e-05 17306.3 18611.4 4651.16
9.24e-05 17320.8 18625.6 4651.16
9.27e-05 17335.3 18639.9 4651.16
9.3e-05 17349.8 18654.2 4651.16
9.33e-05 17364.4 18668.6 4651.16
9.36e-05 17379.1 18683 4651.16
9.39e-05 17393.7 18697.4 4651.16
9.42e-05 17408.4 18711.9 4651.16
9.45e-05 17423.2 18726.4 4651.16
9.48e-05 17438 18740.9 4651.16
9.51e-05 17452.8 18755.5 4651.16
9.54e-05 17467.6 18770.1 4651.16
9.57e-05 17482.6 18784.7 4651.16
9.6e-05 17497.5 18799.4 4651.16
9.63e-05 17512.5 18814.2 4651.16
9.66e-05 17527.6 18829 4651.16
9.69e-05 17542.7 18843.8 4651.16
9.72e-05 17557.8 18858.7 4651.16
9.75e-05 17573 18873.5 4651.16
9.78e-05 17588.2 18888.5 4651.16
9.81e-05 17603.4 18903.4 4651.16
9.84e-05 17618.7 18918.4 4651.16
9.87e-05 17634.1 18933.4 4651.16
9.9e-05 17649.5 18948.5 4651.16
9.93e-05 17664.9 18963.6 4651.16
9.96e-05 17680.4 18978.8 4651.16
9.99e-05 17696 18994.1 4651.16
0.0001002 17711.6 19009.3 4651.16
0.0001005 17727.2 19024.6 4651.16
0.0001008 17742.9 19040 4651.16
0.0001011 17758.6 19055.3 4651.16
0.0001014 17774.4 19070.7 4651.16
0.0001017 17790.2 19086.2 4651.16
0.000102 17806.1 19101.6 4651.16
0.0001023 17822 19117.2 4651.16
0.0001026 17838 19132.8 4651.16
0.0001029 17854 19148.4 4651.16
0.0001032 17870.1 19164.1 4651.16
0.0001035 17886.3 19179.9 4651.16
0.0001038 17902.5 19195.6 4651.16
0.0001041 17918.7 19211.4 4651.16
0.0001044 17935 19227.3 4651.16
0.0001047 17951.3 19243.1 4651.16
0.000105 17967.7 19259 4651.16
0.0001053 17984.1 19275 4651.16
0.0001056 18000.6 19291 4651.16
0.0001059 18017.2 19307.1 4651.16
0.0001062 18033.8 19323.3 4651.16
0.0001065 18050.5 19339.5 4651.16
0.0001068 18067.2 19355.7 4651.16
0.0001071 18084 19371.9 4651.16
0.0001074 18100.8 19388.2 4651.16
0.0001077 18117.7 19404.5 4651.16
0.000108 18134.6 19420.9 4651.16
0.0001083 18151.6 19437.3 4651.16
0.0001086 18168.6 19453.8 4651.16
0.0001089 18185.7 19470.3 4651.16
0.0001092 18202.9 19486.9 4651.16
0.0001095 18220.1 19503.6 4651.16
0.0001098 18237.4 19520.3 4651.16
0.0001101 18254.7 19537 4651.16
0.0001104 18272.1 19553.8 4651.16
0.0001107 18289.6 19570.6 4651.16
0.000111 18307.1 19587.5 4651.16
0.0001113 18324.6 19604.4 4651.16
0.0001116 18342.2 19621.3 4651.16
0.0001119 18359.9 19638.3 4651.16
0.0001122 18377.6 19655.4 4651.16
0.0001125 18395.4 19672.6 4651.16
0.0001128 18413.3 19689.8 4651.16
0.0001131 18431.2 19707 4651.16
0.0001134 18449.2 19724.3 4651.16
0.0001137 18467.2 19741.7 4651.16
0.000114 18485.3 19759 4651.16
0.0001143 18503.4 19776.4 4651.16
0.0001146 18521.6 19793.9 4651.16
0.0001149 18539.8 19811.4 4651.16
0.0001152 18558.1 19829 4651.16
0.0001155 18576.5 19846.7 4651.16
0.0001158 18595 19864.4 4651.16
0.0001161 18613.5 19882.2 4651.16
0.0001164 18632 19900 4651.16
0.0001167 18650.6 19917.9 4651.16
0.000117 18669.3 19935.8 4651.16
0.0001173 18688 19953.8 4651.16
0.0001176 18706.7 19971.8 4651.16
0.0001179 18725.5 19989.8 4651.16
0.0001182 18744.4 20008 4651.16
0.0001185 18763.3 20026.2 4651.16
0.0001188 18782.3 20044.4 4651.16
0.0001191 18801.4 20062.8 4651.16
0.0001194 18820.5 20081.2 4651.16
0.0001197 18839.7 20099.6 4651.16
0.00012 18858.9 20118.1 4651.16
0.0001203 18878.1 20136.7 4651.16
0.0001206 18897.4 20155.3 4651.16
0.0001209 18916.8 20173.9 4651.16
0.0001212 18936.2 20192.6 4651.16
0.0001215 18955.6 20211.4 4651.16
0.0001218 18975.2 20230.2 4651.16
0.0001221 18994.7 20249.2 4651.16
0.0001224 19014.4 20268.2 4651.16
0.0001227 19034 20287.2 4651.16
0.000123 19053.8 20306.3 4651.16
0.0001233 19073.5 20325.5 4651.16
0.0001236 19093.3 20344.7 4651.16
0.0001239 19113.2 20364 4651.16
0.0001242 19133.1 20383.3 4651.16
0.0001245 19153 20402.7 4651.16
0.0001248 19173 20422.1 4651.16
0.0001251 19193 20441.7 4651.16
0.0001254 19213.1 20461.3 4651.16
0.0001257 19233.3 20481 4651.16
0.000126 19253.5 20500.8 4651.16
0.0001263 19273.7 20520.6 4651.16
0.0001266 19293.9 20540.4 4651.16
0.0001269 19314.2 20560.3 4651.16
0.0001272 19334.5 20580.3 4651.16
0.0001275 19354.9 20600.3 4651.16
0.0001278 19375.3 20620.5 4651.16
0.0001281 19395.7 20640.6 4651.16
0.0001284 19416.2 20660.9 4651.16
0.0001287 19436.7 20681.3 4651.16
0.000129 19457.3 20701.7 4651.16
0.0001293 19477.9 20722.2 4651.16
0.0001296 19498.5 20742.7 4651.16
0.0001299 19519.1 20763.3 4651.16
0.0001302 19539.8 20784 4651.16
0.0001305 19560.5 20804.7 4651.16
0.0001308 19581.3 20825.5 4651.16
0.0001311 19602 20846.4 4651.16
0.0001314 19622.8 20867.3 4651.16
0.0001317 19643.7 20888.3 4651.16
0.000132 19664.6 20909.5 4651.16
0.0001323 19685.5 20930.7 4651.16
0.0001326 19706.4 20951.9 4651.16
0.0001329 19727.4 20973.2 4651.16
0.0001332 19748.3 20994.6 4651.16
0.0001335 19769.3 21016 4651.16
0.0001338 19790.4 21037.5 4651.16
0.0001341 19811.4 21059.1 4651.16
0.0001344 19832.5 21080.7 4651.16
0.0001347 19853.6 21102.5 4651.16
0.000135 19874.8 21124.3 4651.16
0.0001353 19895.9 21146.2 4651.16
0.0001356 19917.2 21168.2 4651.16
0.0001359 19938.4 21190.3 4651.16
0.0001362 19959.6 21212.4 4651.16
0.0001365 19980.9 21234.6 4651.16
0.0001368 20002.2 21256.8 4651.16
0.0001371 20023.5 21279.1 4651.16
0.0001374 20044.8 21301.5 4651.16
0.0001377 20066.2 21324 4651.16
0.000138 20087.6 21346.6 4651.16
0.0001383 20109.1 21369.2 4651.16
0.0001386 20130.6 21392 4651.16
0.0001389 20152.1 21414.8 4651.16
0.0001392 20173.6 21437.7 4651.16
0.0001395 20195.2 21460.7 4651.16
0.0001398 20216.8 21483.7 4651.16
0.0001401 20238.4 21506.8 4651.16
0.0001404 20260.1 21530 4651.16
0.0001407 20281.8 21553.2 4651.16
0.000141 20303.5 21576.6 4651.16
0.0001413 20325.3 21600 4651.16
0.0001416 20347.2 21623.6 4651.16
0.0001419 20369.1 21647.2 4651.16
0.0001422 20391 21670.9 4651.16
0.0001425 20413 21694.7 4651.16
0.0001428 20435 21718.6 4651.16
0.0001431 20457.1 21742.5 4651.16
0.0001434 20479.2 21766.5 4651.16
0.0001437 20501.4 21790.6 4651.16
0.000144 20523.7 21814.8 4651.16
0.0001443 20546 21839.1 4651.16
0.0001446 20568.4 21863.5 4651.16
0.0001449 20590.9 21888 4651.16
0.0001452 20613.4 21912.6 4651.16
0.0001455 20636 21937.3 4651.16
0.0001458 20658.7 21962.1 4651.16
0.0001461 20681.5 21987 4651.16
0.0001464 20704.4 22011.9 4651.16
0.0001467 20727.3 22036.9 4651.16
0.000147 20750.4 22062.1 4651.16
0.0001473 20773.6 22087.3 4651.16
0.0001476 20796.8 22112.7 4651.16
0.0001479 20820.2 22138.2 4651.16
0.0001482 20843.7 22163.8 4651.16
0.0001485 20867.4 22189.5 4651.16
0.0001488 20891.1 22215.3 4651.16
0.0001491 20915 22241.2 4651.16
0.0001494 20939.1 22267.2 4651.16
0.0001497 20963.2 22293.3 4651.16
0.00015 20987.5 22319.5 4651.16
0.0001503 21012 22345.8 4651.16
0.0001506 21036.6 22372.3 4651.16
0.0001509 21061.4 22398.9 4651.16
0.0001512 21086.4 22425.6 4651.16
0.0001515 21111.5 22452.5 4651.16
0.0001518 21136.9 22479.5 4651.16
0.0001521 21162.5 22506.6 4651.16
0.0001524 21188.2 22533.8 4651.16
0.0001527 21214.1 22561.2 4651.16
0.000153 21240.3 22588.6 4651.16
0.0001533 21266.7 22616.2 4651.16
0.0001536 21293.3 22643.9 4651.16
0.0001539 21320.1 22671.8 4651.16
0.0001542 21347.2 22699.9 4651.16
0.0001545 21374.6 22728.1 4651.16
0.0001548 21402.2 22756.5 4651.16
0.0001551 21430.1 22785 4651.16
0.0001554 21458.3 22813.6 4651.16
0.0001557 21486.8 22842.4 4651.16
0.000156 21515.5 22871.3 4651.16
0.0001563 21544.5 22900.3 4651.16
0.0001566 21573.9 22929.5 4651.16
0.0001569 21603.5 22958.9 4651.16
0.0001572 21633.5 22988.4 4651.16
0.0001575 21663.9 23018.2 4651.16
0.0001578 21694.6 23048.1 4651.16
0.0001581 21725.7 23078.1 4651.16
0.0001584 21757.1 23108.4 4651.16
0.0001587 21788.9 23138.8 4651.16
0.000159 21821 23169.3 4651.16
0.0001593 21853.6 23200 4651.16
0.0001596 21886.5 23230.8 4651.16
0.0001599 21919.8 23261.8 4651.16
0.0001602 21953.5 23293 4651.16
0.0001605 21987.7 23324.4 4651.16
0.0001608 22022.3 23356 4651.16
0.0001611 22057.4 23387.7 4651.16
0.0001614 22092.9 23419.7 4651.16
0.0001617 22128.8 23451.8 4651.16
0.000162 22165.2 23484.1 4651.16
0.0001623 22202.1 23516.5 4651.16
0.0001626 22239.4 23549 4651.16
0.0001629 22277.2 23581.8 4651.16
0.0001632 22315.5 23614.6 4651.16
0.0001635 22354.3 23647.7 4651.16
0.0001638 22393.6 23681 4651.16
0.0001641 22433.4 23714.5 4651.16
0.0001644 22473.7 23748.1 4651.16
0.0001647 22514.5 23781.9 4651.16
0.000165 22555.9 23815.9 4651.16
0.0001653 22597.8 23850 4651.16
0.0001656 22640.1 23884.2 4651.16
0.0001659 22683.1 23918.6 4651.16
0.0001662 22726.5 23953.1 4651.16
0.0001665 22770.5 23987.7 4651.16
0.0001668 22815 24022.5 4651.16
0.0001671 22860.1 24057.5 4651.16
0.0001674 22905.8 24092.7 4651.16
0.0001677 22952 24128 4651.16
0.000168 22998.7 24163.4 4651.16
0.0001683 23046 24198.9 4651.16
0.0001686 23093.8 24234.6 4651.16
0.0001689 23142.1 24270.3 4651.16
0.0001692 23191 24306.1 4651.16
0.0001695 23240.4 24342 4651.16
0.0001698 23290.4 24378.1 4651.16
0.0001701 23340.9 24414.2 4651.16
0.0001704 23391.9 24450.5 4651.16
0.0001707 23443.4 24486.9 4651.16
0.000171 23495.5 24523.4 4651.16
0.0001713 23548.1 24560 4651.16
0.0001716 23601.1 24596.6 4651.16
0.0001719 23654.7 24633.2 4651.16
0.0001722 23708.7 24669.9 4651.16
0.0001725 23763.2 24706.6 4651.16
0.0001728 23818.1 24743.4 4651.16
0.0001731 23873.5 24780.3 4651.16
0.0001734 23929.3 24817.2 4651.16
0.0001737 23985.5 24854.2 4651.16
0.000174 24042.2 24891.2 4651.16
0.0001743 24099.2 24928.3 4651.16
0.0001746 24156.7 24965.4 4651.16
0.0001749 24214.4 25002.4 4651.16
0.0001752 24272.5 25039.5 4651.16
0.0001755 24330.9 25076.6 4651.16
0.0001758 24389.5 25113.7 4651.16
0.0001761 24448.5 25150.7 4651.16
0.0001764 24507.7 25187.9 4651.16
0.0001767 24567.1 25225 4651.16
0.000177 24626.7 25262.2 4651.16
0.0001773 24686.6 25299.4 4651.16
0.0001776 24746.5 25336.6 4651.16
0.0001779 24806.6 25373.9 4651.16
0.0001782 24866.7 25411.1 4651.16
0.0001785 24926.9 25448.3 4651.16
0.0001788 24987.1 25485.5 4651.16
0.0001791 25047.3 25522.7 4651.16
0.0001794 25107.5 25560 4651.16
0.0001797 25167.6 25597.3 4651.16
0.00018 25227.6 25634.7 4651.16
0.0001803 25287.4 25672.1 4651.16
0.0001806 25347.1 25709.7 4651.16
0.0001809 25406.5 25747.3 4651.16
0.0001812 25465.7 25785 4651.16
0.0001815 25524.6 25822.8 4651.16
0.0001818 25583.1 25860.6 4651.16
0.0001821 25641.2 25898.6 4651.16
0.0001824 25698.9 25936.7 4651.16
0.0001827 25756.1 25975 4651.16
0.000183 25812.7 26013.5 4651.16
0.0001833 25868.9 26052.2 4651.16
0.0001836 25924.4 26091.2 4651.16
0.0001839 25979.3 26130.4 4651.16
0.0001842 26033.5 26169.9 4651.16
0.0001845 26086.9 26209.7 4651.16
0.0001848 26139.4 26249.8 4651.16
0.0001851 26191.2 26290.3 4651.16
0.0001854 26242 26331 4651.16
0.0001857 26291.8 26372.3 4651.16
0.000186 26340.6 26413.9 4651.16
0.0001863 26388.4 26456.1 4651.16
0.0001866 26435.1 26498.9 4651.16
0.0001869 26480.7 26542.2 4651.16
0.0001872 26525 26586.2 4651.16
0.0001875 26568.1 26630.8 4651.16
0.0001878 26609.9 26676 4651.16
0.0001881 26650.2 26721.9 4651.16
0.0001884 26689.2 26768.6 4651.16
0.0001887 26726.7 26816 4651.16
0.000189 26762.6 26864.3 4651.16
0.0001893 26797 26913.5 4651.16
0.0001896 26829.8 26963.6 4651.16
0.0001899 26860.9 27014.8 4651.16
0.0001902 26890.4 27067 4651.16
0.0001905 26918.1 27120.3 4651.16
0.0001908 26943.9 27174.7 4651.16
0.0001911 26967.9 27230.3 4651.16
0.0001914 26990 27287 4651.16
0.0001917 27010.2 27344.9 4651.16
0.000192 27028.4 27404.1 4651.16
0.0001923 27044.5 27464.7 4651.16
0.0001926 27058.6 27526.7 4651.16
0.0001929 27070.7 27590.1 4651.16
0.0001932 27080.6 27655 4651.16
0.0001935 27088.4 27721.5 4651.16
0.0001938 27094.1 27789.4 4651.16
0.0001941 27097.5 27859 4651.16
0.0001944 27098.7 27930.1 4651.16
0.0001947 27097.6 28002.8 4651.16
0.000195 27094.2 28077.1 4651.16
0.0001953 27088.6 28153.1 4651.16
0.0001956 27080.7 28230.9 4651.16
0.0001959 27070.5 28310.4 4651.16
0.0001962 27057.9 28391.6 4651.16
0.0001965 27043.2 28474.6 4651.16
0.0001968 27026.1 28559.5 4651.16
0.0001971 27006.7 28646 4651.16
0.0001974 26985 28734.3 4651.16
0.0001977 26961.1 28824.3 4651.16
0.000198 26934.9 28916 4651.16
0.0001983 26906.4 29009.3 4651.16
0.0001986 26875.8 29104.4 4651.16
0.0001989 26843 29201.1 4651.16
0.0001992 26808.2 29299.4 4651.16
0.0001995 26771.2 29399.4 4651.16
0.0001998 26732.3 29500.9 4651.16
0.0002001 26691.4 29603.9 4651.16
0.0002004 26648.6 29708.3 4651.16
0.0002007 26604 29814 4651.16
0.000201 26557.6 29920.9 4651.16
0.0002013 26509.6 30028.9 4651.16
0.0002016 26459.9 30138 4651.16
0.0002019 26408.7 30248 4651.16
0.0002022 26356.2 30358.9 4651.16
0.0002025 26302.4 30470.6 4651.16
0.0002028 26247.5 30583 4651.16
0.0002031 26191.6 30695.8 4651.16
0.0002034 26134.7 30809 4651.16
0.0002037 26077.1 30922.4 4651.16
0.000204 26018.9 31035.8 4651.16
0.0002043 25960.2 31149 4651.16
0.0002046 25901.1 31261.9 4651.16
0.0002049 25842 31374.3 4651.16
0.0002052 25782.8 31486 4651.16
0.0002055 25724 31596.8 4651.16
0.0002058 25665.5 31706.6 4651.16
0.0002061 25607.8 31815.2 4651.16
0.0002064 25550.9 31922.3 4651.16
0.0002067 25495 32027.8 4651.16
0.000207 25440.5 32131.3 4651.16
0.0002073 25387.5 32232.5 4651.16
0.0002076 25336.2 32331.4 4651.16
0.0002079 25287 32427.5 4651.16
0.0002082 25240.1 32520.8 4651.16
0.0002085 25195.7 32611 4651.16
0.0002088 25154.3 32697.8 4651.16
0.0002091 25116 32781.1 4651.16
0.0002094 25081.2 32860.6 4651.16
0.0002097 25050.1 32936 4651.16
0.00021 25023.2 33007.1 4651.16
0.0002103 25000.6 33073.6 4651.16
0.0002106 24982.8 33135.2 4651.16
0.0002109 24970 33191.8 4651.16
0.0002112 24962.7 33243 4651.16
0.0002115 24961.1 33288.8 4651.16
0.0002118 24965.7 33329 4651.16
0.0002121 24976.9 33363.3 4651.16
0.0002124 24995 33391.6 4651.16
0.0002127 25020.4 33413.7 4651.16
0.000213 25053.5 33429.4 4651.16
0.0002133 25094.7 33438.7 4651.16
0.0002136 25144.4 33441.2 4651.16
0.0002139 25203 33436.9 4651.16
0.0002142 25271 33425.7 4651.16
0.0002145 25348.7 33407.6 4651.16
0.0002148 25436.5 33382.5 4651.16
0.0002151 25535.1 33350.5 4651.16
0.0002154 25644.7 33311.5 4651.16
0.0002157 25765.8 33265.7 4651.16
0.000216 25898.9 33213 4651.16
0.0002163 26044.4 33153.6 4651.16
0.0002166 26202.8 33087.6 4651.16
0.0002169 26374.4 33015.1 4651.16
0.0002172 26559.8 32936.2 4651.16
0.0002175 26759.3 32851.2 4651.16
0.0002178 26973.5 32760.5 4651.16
0.0002181 27202.7 32664.3 4651.16
0.0002184 27447.6 32563.1 4651.16
0.0002187 27708.4 32457.3 4651.16
0.000219 27985.7 32347.2 4651.16
0.0002193 28279.8 32233.5 4651.16
0.0002196 28591.3 32116.6 4651.16
0.0002199 28920.4 31997.1 4651.16
0.0002202 29267.7 31875.5 4651.16
0.0002205 29633.4 31752.5 4651.16
0.0002208 30018.1 31628.9 4651.16
0.0002211 30422.1 31505.5 4651.16
0.0002214 30845.7 31383.2 4651.16
0.0002217 31289.5 31262.8 4651.16
0.000222 31753.7 31145.3 4651.16
0.0002223 32238.6 31031.8 4651.16
0.0002226 32744.7 30923.1 4651.16
0.0002229 33272.1 30820.4 4651.16
0.0002232 33821.1 30724.8 4651.16
0.0002235 34392.1 30637.4 4651.16
0.0002238 34985.2 30559.4 4651.16
0.0002241 35600.6 30492.1 4651.16
0.0002244 36238.6 30436.9 4651.16
0.0002247 36899.4 30395.2 4651.16
0.000225 37583.1 30368.4 4651.16
0.0002253 38289.8 30358 4651.16
0.0002256 39019.7 30365.4 4651.16
0.0002259 39772.7 30392.2 4651.16
0.0002262 40549 30439.7 4651.16
0.0002265 41348.4 30509.6 4651.16
0.0002268 42170.9 30603.4 4651.16
0.0002271 43016.4 30722.6 4651.16
0.0002274 43884.9 30869 4651.16
0.0002277 44776.1 31044.1 4651.16
0.000228 45689.9 31249.7 4651.16
0.0002283 46626 31487.5 4651.16
0.0002286 47584.3 31759 4651.16
0.0002289 48564.2 32065.9 4651.16
0.0002292 49565.5 32409.6 4651.16
0.0002295 50587.6 32791.8 4651.16
0.0002298 51630.2 33213.9 4651.16
0.0002301 52692.5 33677.3 4651.16
0.0002304 53774 34183.5 4651.16
0.0002307 54874.1 34734 4651.16
0.000231 55992.1 35330.1 4651.16
0.0002313 57127.3 35973 4651.16
0.0002316 58278.7 36664.2 4651.16
0.0002319 59445.6 37404.5 4651.16
0.0002322 60626.9 38195.1 4651.16
0.0002325 61821.7 39036.7 4651.16
0.0002328 63028.7 39930 4651.16
0.0002331 64246.9 40875.7 4651.16
0.0002334 65474.9 41874.3 4651.16
0.0002337 66711.5 42926.1 4651.16
0.000234 67955.4 44031.4 4651.16
0.0002343 69205.1 45190.4 4651.16
0.0002346 70459.1 46403 4651.16
0.0002349 71715.8 47668.9 4651.16
0.0002352 72973.6 48987.7 4651.16
0.0002355 74230.7 50358.7 4651.16
0.0002358 75485.3 51780.9 4651.16
0.0002361 76735.4 53253.1 4651.16
0.0002364 77979.1 54774.1 4651.16
0.0002367 79214.3 56342.1 4651.16
0.000237 80438.8 57955.4 4651.16
0.0002373 81650.5 59612.2 4651.16
0.0002376 82847.2 61310 4651.16
0.0002379 84026.4 63046.5 4651.16
0.0002382 85185.9 64818.7 4651.16
0.0002385 86323 66623.7 4651.16
0.0002388 87435.2 68457.9 4651.16
0.0002391 88519.7 70317.6 4651.16
0.0002394 89573.9 72198.8 4651.16
0.0002397 90594.9 74097.1 4651.16
0.00024 91579.9 76008.1 4651.16
0.0002403 92525.9 77926.8 4651.16
0.0002406 93430 79848.3 4651.16
0.0002409 94289.3 81767.4 4651.16
0.0002412 95100.6 83678.2 4651.16
0.0002415 95860.9 85575 4651.16
0.0002418 96566.9 87451.4 4651.16
0.0002421 97215.3 89300.7 4651.16
0.0002424 97802.9 91116.2 4651.16
0.0002427 98326.4 92890.6 4651.16
0.000243 98782.4 94616.7 4651.16
0.0002433 99167.5 96286.9 4651.16
0.0002436 99478.5 97893.7 4651.16
0.0002439 99712.1 99429.2 4651.16
0.0002442 99865 100885 4651.16
0.0002445 99933.8 102254 4651.16
0.0002448 99915.4 103527 4651.16
0.0002451 99806.3 104696 4651.16
0.0002454 99603.3 105752 4651.16
0.0002457 99303.1 106686 4651.16
0.000246 98902.5 107490 4651.16
0.0002463 98398.6 108154 4651.16
0.0002466 97788.4 108671 4651.16
0.0002469 97069 109032 4651.16
0.0002472 96238 109229 4651.16
0.0002475 95292.9 109254 4651.16
0.0002478 94231.1 109100 4651.16
0.0002481 93050.5 108758 4651.16
0.0002484 91748.9 108222 4651.16
0.0002487 90324.3 107483 4651.16
0.000249 88775.1 106537 4651.16
0.0002493 87100 105377 4651.16
0.0002496 85298.2 103998 4651.16
0.0002499 83369.5 102397 4651.16
0.0002502 81314.6 100574 4589.15
0.0002505 79206.2 98642.6 4496.12
0.0002508 77081.6 96659.3 4403.1
0.0002511 74942.2 94625.2 4310.08
0.0002514 72789.3 92540.9 4217.05
0.0002517 70624.5 90407.2 4124.03
0.000252 68449.4 88225.2 4031.01
0.0002523 66265.7 85996.1 3937.98
0.0002526 64075.1 83721.2 3844.96
0.0002529 61879.4 81402.2 3751.94
0.0002532 59680.6 79041 3658.91
0.0002535 57480.7 76639.7 3565.89
0.0002538 55281.8 74200.7 3472.87
0.0002541 53086.1 71726.8 3379.84
0.0002544 50896 69220.8 3286.82
0.0002547 48713.7 66685.9 3193.8
0.000255 46541.8 64125.3 3100.78
0.0002553 44382.6 61542.6 3007.75
0.0002556 42238.8 58941.5 2914.73
0.0002559 40113.1 56326.2 2821.71
0.0002562 38008.1 53701 2728.68
0.0002565 35926.6 51070.3 2635.66
0.0002568 33871.6 48439.2 2542.64
0.0002571 31846.1 45812.9 2449.61
0.0002574 29853.1 43196.6 2356.59
0.0002577 27895.7 40596.2 2263.57
0.000258 25977.1 38017.4 2170.54
0.0002583 24100.4 35466.2 2077.52
0.0002586 22268.9 32948.7 1984.5
0.0002589 20485.7 30471.3 1891.47
0.0002592 18754.2 28040.4 1798.45
0.0002595 17077.7 25662.8 1705.43
0.0002598 15459.5 23345.3 1612.4
0.0002601 13903 21095.2 1519.38
0.0002604 12411.7 18919.7 1426.36
0.0002607 10989 16826.1 1333.33
0.000261 9638.34 14821.8 1240.31
0.0002613 8362.95 12914.1 1147.29
0.0002616 7166.13 11110.3 1054.26
0.0002619 6051.03 9417.29 961.24
0.0002622 5020.76 7842.13 868.217
0.0002625 4078.33 6391.71 775.194
0.0002628 3226.72 5072.87 682.171
0.0002631 2468.87 3892.41 589.147
0.0002634 1807.62 2856.98 496.124
0.0002637 1245.7 1972.99 403.101
0.000264 785.618 1246.38 310.078
0.0002643 429.552 682.308 217.054
0.0002646 179.241 284.917 124.031
0.0002649 35.8707 57.0373 31.0078
0.0002652 0 0 0
0.0002655 0 0 0
0.0002658 0 0 0
0.0002661 0 0 0
0.0002664 0 0 0
0.0002667 0 0 0
0.000267 0 0 0
0.0002673 0 0 0
0.0002676 0 0 0
0.0002679 0 0 0
0.0002682 0 0 0
0.0002685 0 0 0
0.0002688 0 0 0
0.0002691 0 0 0
0.0002694 0 0 0
0.0002697 0 0 0
0.00027 0 0 0
0.0002703 0 0 0
0.0002706 0 0 0
0.0002709 0 0 0
0.0002712 0 0 0
0.0002715 0 0 0
0.0002718 0 0 0
0.0002721 0 0 0
0.0002724 0 0 0
0.0002727 0 0 0
0.000273 0 0 0
0.0002733 0 0 0
0.0002736 0 0 0
0.0002739 0 0 0
0.0002742 0 0 0
0.0002745 0 0 0
0.0002748 0 0 0
0.0002751 0 0 0
0.0002754 0 0 0
0.0002757 0 0 0
0.000276 0 0 0
0.0002763 0 0 0
0.0002766 0 0 0
0.0002769 0 0 0
0.0002772 0 0 0
0.0002775 0 0 0
0.0002778 0 0 0
0.0002781 0 0 0
0.0002784 0 0 0
0.0002787 0 0 0
0.000279 0 0 0
0.0002793 0 0 0
0.0002796 0 0 0
0.0002799 0 0 0
0.0002802 0 0 0
0.0002805 0 0 0
0.0002808 0 0 0
0.0002811 0 0 0
0.0002814 0 0 0
0.0002817 0 0 0
0.000282 0 0 0
0.0002823 0 0 0
0.0002826 0 0 0
0.0002829 0 0 0
0.0002832 0 0 0
0.0002835 0 0 0
0.0002838 0 0 0
0.0002841 0 0 0
0.0002844 0 0 0
0.0002847 0 0 0
0.000285 0 0 0
0.0002853 0 0 0
0.0002856 0 0 0
0.0002859 0 0 0
0.0002862 0 0 0
0.0002865 0 0 0
0.0002868 0 0 0
0.0002871 0 0 0
0.0002874 0 0 0
0.0002877 0 0 0
0.000288 0 0 0
0.0002883 0 0 0
0.0002886 0 0 0
0.0002889 0 0 0
0.0002892 0 0 0
0.0002895 0 0 0
0.0002898 0 0 0
0.0002901 0 0 0
0.0002904 0 0 0
0.0002907 0 0 0
0.000291 0 0 0
0.0002913 0 0 0
0.0002916 0 0 0
0.0002919 0 0 0
0.0002922 0 0 0
0.0002925 0 0 0
0.0002928 0 0 0
0.0002931 0 0 0
0.0002934 0 0 0
0.0002937 0 0 0
0.000294 0 0 0
0.0002943 0 0 0
0.0002946 0 0 0
0.0002949 0 0 0
0.0002952 0 0 0
0.0002955 0 0 0
0.0002958 0 0 0
0.0002961 0 0 0
0.0002964 0 0 0
0.0002967 0 0 0
0.000297 0 0 0
0.0002973 0 0 0
0.0002976 0 0 0
0.0002979 0 0 0
0.0002982 0 0 0
0.0002985 0 0 0
0.0002988 0 0 0
0.0002991 0 0 0
0.0002994 0 0 0
0.0002997 0 0 0
0.0003 0 0 0
