0 -9.53852e-11 -1.21446e-10 0
1e-07 -9.52647e-11 -1.22236e-10 0
2e-07 -9.51378e-11 -1.23021e-10 0
3e-07 -9.50046e-11 -1.23801e-10 0
4e-07 -9.48649e-11 -1.24576e-10 0
5e-07 -9.47188e-11 -1.25345e-10 0
6e-07 -9.45661e-11 -1.26108e-10 0
7e-07 -9.44068e-11 -1.26866e-10 0
8e-07 -9.42409e-11 -1.27618e-10 0
9e-07 -9.40682e-11 -1.28364e-10 0
1e-06 -9.38889e-11 -1.29103e-10 0
1.1e-06 -9.37028e-11 -1.29836e-10 0
1.2e-06 -9.351e-11 -1.30563e-10 0
1.3e-06 -9.33102e-11 -1.31282e-10 0
1.4e-06 -9.31036e-11 -1.31996e-10 0
1.5e-06 -9.28901e-11 -1.32702e-10 0
1.6e-06 -9.26697e-11 -1.33401e-10 0
1.7e-06 -9.24422e-11 -1.34093e-10 0
1.8e-06 -9.22078e-11 -1.34777e-10 0
1.9e-06 -9.19663e-11 -1.35454e-10 0
2e-06 -9.17177e-11 -1.36123e-10 0
2.1e-06 -9.1462e-11 -1.36785e-10 0
2.2e-06 -9.11991e-11 -1.37439e-10 0
2.3e-06 -9.09291e-11 -1.38085e-10 0
2.4e-06 -9.06519e-11 -1.38722e-10 0
2.5e-06 -9.03674e-11 -1.39352e-10 0
2.6e-06 -9.00757e-11 -1.39973e-10 0
2.7e-06 -8.97766e-11 -1.40585e-10 0
2.8e-06 -8.94702e-11 -1.41188e-10 0
2.9e-06 -8.91564e-11 -1.41783e-10 0
3e-06 -8.88352e-11 -1.42369e-10 0
3.1e-06 -8.85065e-11 -1.42945e-10 0
3.2e-06 -8.81703e-11 -1.43512e-10 0
3.3e-06 -8.78265e-11 -1.4407e-10 0
3.4e-06 -8.74752e-11 -1.44617e-10 0
3.5e-06 -8.71163e-11 -1.45155e-10 0
3.6e-06 -8.67497e-11 -1.45683e-10 0
3.7e-06 -8.63753e-11 -1.46201e-10 0
3.8e-06 -8.59932e-11 -1.46708e-10 0
3.9e-06 -8.56032e-11 -1.47204e-10 0
4e-06 -8.52054e-11 -1.4769e-10 0
4.1e-06 -8.47996e-11 -1.48165e-10 0
4.2e-06 -8.43859e-11 -1.48628e-10 0
4.3e-06 -8.39641e-11 -1.4908e-10 0
4.4e-06 -8.35343e-11 -1.4952e-10 0
4.5e-06 -8.30963e-11 -1.49948e-10 0
4.6e-06 -8.26501e-11 -1.50365e-10 0
4.7e-06 -8.21956e-11 -1.50769e-10 0
4.8e-06 -8.17328e-11 -1.5116e-10 0
4.9e-06 -8.12617e-11 -1.51539e-10 0
5e-06 -8.07821e-11 -1.51904e-10 0
5.1e-06 -8.0294e-11 -1.52257e-10 0
5.2e-06 -7.97974e-11 -1.52596e-10 0
5.3e-06 -7.92922e-11 -1.52921e-10 0
5.4e-06 -7.87784e-11 -1.53233e-10 0
5.5e-06 -7.82558e-11 -1.5353e-10 0
5.6e-06 -7.77246e-11 -1.53813e-10 0
5.7e-06 -7.71845e-11 -1.54082e-10 0
5.8e-06 -7.66356e-11 -1.54336e-10 0
5.9e-06 -7.60778e-11 -1.54575e-10 0
6e-06 -7.55111e-11 -1.548e-10 0
6.1e-06 -7.49355e-11 -1.55009e-10 0
6.2e-06 -7.43508e-11 -1.55202e-10 0
6.3e-06 -7.37571e-11 -1.5538e-10 0
6.4e-06 -7.31543e-11 -1.55542e-10 0
6.5e-06 -7.25425e-11 -1.55688e-10 0
6.6e-06 -7.19215e-11 -1.55818e-10 0
6.7e-06 -7.12913e-11 -1.55932e-10 0
6.8e-06 -7.0652e-11 -1.56029e-10 0
6.9e-06 -7.00035e-11 -1.5611e-10 0
7e-06 -6.93457e-11 -1.56173e-10 0
7.1e-06 -6.86787e-11 -1.5622e-10 0
7.2e-06 -6.80024e-11 -1.5625e-10 0
7.3e-06 -6.73168e-11 -1.56263e-10 0
7.4e-06 -6.66219e-11 -1.56258e-10 0
7.5e-06 -6.59177e-11 -1.56236e-10 0
7.6e-06 -6.52042e-11 -1.56196e-10 0
7.7e-06 -6.44813e-11 -1.56138e-10 0
7.8e-06 -6.3749e-11 -1.56063e-10 0
7.9e-06 -6.30073e-11 -1.55969e-10 0
8e-06 -6.22563e-11 -1.55857e-10 0
8.1e-06 -6.14958e-11 -1.55727e-10 0
8.2e-06 -6.07259e-11 -1.55578e-10 0
8.3e-06 -5.99465e-11 -1.55411e-10 0
8.4e-06 -5.91576e-11 -1.55224e-10 0
8.5e-06 -5.83593e-11 -1.55019e-10 0
8.6e-06 -5.75514e-11 -1.54795e-10 0
8.7e-06 -5.6734e-11 -1.54551e-10 0
8.8e-06 -5.5907e-11 -1.54287e-10 0
8.9e-06 -5.50704e-11 -1.54004e-10 0
9e-06 -5.42242e-11 -1.53702e-10 0
9.1e-06 -5.33684e-11 -1.53379e-10 0
9.2e-06 -5.25028e-11 -1.53036e-10 0
9.3e-06 -5.16275e-11 -1.52672e-10 0
9.4e-06 -5.07425e-11 -1.52288e-10 0
9.5e-06 -4.98477e-11 -1.51883e-10 0
9.6e-06 -4.89431e-11 -1.51457e-10 0
9.7e-06 -4.80286e-11 -1.5101e-10 0
9.8e-06 -4.71043e-11 -1.50541e-10 0
9.9e-06 -4.617e-11 -1.50051e-10 0
1e-05 -4.52257e-11 -1.49539e-10 0
1.01e-05 -4.42714e-11 -1.49004e-10 0
1.02e-05 -4.3307e-11 -1.48448e-10 0
1.03e-05 -4.23326e-11 -1.47869e-10 0
1.04e-05 -4.1348e-11 -1.47267e-10 0
1.05e-05 -4.03533e-11 -1.46643e-10 0
1.06e-05 -3.93484e-11 -1.45995e-10 0
1.07e-05 -3.83333e-11 -1.45324e-10 0
1.08e-05 -3.73079e-11 -1.4463e-10 0
1.09e-05 -3.62722e-11 -1.43912e-10 0
1.1e-05 -3.52262e-11 -1.4317e-10 0
1.11e-05 -3.41699e-11 -1.42404e-10 0
1.12e-05 -3.31032e-11 -1.41614e-10 0
1.13e-05 -3.20261e-11 -1.40799e-10 0
1.14e-05 -3.09386e-11 -1.3996e-10 0
1.15e-05 -2.98407e-11 -1.39096e-10 0
1.16e-05 -2.87325e-11 -1.38208e-10 0
1.17e-05 -2.76137e-11 -1.37294e-10 0
1.18e-05 -2.64846e-11 -1.36356e-10 0
1.19e-05 -2.5345e-11 -1.35392e-10 0
1.2e-05 -2.41951e-11 -1.34403e-10 0
1.21e-05 -2.30347e-11 -1.33388e-10 0
1.22e-05 -2.18638e-11 -1.32348e-10 0
1.23e-05 -2.06826e-11 -1.31282e-10 0
1.24e-05 -1.94911e-11 -1.30191e-10 0
1.25e-05 -1.82891e-11 -1.29073e-10 0
1.26e-05 -1.70768e-11 -1.2793e-10 0
1.27e-05 -1.58542e-11 -1.26761e-10 0
1.28e-05 -1.46213e-11 -1.25566e-10 0
1.29e-05 -1.33782e-11 -1.24345e-10 0
1.3e-05 -1.21247e-11 -1.23098e-10 0
1.31e-05 -1.08611e-11 -1.21825e-10 0
1.32e-05 -9.58728e-12 -1.20525e-10 0
1.33e-05 -8.30329e-12 -1.192e-10 0
1.34e-05 -7.00916e-12 -1.17848e-10 0
1.35e-05 -5.70492e-12 -1.16469e-10 0
1.36e-05 -4.39061e-12 -1.15064e-10 0
1.37e-05 -3.06624e-12 -1.13633e-10 0
1.38e-05 -1.73184e-12 -1.12175e-10 0
1.39e-05 -3.87433e-13 -1.10691e-10 0
1.4e-05 9.66953e-13 -1.09179e-10 0
1.41e-05 2.3313e-12 -1.07642e-10 0
1.42e-05 3.70559e-12 -1.06077e-10 0
1.43e-05 5.0898e-12 -1.04485e-10 0
1.44e-05 6.48391e-12 -1.02867e-10 0
1.45e-05 7.88792e-12 -1.01222e-10 0
1.46e-05 9.30181e-12 -9.95489e-11 0
1.47e-05 1.07256e-11 -9.78491e-11 0
1.48e-05 1.21592e-11 -9.6122e-11 0
1.49e-05 1.36026e-11 -9.43675e-11 0
1.5e-05 1.50559e-11 -9.25855e-11 0
1.51e-05 1.65191e-11 -9.07759e-11 0
1.52e-05 1.79921e-11 -8.89387e-11 0
1.53e-05 1.94749e-11 -8.70736e-11 0
1.54e-05 2.09675e-11 -8.51807e-11 0
1.55e-05 2.24699e-11 -8.32597e-11 0
1.56e-05 2.39822e-11 -8.13107e-11 0
1.57e-05 2.55043e-11 -7.93335e-11 0
1.58e-05 2.70361e-11 -7.7328e-11 0
1.59e-05 2.85777e-11 -7.52942e-11 0
1.6e-05 3.01292e-11 -7.32319e-11 0
1.61e-05 3.16903e-11 -7.11411e-11 0
1.62e-05 3.32612e-11 -6.90217e-11 0
1.63e-05 3.48419e-11 -6.68737e-11 0
1.64e-05 3.64322e-11 -6.4697e-11 0
1.65e-05 3.80322e-11 -6.24916e-11 0
1.66e-05 3.96418e-11 -6.02574e-11 0
1.67e-05 4.1261e-11 -5.79945e-11 0
1.68e-05 4.28898e-11 -5.57029e-11 0
1.69e-05 4.45281e-11 -5.33825e-11 0
1.7e-05 4.61758e-11 -5.10334e-11 0
1.71e-05 4.78329e-11 -4.86557e-11 0
1.72e-05 4.94994e-11 -4.62493e-11 0
1.73e-05 5.11751e-11 -4.38144e-11 0
1.74e-05 5.28599e-11 -4.1351e-11 0
1.75e-05 5.45539e-11 -3.88593e-11 0
1.76e-05 5.62569e-11 -3.63394e-11 0
1.77e-05 5.79688e-11 -3.37913e-11 0
1.78e-05 5.96896e-11 -3.12152e-11 0
1.79e-05 6.14191e-11 -2.86113e-11 0
1.8e-05 6.31572e-11 -2.59798e-11 0
1.81e-05 6.49038e-11 -2.33207e-11 0
1.82e-05 6.66588e-11 -2.06343e-11 0
1.83e-05 6.84221e-11 -1.79208e-11 0
1.84e-05 7.01936e-11 -1.51803e-11 0
1.85e-05 7.19731e-11 -1.24131e-11 0
1.86e-05 7.37606e-11 -9.61935e-12 0
1.87e-05 7.55559e-11 -6.79928e-12 0
1.88e-05 7.73589e-11 -3.95309e-12 0
1.89e-05 7.91694e-11 -1.081e-12 0
1.9e-05 8.09874e-11 1.81679e-12 0
1.91e-05 8.28128e-11 4.74004e-12 0
1.92e-05 8.46453e-11 7.68857e-12 0
1.93e-05 8.6485e-11 1.06622e-11 0
1.94e-05 8.83316e-11 1.36606e-11 0
1.95e-05 9.01851e-11 1.66837e-11 0
1.96e-05 9.20453e-11 1.97313e-11 0
1.97e-05 9.39122e-11 2.28032e-11 0
1.98e-05 9.57856e-11 2.58991e-11 0
1.99e-05 9.76655e-11 2.9019e-11 0
2e-05 9.95517e-11 3.21627e-11 0
2.01e-05 1.01444e-10 3.53299e-11 0
2.02e-05 1.03343e-10 3.85206e-11 0
2.03e-05 1.05247e-10 4.17345e-11 0
2.04e-05 1.07158e-10 4.49716e-11 0
2.05e-05 1.09075e-10 4.82317e-11 0
2.06e-05 1.10997e-10 5.15147e-11 0
2.07e-05 1.12925e-10 5.48203e-11 0
2.08e-05 1.14859e-10 5.81486e-11 0
2.09e-05 1.16798e-10 6.14992e-11 0
2.1e-05 1.18743e-10 6.48721e-11 0
2.11e-05 1.20693e-10 6.82671e-11 0
2.12e-05 1.22649e-10 7.1684e-11 0
2.13e-05 1.24609e-10 7.51227e-11 0
2.14e-05 1.26575e-10 7.8583e-11 0
2.15e-05 1.28546e-10 8.20646e-11 0
2.16e-05 1.30522e-10 8.55674e-11 0
2.17e-05 1.32502e-10 8.90911e-11 0
2.18e-05 1.34487e-10 9.26354e-11 0
2.19e-05 1.36477e-10 9.62001e-11 0
2.2e-05 1.38471e-10 9.97848e-11 0
2.21e-05 1.40469e-10 1.03389e-10 0
2.22e-05 1.42471e-10 1.07013e-10 0
2.23e-05 1.44477e-10 1.10655e-10 0
2.24e-05 1.46487e-10 1.14316e-10 0
2.25e-05 1.485e-10 1.17995e-10 0
2.26e-05 1.50516e-10 1.21691e-10 0
2.27e-05 1.52536e-10 1.25404e-10 0
2.28e-05 1.54558e-10 1.29133e-10 0
2.29e-05 1.56582e-10 1.32878e-10 0
2.3e-05 1.58608e-10 1.36637e-10 0
2.31e-05 1.60636e-10 1.4041e-10 0
2.32e-05 1.62666e-10 1.44197e-10 0
2.33e-05 1.64697e-10 1.47996e-10 0
2.34e-05 1.66728e-10 1.51807e-10 0
2.35e-05 1.6876e-10 1.55628e-10 0
2.36e-05 1.70791e-10 1.59459e-10 0
2.37e-05 1.72823e-10 1.63298e-10 0
2.38e-05 1.74853e-10 1.67145e-10 0
2.39e-05 1.76881e-10 1.70999e-10 0
2.4e-05 1.78908e-10 1.74857e-10 0
2.41e-05 1.80933e-10 1.7872e-10 0
2.42e-05 1.82954e-10 1.82585e-10 0
2.43e-05 1.84972e-10 1.86453e-10 0
2.44e-05 1.86987e-10 1.90321e-10 0
2.45e-05 1.88997e-10 1.94188e-10 0
2.46e-05 1.91002e-10 1.98052e-10 0
2.47e-05 1.93001e-10 2.01914e-10 0
2.48e-05 1.94994e-10 2.0577e-10 0
2.49e-05 1.96981e-10 2.09621e-10 0
2.5e-05 1.98961e-10 2.13464e-10 1e-12
2.51e-05 1.98977e-10 2.14188e-10 1e-12
2.52e-05 1.98985e-10 2.14903e-10 1e-12
2.53e-05 1.98986e-10 2.1561e-10 1e-12
2.54e-05 1.98979e-10 2.16308e-10 1e-12
2.55e-05 1.98964e-10 2.16998e-10 1e-12
2.56e-05 1.98941e-10 2.17678e-10 1e-12
2.57e-05 1.98911e-10 2.18349e-10 1e-12
2.58e-05 1.98873e-10 2.1901e-10 1e-12
2.59e-05 1.98827e-10 2.19662e-10 1e-12
2.6e-05 1.98773e-10 2.20304e-10 1e-12
2.61e-05 1.9871e-10 2.20936e-10 1e-12
2.62e-05 1.9864e-10 2.21558e-10 1e-12
2.63e-05 1.98561e-10 2.22169e-10 1e-12
2.64e-05 1.98475e-10 2.2277e-10 1e-12
2.65e-05 1.9838e-10 2.23361e-10 1e-12
2.66e-05 1.98276e-10 2.2394e-10 1e-12
2.67e-05 1.98164e-10 2.24509e-10 1e-12
2.68e-05 1.98044e-10 2.25067e-10 1e-12
2.69e-05 1.97915e-10 2.25613e-10 1e-12
2.7e-05 1.97778e-10 2.26148e-10 1e-12
2.71e-05 1.97632e-10 2.26672e-10 1e-12
2.72e-05 1.97478e-10 2.27184e-10 1e-12
2.73e-05 1.97315e-10 2.27684e-10 1e-12
2.74e-05 1.97143e-10 2.28172e-10 1e-12
2.75e-05 1.96962e-10 2.28648e-10 1e-12
2.76e-05 1.96773e-10 2.29112e-10 1e-12
2.77e-05 1.96575e-10 2.29563e-10 1e-12
2.78e-05 1.96368e-10 2.30002e-10 1e-12
2.79e-05 1.96151e-10 2.30428e-10 1e-12
2.8e-05 1.95926e-10 2.30841e-10 1e-12
2.81e-05 1.95692e-10 2.31241e-10 1e-12
2.82e-05 1.95449e-10 2.31628e-10 1e-12
2.83e-05 1.95197e-10 2.32001e-10 1e-12
2.84e-05 1.94935e-10 2.32361e-10 1e-12
2.85e-05 1.94665e-10 2.32708e-10 1e-12
2.86e-05 1.94385e-10 2.3304e-10 1e-12
2.87e-05 1.94095e-10 2.33359e-10 1e-12
2.88e-05 1.93797e-10 2.33663e-10 1e-12
2.89e-05 1.93488e-10 2.33952e-10 1e-12
2.9e-05 1.93171e-10 2.34227e-10 1e-12
2.91e-05 1.92843e-10 2.34487e-10 1e-12
2.92e-05 1.92506e-10 2.34733e-10 1e-12
2.93e-05 1.92159e-10 2.34963e-10 1e-12
2.94e-05 1.91803e-10 2.35177e-10 1e-12
2.95e-05 1.91437e-10 2.35376e-10 1e-12
2.96e-05 1.91061e-10 2.35559e-10 1e-12
2.97e-05 1.90674e-10 2.35726e-10 1e-12
2.98e-05 1.90278e-10 2.35877e-10 1e-12
2.99e-05 1.89872e-10 2.36011e-10 1e-12
3e-05 1.89455e-10 2.36128e-10 1e-12
3.01e-05 1.89029e-10 2.36229e-10 1e-12
3.02e-05 1.88592e-10 2.36312e-10 1e-12
3.03e-05 1.88145e-10 2.36378e-10 1e-12
3.04e-05 1.87687e-10 2.36427e-10 1e-12
3.05e-05 1.87219e-10 2.36458e-10 1e-12
3.06e-05 1.8674e-10 2.36471e-10 1e-12
3.07e-05 1.86251e-10 2.36465e-10 1e-12
3.08e-05 1.85751e-10 2.36442e-10 1e-12
3.09e-05 1.8524e-10 2.364e-10 1e-12
3.1e-05 1.84719e-10 2.36339e-10 1e-12
3.11e-05 1.84186e-10 2.36259e-10 1e-12
3.12e-05 1.83643e-10 2.3616e-10 1e-12
3.13e-05 1.83089e-10 2.36042e-10 1e-12
3.14e-05 1.82524e-10 2.35905e-10 1e-12
3.15e-05 1.81948e-10 2.35748e-10 1e-12
3.16e-05 1.81361e-10 2.35571e-10 1e-12
3.17e-05 1.80763e-10 2.35374e-10 1e-12
3.18e-05 1.80154e-10 2.35157e-10 1e-12
3.19e-05 1.79534e-10 2.3492e-10 1e-12
3.2e-05 1.78902e-10 2.34663e-10 1e-12
3.21e-05 1.7826e-10 2.34386e-10 1e-12
3.22e-05 1.77606e-10 2.34087e-10 1e-12
3.23e-05 1.76941e-10 2.33768e-10 1e-12
3.24e-05 1.76264e-10 2.33429e-10 1e-12
3.25e-05 1.75577e-10 2.33068e-10 1e-12
3.26e-05 1.74878e-10 2.32686e-10 1e-12
3.27e-05 1.74167e-10 2.32283e-10 1e-12
3.28e-05 1.73446e-10 2.31859e-10 1e-12
3.29e-05 1.72713e-10 2.31413e-10 1e-12
3.3e-05 1.71968e-10 2.30946e-10 1e-12
3.31e-05 1.71213e-10 2.30458e-10 1e-12
3.32e-05 1.70445e-10 2.29948e-10 1e-12
3.33e-05 1.69667e-10 2.29415e-10 1e-12
3.34e-05 1.68877e-10 2.28861e-10 1e-12
3.35e-05 1.68075e-10 2.28285e-10 1e-12
3.36e-05 1.67262e-10 2.27687e-10 1e-12
3.37e-05 1.66438e-10 2.27067e-10 1e-12
3.38e-05 1.65602e-10 2.26424e-10 1e-12
3.39e-05 1.64754e-10 2.25759e-10 1e-12
3.4e-05 1.63895e-10 2.25071e-10 1e-12
3.41e-05 1.63024e-10 2.2436e-10 1e-12
3.42e-05 1.62142e-10 2.23626e-10 1e-12
3.43e-05 1.61248e-10 2.2287e-10 1e-12
3.44e-05 1.60342e-10 2.2209e-10 1e-12
3.45e-05 1.59424e-10 2.21287e-10 1e-12
3.46e-05 1.58495e-10 2.20461e-10 1e-12
3.47e-05 1.57554e-10 2.1961e-10 1e-12
3.48e-05 1.56601e-10 2.18737e-10 1e-12
3.49e-05 1.55637e-10 2.17839e-10 1e-12
3.5e-05 1.5466e-10 2.16917e-10 1e-12
3.51e-05 1.53672e-10 2.15971e-10 1e-12
3.52e-05 1.52671e-10 2.15e-10 1e-12
3.53e-05 1.51659e-10 2.14005e-10 1e-12
3.54e-05 1.50634e-10 2.12986e-10 1e-12
3.55e-05 1.49598e-10 2.11941e-10 1e-12
3.56e-05 1.48549e-10 2.10872e-10 1e-12
3.57e-05 1.47488e-10 2.09777e-10 1e-12
3.58e-05 1.46415e-10 2.08657e-10 1e-12
3.59e-05 1.4533e-10 2.07512e-10 1e-12
3.6e-05 1.44233e-10 2.06341e-10 1e-12
3.61e-05 1.43123e-10 2.05144e-10 1e-12
3.62e-05 1.42001e-10 2.03922e-10 1e-12
3.63e-05 1.40867e-10 2.02674e-10 1e-12
3.64e-05 1.39721e-10 2.01399e-10 1e-12
3.65e-05 1.38562e-10 2.00099e-10 1e-12
3.66e-05 1.37391e-10 1.98772e-10 1e-12
3.67e-05 1.36207e-10 1.9742e-10 1e-12
3.68e-05 1.35012e-10 1.9604e-10 1e-12
3.69e-05 1.33804e-10 1.94635e-10 1e-12
3.7e-05 1.32583e-10 1.93203e-10 1e-12
3.71e-05 1.31351e-10 1.91745e-10 1e-12
3.72e-05 1.30106e-10 1.9026e-10 1e-12
3.73e-05 1.28849e-10 1.88749e-10 1e-12
3.74e-05 1.27579e-10 1.87211e-10 1e-12
3.75e-05 1.26298e-10 1.85647e-10 1e-12
3.76e-05 1.25004e-10 1.84056e-10 1e-12
3.77e-05 1.23699e-10 1.8244e-10 1e-12
3.78e-05 1.22381e-10 1.80796e-10 1e-12
3.79e-05 1.21051e-10 1.79127e-10 1e-12
3.8e-05 1.19709e-10 1.77431e-10 1e-12
3.81e-05 1.18356e-10 1.7571e-10 1e-12
3.82e-05 1.1699e-10 1.73962e-10 1e-12
3.83e-05 1.15613e-10 1.72188e-10 1e-12
3.84e-05 1.14224e-10 1.70388e-10 1e-12
3.85e-05 1.12823e-10 1.68563e-10 1e-12
3.86e-05 1.11411e-10 1.66711e-10 1e-12
3.87e-05 1.09987e-10 1.64835e-10 1e-12
3.88e-05 1.08552e-10 1.62932e-10 1e-12
3.89e-05 1.07105e-10 1.61004e-10 1e-12
3.9e-05 1.05647e-10 1.59051e-10 1e-12
3.91e-05 1.04178e-10 1.57073e-10 1e-12
3.92e-05 1.02698e-10 1.55069e-10 1e-12
3.93e-05 1.01206e-10 1.5304e-10 1e-12
3.94e-05 9.9703e-11 1.50986e-10 1e-12
3.95e-05 9.8189e-11 1.48908e-10 1e-12
3.96e-05 9.6664e-11 1.46804e-10 1e-12
3.97e-05 9.51281e-11 1.44675e-10 1e-12
3.98e-05 9.35812e-11 1.42522e-10 1e-12
3.99e-05 9.20234e-11 1.40344e-10 1e-12
4e-05 9.04547e-11 1.38141e-10 1e-12
4.01e-05 8.88753e-11 1.35914e-10 1e-12
4.02e-05 8.7285e-11 1.33662e-10 1e-12
4.03e-05 8.5684e-11 1.31385e-10 1e-12
4.04e-05 8.40723e-11 1.29084e-10 1e-12
4.05e-05 8.24498e-11 1.26758e-10 1e-12
4.06e-05 8.08167e-11 1.24408e-10 1e-12
4.07e-05 7.9173e-11 1.22033e-10 1e-12
4.08e-05 7.75187e-11 1.19634e-10 1e-12
4.09e-05 7.58538e-11 1.1721e-10 1e-12
4.1e-05 7.41784e-11 1.14762e-10 1e-12
4.11e-05 7.24925e-11 1.1229e-10 1e-12
4.12e-05 7.07961e-11 1.09793e-10 1e-12
4.13e-05 6.90893e-11 1.07272e-10 1e-12
4.14e-05 6.73722e-11 1.04727e-10 1e-12
4.15e-05 6.56447e-11 1.02158e-10 1e-12
4.16e-05 6.39071e-11 9.95644e-11 1e-12
4.17e-05 6.21592e-11 9.69474e-11 1e-12
4.18e-05 6.04012e-11 9.43068e-11 1e-12
4.19e-05 5.86333e-11 9.16427e-11 1e-12
4.2e-05 5.68554e-11 8.89554e-11 1e-12
4.21e-05 5.50678e-11 8.6245e-11 1e-12
4.22e-05 5.32704e-11 8.35118e-11 1e-12
4.23e-05 5.14636e-11 8.07562e-11 1e-12
4.24e-05 4.96474e-11 7.79785e-11 1e-12
4.25e-05 4.78219e-11 7.5179e-11 1e-12
4.26e-05 4.59875e-11 7.23581e-11 1e-12
4.27e-05 4.41442e-11 6.95163e-11 1e-12
4.28e-05 4.22922e-11 6.66541e-11 1e-12
4.29e-05 4.04319e-11 6.37719e-11 1e-12
4.3e-05 3.85634e-11 6.08705e-11 1e-12
4.31e-05 3.66871e-11 5.79503e-11 1e-12
4.32e-05 3.48031e-11 5.5012e-11 1e-12
4.33e-05 3.29118e-11 5.20564e-11 1e-12
4.34e-05 3.10135e-11 4.90841e-11 1e-12
4.35e-05 2.91085e-11 4.60959e-11 1e-12
4.36e-05 2.71972e-11 4.30926e-11 1e-12
4.37e-05 2.528e-11 4.00751e-11 1e-12
4.38e-05 2.33571e-11 3.70443e-11 1e-12
4.39e-05 2.1429e-11 3.40011e-11 1e-12
4.4e-05 1.94962e-11 3.09464e-11 1e-12
4.41e-05 1.75589e-11 2.78813e-11 1e-12
4.42e-05 1.56177e-11 2.48067e-11 1e-12
4.43e-05 1.3673e-11 2.17238e-11 1e-12
4.44e-05 1.17252e-11 1.86335e-11 1e-12
4.45e-05 9.77478e-12 1.55369e-11 1e-12
4.46e-05 7.82222e-12 1.24353e-11 1e-12
4.47e-05 5.86799e-12 9.32962e-12 1e-12
4.48e-05 3.91256e-12 6.22109e-12 1e-12
4.49e-05 1.9564e-12 3.11083e-12 1e-12
4.5e-05 0 0 0
4.51e-05 0 0 0
4.52e-05 0 0 0
4.53e-05 0 0 0
4.54e-05 0 0 0
4.55e-05 0 0 0
4.56e-05 0 0 0
4.57e-05 0 0 0
4.58e-05 0 0 0
4.59e-05 0 0 0
4.6e-05 0 0 0
4.61e-05 0 0 0
4.62e-05 0 0 0
4.63e-05 0 0 0
4.64e-05 0 0 0
4.65e-05 0 0 0
4.66e-05 0 0 0
4.67e-05 0 0 0
4.68e-05 0 0 0
4.69e-05 0 0 0
4.7e-05 0 0 0
4.71e-05 0 0 0
4.72e-05 0 0 0
4.73e-05 0 0 0
4.74e-05 0 0 0
4.75e-05 0 0 0
4.76e-05 0 0 0
4.77e-05 0 0 0
4.78e-05 0 0 0
4.79e-05 0 0 0
4.8e-05 0 0 0
4.81e-05 0 0 0
4.82e-05 0 0 0
4.83e-05 0 0 0
4.84e-05 0 0 0
4.85e-05 0 0 0
4.86e-05 0 0 0
4.87e-05 0 0 0
4.88e-05 0 0 0
4.89e-05 0 0 0
4.9e-05 0 0 0
4.91e-05 0 0 0
4.92e-05 0 0 0
4.93e-05 0 0 0
4.94e-05 0 0 0
4.95e-05 0 0 0
4.96e-05 0 0 0
4.97e-05 0 0 0
4.98e-05 0 0 0
4.99e-05 0 0 0
5e-05 0 0 0
