0 2.00969e+15 1.94362e+15
5.29101e-07 2.00251e+15 1.92328e+15
1.0582e-06 1.98139e+15 1.86347e+15
1.5873e-06 1.94744e+15 1.76757e+15
2.1164e-06 1.90222e+15 1.64042e+15
2.6455e-06 1.84739e+15 1.48754e+15
3.1746e-06 1.78443e+15 1.31436e+15
3.7037e-06 1.7145e+15 1.12586e+15
4.2328e-06 1.63852e+15 9.26518e+14
4.7619e-06 1.55728e+15 7.20497e+14
5.29101e-06 1.47158e+15 5.11822e+14
5.82011e-06 1.38227e+15 3.0448e+14
6.34921e-06 1.29025e+15 1.02318e+14
6.87831e-06 1.19638e+15 -9.11541e+13
7.40741e-06 1.10139e+15 -2.72952e+14
7.93651e-06 1.00587e+15 -4.4069e+14
8.46561e-06 9.1031e+14 -5.92521e+14
8.99471e-06 8.15164e+14 -7.27011e+14
9.52381e-06 7.20895e+14 -8.43025e+14
1.00529e-05 6.27987e+14 -9.397e+14
1.0582e-05 5.36914e+14 -1.0165e+15
1.11111e-05 4.48086e+14 -1.07329e+15
1.16402e-05 3.61818e+14 -1.1104e+15
1.21693e-05 2.78339e+14 -1.12855e+15
1.26984e-05 1.97826e+14 -1.12879e+15
1.32275e-05 1.20451e+14 -1.11233e+15
1.37566e-05 4.64016e+13 -1.08051e+15
1.42857e-05 -2.41301e+13 -1.03474e+15
1.48148e-05 -9.09815e+13 -9.76563e+14
1.53439e-05 -1.5405e+14 -9.07692e+14
1.5873e-05 -2.13298e+14 -8.29967e+14
1.64021e-05 -2.68738e+14 -7.453e+14
1.69312e-05 -3.20394e+14 -6.55578e+14
1.74603e-05 -3.68277e+14 -5.62582e+14
1.79894e-05 -4.12382e+14 -4.67956e+14
1.85185e-05 -4.52709e+14 -3.73226e+14
1.90476e-05 -4.89288e+14 -2.7984e+14
1.95767e-05 -5.22195e+14 -1.89184e+14
2.01058e-05 -5.51545e+14 -1.02558e+14
2.06349e-05 -5.7747e+14 -2.11207e+13
2.1164e-05 -6.00087e+14 5.41686e+13
2.16931e-05 -6.19496e+14 1.22574e+14
2.22222e-05 -6.35781e+14 1.83564e+14
2.27513e-05 -6.49036e+14 2.36764e+14
2.32804e-05 -6.59382e+14 2.81912e+14
2.38095e-05 -6.66969e+14 3.18843e+14
2.43386e-05 -6.71965e+14 3.47508e+14
2.48677e-05 -6.74528e+14 3.68006e+14
2.53968e-05 -6.74797e+14 3.80608e+14
2.59259e-05 -6.72887e+14 3.85733e+14
2.6455e-05 -6.68905e+14 3.83913e+14
2.69841e-05 -6.62973e+14 3.75729e+14
2.75132e-05 -6.55234e+14 3.61781e+14
2.80423e-05 -6.45845e+14 3.42684e+14
2.85714e-05 -6.34963e+14 3.19087e+14
2.91005e-05 -6.22725e+14 2.91692e+14
2.96296e-05 -6.09245e+14 2.61256e+14
3.01587e-05 -5.94618e+14 2.28556e+14
3.06878e-05 -5.78942e+14 1.94344e+14
3.12169e-05 -5.6233e+14 1.59312e+14
3.1746e-05 -5.44908e+14 1.24076e+14
3.22751e-05 -5.26807e+14 8.91915e+13
3.28042e-05 -5.08143e+14 5.51841e+13
3.33333e-05 -4.89012e+14 2.25587e+13
3.38624e-05 -4.69488e+14 -8.20634e+12
3.43915e-05 -4.49638e+14 -3.669e+13
3.49206e-05 -4.29535e+14 -6.2559e+13
3.54497e-05 -4.09269e+14 -8.55816e+13
3.59788e-05 -3.88935e+14 -1.05615e+14
3.65079e-05 -3.68622e+14 -1.22578e+14
3.7037e-05 -3.48402e+14 -1.36418e+14
3.75661e-05 -3.28324e+14 -1.4711e+14
3.80952e-05 -3.08428e+14 -1.5466e+14
3.86243e-05 -2.88752e+14 -1.59136e+14
3.91534e-05 -2.69347e+14 -1.60679e+14
3.96825e-05 -2.50272e+14 -1.59496e+14
4.02116e-05 -2.31589e+14 -1.55836e+14
4.07407e-05 -2.13346e+14 -1.49956e+14
4.12698e-05 -1.95574e+14 -1.42104e+14
4.17989e-05 -1.78288e+14 -1.32519e+14
4.2328e-05 -1.61496e+14 -1.21447e+14
4.28571e-05 -1.45219e+14 -1.09159e+14
4.33862e-05 -1.29485e+14 -9.59552e+13
4.39153e-05 -1.1433e+14 -8.21492e+13
4.44444e-05 -9.97817e+13 -6.80377e+13
4.49735e-05 -8.58558e+13 -5.38794e+13
4.55026e-05 -7.25505e+13 -3.98898e+13
4.60317e-05 -5.98563e+13 -2.62532e+13
4.65608e-05 -4.7767e+13 -1.31445e+13
4.70899e-05 -3.62873e+13 -7.40894e+11
4.7619e-05 -2.54308e+13 1.07816e+13
4.81481e-05 -1.52113e+13 2.12677e+13
4.86772e-05 -5.63264e+12 3.06042e+13
4.92063e-05 3.316e+12 3.8729e+13
4.97354e-05 1.1656e+13 4.5623e+13
5.02646e-05 1.94092e+13 5.1289e+13
5.07937e-05 2.65892e+13 5.57319e+13
5.13228e-05 3.31987e+13 5.89531e+13
5.18519e-05 3.92352e+13 6.09602e+13
5.2381e-05 4.47014e+13 6.17853e+13
5.29101e-05 4.96116e+13 6.14977e+13
5.34392e-05 5.39918e+13 6.02013e+13
5.39683e-05 5.78722e+13 5.80172e+13
5.44974e-05 6.12775e+13 5.50628e+13
5.50265e-05 6.42218e+13 5.14382e+13
5.55556e-05 6.67108e+13 4.72292e+13
5.60847e-05 6.87501e+13 4.2522e+13
5.66138e-05 7.03533e+13 3.74187e+13
5.71429e-05 7.15456e+13 3.20416e+13
5.7672e-05 7.23589e+13 2.65228e+13
5.82011e-05 7.28233e+13 2.09855e+13
5.87302e-05 7.29597e+13 1.55274e+13
5.92593e-05 7.27789e+13 1.02183e+13
5.97884e-05 7.22872e+13 5.11034e+12
6.03175e-05 7.14954e+13 2.55571e+11
6.08466e-05 7.04237e+13 -4.2837e+12
6.13757e-05 6.91011e+13 -8.43712e+12
6.19048e-05 6.75578e+13 -1.21406e+13
6.24339e-05 6.5818e+13 -1.53526e+13
6.2963e-05 6.38951e+13 -1.80615e+13
6.34921e-05 6.17954e+13 -2.02795e+13
6.40212e-05 5.95252e+13 -2.20264e+13
6.45503e-05 5.70981e+13 -2.33148e+13
6.50794e-05 5.45367e+13 -2.41455e+13
6.56085e-05 5.18682e+13 -2.45158e+13
6.61376e-05 4.91163e+13 -2.44347e+13
6.66667e-05 4.62958e+13 -2.39335e+13
6.71958e-05 4.34122e+13 -2.30653e+13
6.77249e-05 4.04677e+13 -2.18923e+13
6.8254e-05 3.74689e+13 -2.04695e+13
6.87831e-05 3.44304e+13 -1.88351e+13
6.93122e-05 3.13736e+13 -1.70135e+13
6.98413e-05 2.83199e+13 -1.50279e+13
7.03704e-05 2.52839e+13 -1.29132e+13
7.08995e-05 2.22706e+13 -1.07209e+13
7.14286e-05 1.92791e+13 -8.51204e+12
7.19577e-05 1.63093e+13 -6.34174e+12
7.24868e-05 1.33679e+13 -4.24744e+12
7.30159e-05 1.04694e+13 -2.24644e+12
7.3545e-05 7.6312e+12 -3.45112e+11
7.40741e-05 4.86669e+12 1.44706e+12
7.46032e-05 2.18083e+12 3.10822e+12
7.51323e-05 -4.29223e+11 4.60576e+12
7.56614e-05 -2.96841e+12 5.9077e+12
7.61905e-05 -5.43719e+12 6.996e+12
7.67196e-05 -7.82835e+12 7.87289e+12
7.72487e-05 -1.01293e+13 8.556e+12
7.77778e-05 -1.23285e+13 9.06553e+12
7.83069e-05 -1.44207e+13 9.412e+12
7.8836e-05 -1.64092e+13 9.59265e+12
7.93651e-05 -1.8302e+13 9.59852e+12
7.98942e-05 -2.0105e+13 9.42709e+12
8.04233e-05 -2.18177e+13 9.09188e+12
8.09524e-05 -2.34326e+13 8.62223e+12
8.14815e-05 -2.49404e+13 8.05345e+12
8.20106e-05 -2.63356e+13 7.41371e+12
8.25397e-05 -2.76209e+13 6.71637e+12
8.30688e-05 -2.88048e+13 5.96249e+12
8.35979e-05 -2.98972e+13 5.15159e+12
8.4127e-05 -3.09028e+13 4.29309e+12
8.46561e-05 -3.18192e+13 3.41071e+12
8.51852e-05 -3.26395e+13 2.53674e+12
8.57143e-05 -3.33582e+13 1.69998e+12
8.62434e-05 -3.39763e+13 9.15519e+11
8.67725e-05 -3.45015e+13 1.82884e+11
8.73016e-05 -3.49452e+13 -5.06208e+11
8.78307e-05 -3.53159e+13 -1.15598e+12
8.83598e-05 -3.56157e+13 -1.75853e+12
8.88889e-05 -3.58403e+13 -2.29506e+12
8.9418e-05 -3.59846e+13 -2.74526e+12
8.99471e-05 -3.60474e+13 -3.09872e+12
9.04762e-05 -3.60343e+13 -3.36043e+12
9.10053e-05 -3.59564e+13 -3.54686e+12
9.15344e-05 -3.58244e+13 -3.67527e+12
9.20635e-05 -3.56436e+13 -3.75335e+12
9.25926e-05 -3.54129e+13 -3.77614e+12
9.31217e-05 -3.51275e+13 -3.73201e+12
9.36508e-05 -3.47843e+13 -3.61365e+12
9.41799e-05 -3.43863e+13 -3.42638e+12
9.4709e-05 -3.39425e+13 -3.18841e+12
9.52381e-05 -3.34641e+13 -2.92261e+12
9.57672e-05 -3.29588e+13 -2.64549e+12
9.62963e-05 -3.24283e+13 -2.36068e+12
9.68254e-05 -3.18688e+13 -2.06106e+12
9.73545e-05 -3.12758e+13 -1.73802e+12
9.78836e-05 -3.06491e+13 -1.39155e+12
9.84127e-05 -2.9995e+13 -1.03417e+12
9.89418e-05 -2.93235e+13 -6.8628e+11
9.94709e-05 -2.86439e+13 -3.65957e+11
0.0001 -2.79599e+13 -8.01018e+10
0.000100529 -2.72694e+13 1.77195e+11
0.000101058 -2.65671e+13 4.1807e+11
0.000101587 -2.58502e+13 6.50589e+11
0.000102116 -2.51214e+13 8.71687e+11
0.000102646 -2.43889e+13 1.06802e+12
0.000103175 -2.36619e+13 1.22408e+12
0.000103704 -2.29459e+13 1.33207e+12
0.000104233 -2.22406e+13 1.39683e+12
0.000104762 -2.1541e+13 1.43265e+12
0.000105291 -2.08422e+13 1.45404e+12
0.00010582 -2.01436e+13 1.46674e+12
0.000106349 -1.94505e+13 1.46498e+12
0.000106878 -1.87711e+13 1.43663e+12
0.000107407 -1.81122e+13 1.37275e+12
0.000107937 -1.74752e+13 1.27512e+12
0.000108466 -1.68562e+13 1.1565e+12
0.000108995 -1.62492e+13 1.03373e+12
0.000109524 -1.56506e+13 9.18117e+11
0.000110053 -1.50627e+13 8.09698e+11
0.000110582 -1.44919e+13 6.99022e+11
0.000111111 -1.39453e+13 5.75267e+11
0.00011164 -1.34262e+13 4.35113e+11
0.000112169 -1.29322e+13 2.86404e+11
0.000112698 -1.24571e+13 1.442e+11
0.000113228 -1.19954e+13 2.18964e+10
0.000113757 -1.15462e+13 -7.65912e+10
0.000114286 -1.11137e+13 -1.5837e+11
0.000114815 -1.07045e+13 -2.35864e+11
0.000115344 -1.03233e+13 -3.17759e+11
0.000115873 -9.96965e+12 -4.02689e+11
0.000116402 -9.63818e+12 -4.79865e+11
0.000116931 -9.32235e+12 -5.36164e+11
0.00011746 -9.01857e+12 -5.64855e+11
0.000117989 -8.7285e+12 -5.70101e+11
0.000118519 -8.45766e+12 -5.64239e+11
0.000119048 -8.21151e+12 -5.59723e+11
0.000119577 -7.99155e+12 -5.61158e+11
0.000120106 -7.79407e+12 -5.62748e+11
0.000120635 -7.61242e+12 -5.52807e+11
0.000121164 -7.44115e+12 -5.22233e+11
0.000121693 -7.27935e+12 -4.71224e+11
0.000122222 -7.13087e+12 -4.09728e+11
0.000122751 -7.00132e+12 -3.51379e+11
0.00012328 -6.89396e+12 -3.05015e+11
0.00012381 -6.80712e+12 -2.6948e+11
0.000124339 -6.73497e+12 -2.35144e+11
0.000124868 -6.67108e+12 -1.91067e+11
0.000125397 -6.6123e+12 -1.32942e+11
0.000125926 -6.56046e+12 -6.64774e+10
0.000126455 -6.52065e+12 -4.00176e+09
0.000126984 -6.49738e+12 4.34063e+10
0.000127513 -6.49116e+12 7.29349e+10
0.000128042 -6.49774e+12 9.15192e+10
0.000128571 -6.5106e+12 1.10839e+11
0.000129101 -6.52492e+12 1.39237e+11
0.00012963 -6.54038e+12 1.76003e+11
0.000130159 -6.56096e+12 2.11828e+11
0.000130688 -6.59179e+12 2.35077e+11
0.000131217 -6.63536e+12 2.3962e+11
0.000131746 -6.68944e+12 2.28959e+11
0.000132275 -6.74829e+12 2.13912e+11
0.000132804 -6.80613e+12 2.05447e+11
0.000133333 -6.86065e+12 2.07511e+11
0.000133862 -6.91423e+12 2.14646e+11
0.000134392 -6.97193e+12 2.15955e+11
0.000134921 -7.03777e+12 2.02698e+11
0.00013545 -7.11172e+12 1.74398e+11
0.000135979 -7.18948e+12 1.3936e+11
0.000136508 -7.26506e+12 1.09312e+11
0.000137037 -7.33458e+12 9.17791e+10
0.000137566 -7.39856e+12 8.53354e+10
0.000138095 -7.46131e+12 8.08788e+10
0.000138624 -7.52775e+12 6.80292e+10
0.000139153 -7.59992e+12 4.23184e+10
0.000139683 -7.67538e+12 8.34166e+09
0.000140212 -7.74871e+12 -2.32111e+10
0.000140741 -7.81499e+12 -4.26112e+10
0.00014127 -7.87289e+12 -4.7473e+10
0.000141799 -7.9254e+12 -4.4188e+10
0.000142328 -7.97765e+12 -4.34888e+10
0.000142857 -8.03331e+12 -5.31581e+10
0.000143386 -8.09202e+12 -7.27932e+10
0.000143915 -8.14954e+12 -9.41196e+10
0.000144444 -8.20057e+12 -1.06601e+11
0.000144974 -8.24215e+12 -1.04544e+11
0.000145503 -8.27563e+12 -9.09204e+10
0.000146032 -8.30561e+12 -7.53704e+10
0.000146561 -8.3368e+12 -6.77565e+10
0.00014709 -8.37084e+12 -7.16316e+10
0.000147619 -8.40512e+12 -8.19911e+10
0.000148148 -8.43463e+12 -8.87883e+10
0.000148677 -8.45523e+12 -8.38098e+10
0.000149206 -8.46646e+12 -6.6276e+10
0.000149735 -8.47183e+12 -4.34178e+10
0.000150265 -8.4764e+12 -2.56766e+10
0.000150794 -8.48345e+12 -1.97825e+10
0.000151323 -8.49226e+12 -2.43657e+10
0.000151852 -8.49868e+12 -3.10256e+10
0.000152381 -8.49797e+12 -3.01008e+10
0.00015291 -8.48801e+12 -1.72374e+10
0.000153439 -8.47076e+12 3.65633e+09
0.000153968 -8.45096e+12 2.30247e+10
0.000154497 -8.43298e+12 3.20593e+10
0.000155026 -8.41798e+12 2.85573e+10
0.000155556 -8.40318e+12 1.83196e+10
0.000156085 -8.38382e+12 1.11806e+10
0.000156614 -8.35647e+12 1.43685e+10
0.000157143 -8.32135e+12 2.76677e+10
0.000157672 -8.28225e+12 4.36139e+10
0.000158201 -8.24403e+12 5.25579e+10
0.00015873 -8.20946e+12 4.91679e+10
0.000159259 -8.1774e+12 3.59987e+10
0.000159788 -8.14372e+12 2.17531e+10
0.000160317 -8.10413e+12 1.54348e+10
0.000160847 -8.05717e+12 2.03427e+10
0.000161376 -8.00523e+12 3.19329e+10
0.000161905 -7.95301e+12 4.09589e+10
0.000162434 -7.90443e+12 3.97454e+10
0.000162963 -7.86007e+12 2.73695e+10
0.000163492 -7.81692e+12 1.0277e+10
0.000164021 -7.77044e+12 -2.048e+09
0.00016455 -7.71775e+12 -3.42596e+09
0.000165079 -7.65959e+12 4.93089e+09
0.000165608 -7.59987e+12 1.53135e+10
0.000166138 -7.54313e+12 1.87607e+10
0.000166667 -7.49152e+12 1.11071e+10
0.000167196 -7.44348e+12 -4.22756e+09
0.000167725 -7.39484e+12 -1.85594e+10
0.000168254 -7.34171e+12 -2.37813e+10
0.000168783 -7.28316e+12 -1.77849e+10
0.000169312 -7.22188e+12 -5.82694e+09
0.000169841 -7.16238e+12 3.04972e+09
0.00017037 -7.10806e+12 2.1096e+09
0.000170899 -7.05893e+12 -8.57067e+09
0.000171429 -7.01172e+12 -2.21989e+10
0.000171958 -6.96212e+12 -2.98716e+10
0.000172487 -6.90771e+12 -2.65688e+10
0.000173016 -6.84963e+12 -1.45088e+10
0.000173545 -6.79184e+12 -1.62838e+09
0.000174074 -6.73846e+12 3.7638e+09
0.000174603 -6.69105e+12 -1.45103e+09
0.000175132 -6.6476e+12 -1.3156e+10
0.000175661 -6.60395e+12 -2.28209e+10
0.00017619 -6.5566e+12 -2.32683e+10
0.00017672 -6.50508e+12 -1.3498e+10
0.000177249 -6.45228e+12 6.6241e+08
0.000177778 -6.4025e+12 1.04935e+10
0.000178307 -6.35857e+12 1.02366e+10
0.000178836 -6.31999e+12 9.273e+08
0.000179365 -6.28328e+12 -1.03524e+10
0.000179894 -6.24435e+12 -1.52728e+10
0.000180423 -6.20126e+12 -9.86313e+09
0.000180952 -6.1555e+12 2.84068e+09
0.000181481 -6.111e+12 1.48671e+10
0.000182011 -6.07146e+12 1.86811e+10
0.00018254 -6.03787e+12 1.2234e+10
0.000183069 -6.00787e+12 3.0376e+08
0.000183598 -5.97735e+12 -8.75174e+09
0.000184127 -5.94321e+12 -8.62413e+09
0.000184656 -5.90542e+12 7.2503e+08
0.000185185 -5.86704e+12 1.30764e+10
0.000185714 -5.83211e+12 2.01652e+10
0.000186243 -5.80295e+12 1.72434e+10
0.000186772 -5.7786e+12 6.25071e+09
0.000187302 -5.75545e+12 -5.51916e+09
0.000187831 -5.72968e+12 -1.03378e+10
0.00018836 -5.69983e+12 -5.22469e+09
0.000188889 -5.66772e+12 6.08506e+09
0.000189418 -5.6372e+12 1.56916e+10
0.000189947 -5.61158e+12 1.68615e+10
0.000190476 -5.59135e+12 8.54667e+09
0.000191005 -5.57385e+12 -3.93754e+09
0.000191534 -5.55511e+12 -1.25089e+10
0.000192063 -5.53244e+12 -1.17525e+10
0.000192593 -5.50625e+12 -2.53526e+09
0.000193122 -5.47973e+12 8.61461e+09
0.000193651 -5.45667e+12 1.39238e+10
0.00019418 -5.43891e+12 9.60135e+09
0.000194709 -5.42509e+12 -1.63587e+09
0.000195238 -5.41156e+12 -1.24194e+10
0.000195767 -5.39482e+12 -1.56982e+10
0.000196296 -5.37387e+12 -9.46832e+09
0.000196825 -5.35083e+12 1.9096e+09
0.000197354 -5.3295e+12 1.06713e+10
0.000197884 -5.31277e+12 1.08779e+10
0.000198413 -5.30067e+12 2.39155e+09
0.000198942 -5.29037e+12 -9.06381e+09
0.000199471 -5.27804e+12 -1.57772e+10
0.0002 -5.26145e+12 -1.32386e+10
0.000200529 -5.24142e+12 -3.15122e+09
0.000201058 -5.22124e+12 7.74162e+09
0.000201587 -5.20445e+12 1.22071e+10
0.000202116 -5.19242e+12 7.37755e+09
0.000202646 -5.18347e+12 -3.34949e+09
0.000203175 -5.17395e+12 -1.26273e+10
0.000203704 -5.16074e+12 -1.4114e+10
0.000204233 -5.14329e+12 -6.72701e+09
0.000204762 -5.12397e+12 4.65505e+09
0.000205291 -5.10649e+12 1.24957e+10
0.00020582 -5.09334e+12 1.16713e+10
0.000206349 -5.08415e+12 2.89597e+09
0.000206878 -5.07594e+12 -7.78862e+09
0.000207407 -5.0651e+12 -1.30976e+10
0.000207937 -5.04985e+12 -9.40043e+09
0.000208466 -5.03138e+12 8.59486e+08
0.000208995 -5.01305e+12 1.08349e+10
0.000209524 -4.99811e+12 1.38931e+10
0.000210053 -4.98751e+12 8.06689e+09
0.000210582 -4.97928e+12 -2.64796e+09
0.000211111 -4.96985e+12 -1.10048e+10
0.00021164 -4.95645e+12 -1.13866e+10
0.000212169 -4.93897e+12 -3.56856e+09
0.000212698 -4.92002e+12 7.15874e+09
0.000213228 -4.90314e+12 1.35686e+10
0.000213757 -4.89044e+12 1.13602e+10
0.000214286 -4.88118e+12 2.0324e+09
0.000214815 -4.87227e+12 -8.14987e+09
0.000215344 -4.86036e+12 -1.2384e+10
0.000215873 -4.84411e+12 -7.89803e+09
0.000216402 -4.82504e+12 2.20872e+09
0.000216931 -4.80652e+12 1.10761e+10
0.00021746 -4.79149e+12 1.27077e+10
0.000217989 -4.78051e+12 5.9935e+09
0.000218519 -4.77136e+12 -4.56767e+09
0.000219048 -4.76056e+12 -1.19146e+10
0.000219577 -4.74573e+12 -1.1176e+10
0.000220106 -4.72717e+12 -2.92985e+09
0.000220635 -4.70763e+12 7.21098e+09
0.000221164 -4.69048e+12 1.23917e+10
0.000221693 -4.67745e+12 9.1241e+09
0.000222222 -4.66744e+12 -3.87335e+08
0.000222751 -4.65732e+12 -9.75195e+09
0.00022328 -4.64402e+12 -1.27033e+10
0.00022381 -4.62658e+12 -7.30605e+09
0.000224339 -4.60682e+12 2.7652e+09
0.000224868 -4.58809e+12 1.07189e+10
0.000225397 -4.57301e+12 1.12209e+10
0.000225926 -4.56173e+12 3.96904e+09
0.000226455 -4.55184e+12 -6.12765e+09
0.000226984 -4.53999e+12 -1.22695e+10
0.000227513 -4.52417e+12 -1.03409e+10
0.000228042 -4.50505e+12 -1.66123e+09
0.000228571 -4.48549e+12 7.92497e+09
0.000229101 -4.46866e+12 1.19931e+10
0.00022963 -4.45588e+12 7.85446e+09
0.000230159 -4.44576e+12 -1.65605e+09
0.000230688 -4.43514e+12 -1.01087e+10
0.000231217 -4.42124e+12 -1.18131e+10
0.000231746 -4.40349e+12 -5.63599e+09
0.000232275 -4.38395e+12 4.25823e+09
0.000232804 -4.3659e+12 1.12271e+10
0.000233333 -4.35162e+12 1.06214e+10
0.000233862 -4.34089e+12 2.89794e+09
0.000234392 -4.33112e+12 -6.71056e+09
0.000234921 -4.31916e+12 -1.17303e+10
0.00023545 -4.30335e+12 -8.79925e+09
0.000235979 -4.28467e+12 8.90291e+07
0.000236508 -4.26607e+12 8.94781e+09
0.000237037 -4.25048e+12 1.18349e+10
0.000237566 -4.23884e+12 6.84265e+09
0.000238095 -4.22947e+12 -2.63878e+09
0.000238624 -4.21924e+12 -1.02212e+10
0.000239153 -4.20566e+12 -1.08211e+10
0.000239683 -4.18854e+12 -4.06746e+09
0.000240212 -4.17014e+12 5.46959e+09
0.000240741 -4.15362e+12 1.13697e+10
0.00024127 -4.14091e+12 9.68157e+09
0.000241799 -4.13145e+12 1.56608e+09
0.000242328 -4.12255e+12 -7.50549e+09
0.000242857 -4.11121e+12 -1.14439e+10
0.000243386 -4.09615e+12 -7.63366e+09
0.000243915 -4.07866e+12 1.32567e+09
0.000244444 -4.06171e+12 9.38769e+09
0.000244974 -4.04796e+12 1.11345e+10
0.000245503 -4.03798e+12 5.41237e+09
0.000246032 -4.02985e+12 -3.91124e+09
0.000246561 -4.02051e+12 -1.05664e+10
0.00024709 -4.00777e+12 -1.01014e+10
0.000247619 -3.99179e+12 -2.86427e+09
0.000248148 -3.97499e+12 6.25074e+09
0.000248677 -3.96039e+12 1.11097e+10
0.000249206 -3.94956e+12 8.4632e+09
0.000249735 -3.94164e+12 1.16791e+08
0.000250265 -3.93384e+12 -8.30295e+09
0.000250794 -3.92339e+12 -1.1143e+10
0.000251323 -3.90936e+12 -6.52043e+09
0.000251852 -3.8933e+12 2.42859e+09
0.000252381 -3.87818e+12 9.67591e+09
0.00025291 -3.86637e+12 1.03617e+10
0.000253439 -3.85809e+12 4.05344e+09
0.000253968 -3.85124e+12 -4.9819e+09
0.000254497 -3.84282e+12 -1.0663e+10
0.000255026 -3.83096e+12 -9.18578e+09
0.000255556 -3.81618e+12 -1.56923e+09
0.000256085 -3.80099e+12 7.04889e+09
0.000256614 -3.78824e+12 1.08792e+10
0.000257143 -3.77917e+12 7.37149e+09
0.000257672 -3.77262e+12 -1.08554e+09
0.000258201 -3.76577e+12 -8.78885e+09
0.00025873 -3.75608e+12 -1.05647e+10
0.000259259 -3.74298e+12 -5.2414e+09
0.000259788 -3.72823e+12 3.57985e+09
0.000260317 -3.71476e+12 9.96275e+09
0.000260847 -3.70466e+12 9.63231e+09
0.000261376 -3.6978e+12 2.83935e+09
0.000261905 -3.69193e+12 -5.82599e+09
0.000262434 -3.68418e+12 -1.05345e+10
0.000262963 -3.67299e+12 -8.13812e+09
0.000263492 -3.65919e+12 -2.7343e+08
0.000264021 -3.64537e+12 7.75626e+09
0.00026455 -3.63418e+12 1.05575e+10
0.000265079 -3.62654e+12 6.26967e+09
0.000265608 -3.62101e+12 -2.19935e+09
0.000266138 -3.61478e+12 -9.14489e+09
0.000266667 -3.60557e+12 -9.90812e+09
0.000267196 -3.59313e+12 -4.00109e+09
0.000267725 -3.57943e+12 4.58183e+09
0.000268254 -3.56732e+12 1.00643e+10
0.000268783 -3.55858e+12 8.77493e+09
0.000269312 -3.55278e+12 1.60488e+09
0.000269841 -3.54754e+12 -6.60812e+09
0.00027037 -3.54014e+12 -1.03446e+10
0.000270899 -3.52937e+12 -7.11308e+09
0.000271429 -3.51629e+12 8.87788e+08
0.000271958 -3.50357e+12 8.26437e+09
0.000272487 -3.49364e+12 1.0063e+10
0.000273016 -3.48708e+12 5.09582e+09
0.000273545 -3.48223e+12 -3.27593e+09
0.000274074 -3.47632e+12 -9.41675e+09
0.000274603 -3.46733e+12 -9.21105e+09
0.000275132 -3.45534e+12 -2.82176e+09
0.000275661 -3.44247e+12 5.43527e+09
0.00027619 -3.43146e+12 1.0006e+10
0.00027672 -3.4238e+12 7.83364e+09
0.000277249 -3.41876e+12 4.02418e+08
0.000277778 -3.41387e+12 -7.27635e+09
0.000278307 -3.4066e+12 -1.00437e+10
0.000278836 -3.39605e+12 -6.05919e+09
0.000279365 -3.38355e+12 1.97564e+09
0.000279894 -3.37175e+12 8.64847e+09
0.000280423 -3.36286e+12 9.48214e+09
0.000280952 -3.35713e+12 3.93856e+09
0.000281481 -3.35273e+12 -4.23444e+09
0.000282011 -3.34695e+12 -9.53656e+09
0.00028254 -3.33804e+12 -8.41624e+09
0.000283069 -3.32639e+12 -1.64925e+09
0.000283598 -3.31424e+12 6.19836e+09
0.000284127 -3.30419e+12 9.85137e+09
0.000284656 -3.29743e+12 6.87163e+09
0.000285185 -3.29297e+12 -7.14517e+08
0.000285714 -3.28828e+12 -7.79371e+09
0.000286243 -3.28104e+12 -9.6118e+09
0.000286772 -3.27065e+12 -4.96612e+09
0.000287302 -3.25866e+12 2.99941e+09
0.000287831 -3.24771e+12 8.92207e+09
0.00028836 -3.23975e+12 8.8308e+09
0.000288889 -3.23474e+12 2.80882e+09
0.000289418 -3.23066e+12 -5.07687e+09
0.000289947 -3.22493e+12 -9.52192e+09
0.000290476 -3.21607e+12 -7.5524e+09
0.000291005 -3.20475e+12 -5.14246e+08
0.000291534 -3.1933e+12 6.84633e+09
0.000292063 -3.18416e+12 9.58339e+09
0.000292593 -3.17822e+12 5.87461e+09
0.000293122 -3.17424e+12 -1.76566e+09
0.000293651 -3.16969e+12 -8.19083e+09
0.00029418 -3.16246e+12 -9.08886e+09
0.000294709 -3.15225e+12 -3.87607e+09
0.000295238 -3.1408e+12 3.92389e+09
0.000295767 -3.13069e+12 9.06166e+09
0.000296296 -3.12362e+12 8.09481e+09
0.000296825 -3.11924e+12 1.69407e+09
0.000297354 -3.11544e+12 -5.82163e+09
0.000297884 -3.10974e+12 -9.39939e+09
0.000298413 -3.10095e+12 -6.64951e+09
0.000298942 -3.09001e+12 5.58435e+08
0.000299471 -3.07929e+12 7.36632e+09
0.0003 -3.07105e+12 9.20167e+09
0.000300529 -3.06588e+12 4.84848e+09
0.000301058 -3.06234e+12 -2.74741e+09
0.000301587 -3.05791e+12 -8.4718e+09
0.000302116 -3.05069e+12 -8.48536e+09
0.000302646 -3.04071e+12 -2.79867e+09
0.000303175 -3.02984e+12 4.74814e+09
0.000303704 -3.02059e+12 9.07841e+09
0.000304233 -3.01438e+12 7.29381e+09
0.000304762 -3.0106e+12 6.14132e+08
0.000305291 -3.00704e+12 -6.45626e+09
0.00030582 -3.00136e+12 -9.1658e+09
0.000306349 -2.99269e+12 -5.70884e+09
0.000306878 -2.98217e+12 1.57123e+09
0.000307407 -2.97221e+12 7.7704e+09
0.000307937 -2.96486e+12 8.72739e+09
0.000308466 -2.96042e+12 3.81695e+09
0.000308995 -2.95726e+12 -3.64203e+09
0.000309524 -2.95292e+12 -8.62953e+09
0.000310053 -2.94575e+12 -7.80282e+09
0.000310582 -2.93603e+12 -1.73669e+09
0.000311111 -2.92578e+12 5.47582e+09
0.00031164 -2.91739e+12 8.98509e+09
0.000312169 -2.91199e+12 6.44572e+09
0.000312698 -2.90875e+12 -4.16042e+08
0.000313228 -2.90539e+12 -6.97556e+09
0.000313757 -2.89974e+12 -8.82658e+09
0.000314286 -2.8912e+12 -4.74092e+09
0.000314815 -2.88113e+12 2.51683e+09
0.000315344 -2.87194e+12 8.05992e+09
0.000315873 -2.86544e+12 8.16968e+09
0.000316402 -2.86167e+12 2.7902e+09
0.000316931 -2.85884e+12 -4.44613e+09
0.00031746 -2.85456e+12 -8.67122e+09
0.000317989 -2.84743e+12 -7.05605e+09
0.000318519 -2.83801e+12 -7.04851e+08
0.000319048 -2.82839e+12 6.09965e+09
0.000319577 -2.82082e+12 8.78403e+09
0.000320106 -2.81619e+12 5.55798e+09
0.000320635 -2.81341e+12 -1.39183e+09
0.000321164 -2.81019e+12 -7.3838e+09
0.000321693 -2.80454e+12 -8.395e+09
0.000322222 -2.79615e+12 -3.76203e+09
0.000322751 -2.78654e+12 3.38404e+09
0.00032328 -2.7781e+12 8.2336e+09
0.00032381 -2.77241e+12 7.53549e+09
0.000324339 -2.76923e+12 1.77645e+09
0.000324868 -2.76665e+12 -5.15781e+09
0.000325397 -2.76238e+12 -8.60433e+09
0.000325926 -2.75529e+12 -6.25842e+09
0.000326455 -2.74617e+12 2.85258e+08
0.000326984 -2.73717e+12 6.61654e+09
0.000327513 -2.73039e+12 8.48193e+09
0.000328042 -2.72645e+12 4.64209e+09
0.000328571 -2.72405e+12 -2.30493e+09
0.000329101 -2.7209e+12 -7.68146e+09
0.00032963 -2.71523e+12 -7.87976e+09
0.000330159 -2.70699e+12 -2.78284e+09
0.000330688 -2.69785e+12 4.16794e+09
0.000331217 -2.69013e+12 8.29629e+09
0.000331746 -2.68518e+12 6.83701e+09
0.000332275 -2.68251e+12 7.88034e+08
0.000332804 -2.68011e+12 -5.7718e+09
0.000333333 -2.67581e+12 -8.43306e+09
0.000333862 -2.66875e+12 -5.41958e+09
0.000334392 -2.65992e+12 1.22618e+09
0.000334921 -2.65153e+12 7.02742e+09
0.00033545 -2.6455e+12 8.08859e+09
0.000335979 -2.64216e+12 3.71123e+09
0.000336508 -2.64006e+12 -3.14656e+09
0.000337037 -2.63694e+12 -7.86902e+09
0.000337566 -2.63122e+12 -7.28939e+09
0.000338095 -2.62312e+12 -1.81335e+09
0.000338624 -2.61445e+12 4.86449e+09
0.000339153 -2.60743e+12 8.25322e+09
0.000339683 -2.60315e+12 6.08573e+09
0.000340212 -2.6009e+12 -1.64602e+08
0.000340741 -2.59861e+12 -6.28538e+09
0.00034127 -2.59425e+12 -8.16401e+09
0.000341799 -2.58721e+12 -4.55092e+09
0.000342328 -2.57869e+12 2.10944e+09
0.000342857 -2.57091e+12 7.33229e+09
0.000343386 -2.56557e+12 7.61234e+09
0.000343915 -2.56277e+12 2.77624e+09
0.000344444 -2.56089e+12 -3.91092e+09
0.000344974 -2.55773e+12 -7.94996e+09
0.000345503 -2.55196e+12 -6.63462e+09
0.000346032 -2.54402e+12 -8.64767e+08
0.000346561 -2.53582e+12 5.46908e+09
0.00034709 -2.52946e+12 8.10898e+09
0.000347619 -2.5258e+12 5.29191e+09
0.000348148 -2.5239e+12 -1.07292e+09
0.000348677 -2.52166e+12 -6.6979e+09
0.000349206 -2.51721e+12 -7.80528e+09
0.000349735 -2.5102e+12 -3.66422e+09
0.000350265 -2.502e+12 2.92703e+09
0.000350794 -2.49481e+12 7.53197e+09
0.000351323 -2.49012e+12 7.0619e+09
0.000351852 -2.48779e+12 1.84758e+09
0.000352381 -2.48607e+12 -4.59308e+09
0.00035291 -2.48285e+12 -7.92835e+09
0.000353439 -2.47702e+12 -5.92597e+09
0.000353968 -2.46925e+12 5.28961e+07
0.000354497 -2.46153e+12 5.97884e+09
0.000355026 -2.45581e+12 7.86971e+09
0.000355556 -2.45271e+12 4.46652e+09
0.000356085 -2.45109e+12 -1.92842e+09
0.000356614 -2.44885e+12 -7.00899e+09
0.000357143 -2.4443e+12 -7.36474e+09
0.000357672 -2.43733e+12 -2.77023e+09
0.000358201 -2.42948e+12 3.67273e+09
0.00035873 -2.42286e+12 7.62902e+09
0.000359259 -2.41879e+12 6.44705e+09
0.000359788 -2.41686e+12 9.35851e+08
0.000360317 -2.41525e+12 -5.18855e+09
0.000360847 -2.41194e+12 -7.80864e+09
0.000361376 -2.40605e+12 -5.17363e+09
0.000361905 -2.39848e+12 9.3073e+08
0.000362434 -2.39124e+12 6.39227e+09
0.000362963 -2.38614e+12 7.54249e+09
0.000363492 -2.38355e+12 3.6206e+09
0.000364021 -2.38216e+12 -2.72339e+09
0.00036455 -2.37988e+12 -7.21927e+09
0.000365079 -2.37522e+12 -6.85084e+09
0.000365608 -2.36832e+12 -1.87938e+09
0.000366138 -2.36082e+12 4.34115e+09
0.000366667 -2.35478e+12 7.62679e+09
0.000367196 -2.35128e+12 5.77767e+09
0.000367725 -2.34971e+12 5.08416e+07
0.000368254 -2.34815e+12 -5.69417e+09
0.000368783 -2.34472e+12 -7.59639e+09
0.000369312 -2.3388e+12 -4.38813e+09
0.000369841 -2.33144e+12 1.76028e+09
0.00037037 -2.32469e+12 6.70864e+09
0.000370899 -2.32019e+12 7.13471e+09
0.000371429 -2.31805e+12 2.76467e+09
0.000371958 -2.31684e+12 -3.45133e+09
0.000372487 -2.31449e+12 -7.33067e+09
0.000373016 -2.30972e+12 -6.27266e+09
0.000373545 -2.30291e+12 -1.00192e+09
0.000374074 -2.29578e+12 4.92772e+09
0.000374603 -2.29031e+12 7.52936e+09
0.000375132 -2.28734e+12 5.06364e+09
0.000375661 -2.28606e+12 -7.98454e+08
0.00037619 -2.28452e+12 -6.10794e+09
0.00037672 -2.28097e+12 -7.29798e+09
0.000377249 -2.27501e+12 -3.58e+09
0.000377778 -2.2679e+12 2.53391e+09
0.000378307 -2.26165e+12 6.92826e+09
0.000378836 -2.25771e+12 6.65439e+09
0.000379365 -2.25598e+12 1.90898e+09
0.000379894 -2.25488e+12 -4.1066e+09
0.000380423 -2.25244e+12 -7.346e+09
0.000380952 -2.24757e+12 -5.63956e+09
0.000381481 -2.24087e+12 -1.4745e+08
0.000382011 -2.23413e+12 5.42901e+09
0.00038254 -2.22921e+12 7.34176e+09
0.000383069 -2.22673e+12 4.31508e+09
0.000383598 -2.22569e+12 -1.60364e+09
0.000384127 -2.22412e+12 -6.42878e+09
0.000384656 -2.22044e+12 -6.92034e+09
0.000385185 -2.21448e+12 -2.75948e+09
0.000385714 -2.20763e+12 3.24495e+09
0.000386243 -2.20187e+12 7.05253e+09
0.000386772 -2.19847e+12 6.11005e+09
0.000387302 -2.19709e+12 1.0635e+09
0.000387831 -2.19607e+12 -4.6845e+09
0.00038836 -2.19351e+12 -7.26889e+09
0.000388889 -2.18855e+12 -4.96104e+09
0.000389418 -2.18197e+12 6.75069e+08
0.000389947 -2.17564e+12 5.84266e+09
0.000390476 -2.17126e+12 7.06982e+09
0.000391005 -2.16923e+12 3.54209e+09
0.000391534 -2.16837e+12 -2.35709e+09
0.000392063 -2.16674e+12 -6.65664e+09
0.000392593 -2.16292e+12 -6.47099e+09
0.000393122 -2.15697e+12 -1.93659e+09
0.000393651 -2.15041e+12 3.88763e+09
0.00039418 -2.14514e+12 7.0838e+09
0.000394709 -2.14224e+12 5.51056e+09
0.000395238 -2.14117e+12 2.37654e+08
0.000395767 -2.14017e+12 -5.18136e+09
0.000396296 -2.13747e+12 -7.10389e+09
0.000396825 -2.13244e+12 -4.2468e+09
0.000397354 -2.12601e+12 1.4573e+09
0.000397884 -2.12009e+12 6.16727e+09
0.000398413 -2.11623e+12 6.71998e+09
0.000398942 -2.1146e+12 2.75461e+09
0.000399471 -2.11388e+12 -3.05206e+09
0.0004 -2.11216e+12 -6.79251e+09
