0 -347.411 104.281 0
5.29101e-07 -344.663 113.133 0
1.0582e-06 -343.531 120.648 0
1.5873e-06 -344.135 126.586 0
2.1164e-06 -346.596 130.713 0
2.6455e-06 -351.04 132.803 0
3.1746e-06 -357.589 132.658 0
3.7037e-06 -366.364 130.107 0
4.2328e-06 -377.483 125.014 0
4.7619e-06 -391.063 117.276 0
5.29101e-06 -407.223 106.825 0
5.82011e-06 -426.084 93.6262 0
6.34921e-06 -447.767 77.6884 0
6.87831e-06 -472.39 59.0713 0
7.40741e-06 -500.064 37.8927 0
7.93651e-06 -530.895 14.3313 0
8.46561e-06 -564.981 -11.377 0
8.99471e-06 -602.42 -38.9441 0
9.52381e-06 -643.306 -68.0349 0
1.00529e-05 -687.73 -98.2675 0
1.0582e-05 -735.779 -129.212 0
1.11111e-05 -787.527 -160.386 0
1.16402e-05 -843.039 -191.259 0
1.21693e-05 -902.366 -221.264 0
1.26984e-05 -965.552 -249.802 0
1.32275e-05 -1032.63 -276.266 0
1.37566e-05 -1103.63 -300.046 0
1.42857e-05 -1178.58 -320.537 0
1.48148e-05 -1257.46 -337.141 0
1.53439e-05 -1340.28 -349.279 0
1.5873e-05 -1426.99 -356.398 0
1.64021e-05 -1517.56 -357.989 0
1.69312e-05 -1611.91 -353.61 0
1.74603e-05 -1709.97 -342.903 0
1.79894e-05 -1811.65 -325.6 0
1.85185e-05 -1916.85 -301.53 0
1.90476e-05 -2025.42 -270.625 0
1.95767e-05 -2137.21 -232.922 0
2.01058e-05 -2252.04 -188.581 0
2.06349e-05 -2369.71 -137.895 0
2.1164e-05 -2490 -81.304 0
2.16931e-05 -2612.65 -19.3996 0
2.22222e-05 -2737.42 47.0813 0
2.27513e-05 -2864.01 117.266 0
2.32804e-05 -2992.1 190.158 0
2.38095e-05 -3121.33 264.638 0
2.43386e-05 -3251.34 339.473 0
2.48677e-05 -3381.72 413.314 0
2.53968e-05 -3512.04 484.71 0
2.59259e-05 -3641.87 552.127 0
2.6455e-05 -3770.73 613.982 0
2.69841e-05 -3898.11 668.673 0
2.75132e-05 -4023.48 714.605 0
2.80423e-05 -4146.29 750.218 0
2.85714e-05 -4265.93 773.999 0
2.91005e-05 -4381.8 784.509 0
2.96296e-05 -4493.28 780.412 0
3.01587e-05 -4599.74 760.515 0
3.06878e-05 -4700.5 723.811 0
3.12169e-05 -4794.88 669.519 0
3.1746e-05 -4882.15 597.112 0
3.22751e-05 -4961.6 506.329 0
3.28042e-05 -5032.5 397.188 0
3.33333e-05 -5094.1 270.004 0
3.38624e-05 -5145.68 125.413 0
3.43915e-05 -5186.51 -35.6054 0
3.49206e-05 -5215.83 -211.702 0
3.54497e-05 -5232.93 -401.16 0
3.59788e-05 -5237.05 -601.901 0
3.65079e-05 -5227.48 -811.521 0
3.7037e-05 -5203.55 -1027.32 0
3.75661e-05 -5164.61 -1246.31 0
3.80952e-05 -5110.04 -1465.25 0
3.86243e-05 -5039.28 -1680.67 0
3.91534e-05 -4951.79 -1888.9 0
3.96825e-05 -4847.05 -2086.1 0
4.02116e-05 -4724.65 -2268.4 0
4.07407e-05 -4584.22 -2431.95 0
4.12698e-05 -4425.5 -2572.99 0
4.17989e-05 -4248.32 -2687.95 0
4.2328e-05 -4052.61 -2773.44 0
4.28571e-05 -3838.36 -2826.4 0
4.33862e-05 -3605.68 -2844.08 0
4.39153e-05 -3354.78 -2824.23 0
4.44444e-05 -3086.03 -2765.16 0
4.49735e-05 -2799.96 -2665.86 0
4.55026e-05 -2497.26 -2526.08 0
4.60317e-05 -2178.79 -2346.34 0
4.65608e-05 -1845.59 -2127.92 0
4.70899e-05 -1498.82 -1872.93 0
4.7619e-05 -1139.83 -1584.34 0
4.81481e-05 -770.196 -1266.09 0
4.86772e-05 -391.793 -923.176 0
4.92063e-05 -6.80311 -561.655 0
4.97354e-05 382.286 -188.533 0
5.02646e-05 772.77 188.534 3333.33
5.07937e-05 773.367 188.532 3333.33
5.13228e-05 773.967 188.532 3333.33
5.18519e-05 774.568 188.533 3333.33
5.2381e-05 775.172 188.535 3333.33
5.29101e-05 775.776 188.536 3333.33
5.34392e-05 776.381 188.536 3333.33
5.39683e-05 776.987 188.534 3333.33
5.44974e-05 777.595 188.533 3333.33
5.50265e-05 778.204 188.532 3333.33
5.55556e-05 778.816 188.533 3333.33
5.60847e-05 779.429 188.534 3333.33
5.66138e-05 780.044 188.536 3333.33
5.71429e-05 780.66 188.536 3333.33
5.7672e-05 781.276 188.535 3333.33
5.82011e-05 781.894 188.533 3333.33
5.87302e-05 782.514 188.532 3333.33
5.92593e-05 783.135 188.532 3333.33
5.97884e-05 783.759 188.534 3333.33
6.03175e-05 784.385 188.535 3333.33
6.08466e-05 785.012 188.536 3333.33
6.13757e-05 785.639 188.536 3333.33
6.19048e-05 786.268 188.534 3333.33
6.24339e-05 786.898 188.532 3333.33
6.2963e-05 787.53 188.532 3333.33
6.34921e-05 788.165 188.533 3333.33
6.40212e-05 788.801 188.535 3333.33
6.45503e-05 789.439 188.536 3333.33
6.50794e-05 790.078 188.536 3333.33
6.56085e-05 790.718 188.535 3333.33
6.61376e-05 791.359 188.533 3333.33
6.66667e-05 792.002 188.532 3333.33
6.71958e-05 792.647 188.532 3333.33
6.77249e-05 793.295 188.534 3333.33
6.8254e-05 793.944 188.536 3333.33
6.87831e-05 794.594 188.537 3333.33
6.93122e-05 795.246 188.536 3333.33
6.98413e-05 795.898 188.534 3333.33
7.03704e-05 796.552 188.532 3333.33
7.08995e-05 797.209 188.532 3333.33
7.14286e-05 797.867 188.533 3333.33
7.19577e-05 798.528 188.535 3333.33
7.24868e-05 799.191 188.536 3333.33
7.30159e-05 799.854 188.536 3333.33
7.3545e-05 800.518 188.535 3333.33
7.40741e-05 801.184 188.533 3333.33
7.46032e-05 801.852 188.532 3333.33
7.51323e-05 802.522 188.532 3333.33
7.56614e-05 803.195 188.534 3333.33
7.61905e-05 803.869 188.536 3333.33
7.67196e-05 804.545 188.537 3333.33
7.72487e-05 805.221 188.536 3333.33
7.77778e-05 805.899 188.534 3333.33
7.83069e-05 806.579 188.532 3333.33
7.8836e-05 807.261 188.532 3333.33
7.93651e-05 807.946 188.533 3333.33
7.98942e-05 808.632 188.535 3333.33
8.04233e-05 809.321 188.537 3333.33
8.09524e-05 810.01 188.536 3333.33
8.14815e-05 810.7 188.535 3333.33
8.20106e-05 811.392 188.533 3333.33
8.25397e-05 812.087 188.532 3333.33
8.30688e-05 812.784 188.533 3333.33
8.35979e-05 813.483 188.534 3333.33
8.4127e-05 814.185 188.536 3333.33
8.46561e-05 814.887 188.537 3333.33
8.51852e-05 815.591 188.535 3333.33
8.57143e-05 816.296 188.533 3333.33
8.62434e-05 817.003 188.532 3333.33
8.67725e-05 817.713 188.532 3333.33
8.73016e-05 818.425 188.533 3333.33
8.78307e-05 819.14 188.536 3333.33
8.83598e-05 819.856 188.537 3333.33
8.88889e-05 820.574 188.536 3333.33
8.9418e-05 821.292 188.534 3333.33
8.99471e-05 822.013 188.532 3333.33
9.04762e-05 822.736 188.532 3333.33
9.10053e-05 823.463 188.533 3333.33
9.15344e-05 824.191 188.535 3333.33
9.20635e-05 824.922 188.536 3333.33
9.25926e-05 825.654 188.537 3333.33
9.31217e-05 826.387 188.535 3333.33
9.36508e-05 827.122 188.533 3333.33
9.41799e-05 827.859 188.532 3333.33
9.4709e-05 828.6 188.532 3333.33
9.52381e-05 829.343 188.534 3333.33
9.57672e-05 830.088 188.536 3333.33
9.62963e-05 830.835 188.537 3333.33
9.68254e-05 831.584 188.536 3333.33
9.73545e-05 832.334 188.534 3333.33
9.78836e-05 833.086 188.532 3333.33
9.84127e-05 833.842 188.532 3333.33
9.89418e-05 834.6 188.533 3333.33
9.94709e-05 835.361 188.535 3333.33
0.0001 836.124 188.537 3333.33
0.000100529 836.889 188.537 3333.33
0.000101058 837.655 188.535 3333.33
0.000101587 838.424 188.533 3333.33
0.000102116 839.195 188.532 3333.33
0.000102646 839.969 188.532 3333.33
0.000103175 840.747 188.534 3333.33
0.000103704 841.527 188.536 3333.33
0.000104233 842.309 188.537 3333.33
0.000104762 843.092 188.536 3333.33
0.000105291 843.877 188.534 3333.33
0.00010582 844.665 188.532 3333.33
0.000106349 845.457 188.532 3333.33
0.000106878 846.251 188.533 3333.33
0.000107407 847.049 188.535 3333.33
0.000107937 847.849 188.537 3333.33
0.000108466 848.65 188.537 3333.33
0.000108995 849.454 188.535 3333.33
0.000109524 850.259 188.532 3333.33
0.000110053 851.068 188.531 3333.33
0.000110582 851.881 188.532 3333.33
0.000111111 852.697 188.534 3333.33
0.00011164 853.515 188.536 3333.33
0.000112169 854.336 188.537 3333.33
0.000112698 855.158 188.535 3333.33
0.000113228 855.983 188.533 3333.33
0.000113757 856.811 188.531 3333.33
0.000114286 857.642 188.531 3333.33
0.000114815 858.477 188.533 3333.33
0.000115344 859.315 188.535 3333.33
0.000115873 860.155 188.537 3333.33
0.000116402 860.997 188.536 3333.33
0.000116931 861.841 188.534 3333.33
0.00011746 862.688 188.532 3333.33
0.000117989 863.539 188.531 3333.33
0.000118519 864.393 188.532 3333.33
0.000119048 865.251 188.534 3333.33
0.000119577 866.111 188.536 3333.33
0.000120106 866.974 188.537 3333.33
0.000120635 867.838 188.535 3333.33
0.000121164 868.705 188.533 3333.33
0.000121693 869.575 188.531 3333.33
0.000122222 870.449 188.532 3333.33
0.000122751 871.327 188.534 3333.33
0.00012328 872.208 188.536 3333.33
0.00012381 873.091 188.537 3333.33
0.000124339 873.976 188.536 3333.33
0.000124868 874.863 188.534 3333.33
0.000125397 875.753 188.532 3333.33
0.000125926 876.647 188.532 3333.33
0.000126455 877.544 188.533 3333.33
0.000126984 878.445 188.536 3333.33
0.000127513 879.349 188.537 3333.33
0.000128042 880.254 188.538 3333.33
0.000128571 881.162 188.536 3333.33
0.000129101 882.072 188.533 3333.33
0.00012963 882.985 188.532 3333.33
0.000130159 883.902 188.533 3333.33
0.000130688 884.823 188.535 3333.33
0.000131217 885.746 188.537 3333.33
0.000131746 886.672 188.538 3333.33
0.000132275 887.6 188.537 3333.33
0.000132804 888.529 188.534 3333.33
0.000133333 889.462 188.532 3333.33
0.000133862 890.398 188.532 3333.33
0.000134392 891.337 188.533 3333.33
0.000134921 892.28 188.536 3333.33
0.00013545 893.226 188.537 3333.33
0.000135979 894.173 188.537 3333.33
0.000136508 895.121 188.535 3333.33
0.000137037 896.073 188.532 3333.33
0.000137566 897.027 188.531 3333.33
0.000138095 897.985 188.531 3333.33
0.000138624 898.947 188.533 3333.33
0.000139153 899.911 188.536 3333.33
0.000139683 900.877 188.536 3333.33
0.000140212 901.845 188.535 3333.33
0.000140741 902.814 188.532 3333.33
0.00014127 903.787 188.53 3333.33
0.000141799 904.763 188.53 3333.33
0.000142328 905.743 188.531 3333.33
0.000142857 906.725 188.534 3333.33
0.000143386 907.71 188.535 3333.33
0.000143915 908.696 188.535 3333.33
0.000144444 909.684 188.533 3333.33
0.000144974 910.675 188.53 3333.33
0.000145503 911.669 188.529 3333.33
0.000146032 912.667 188.531 3333.33
0.000146561 913.668 188.533 3333.33
0.00014709 914.672 188.536 3333.33
0.000147619 915.678 188.536 3333.33
0.000148148 916.685 188.535 3333.33
0.000148677 917.695 188.533 3333.33
0.000149206 918.708 188.531 3333.33
0.000149735 919.724 188.532 3333.33
0.000150265 920.745 188.534 3333.33
0.000150794 921.769 188.537 3333.33
0.000151323 922.795 188.539 3333.33
0.000151852 923.824 188.539 3333.33
0.000152381 924.854 188.537 3333.33
0.00015291 925.888 188.535 3333.33
0.000153439 926.926 188.534 3333.33
0.000153968 927.969 188.536 3333.33
0.000154497 929.016 188.539 3333.33
0.000155026 930.066 188.541 3333.33
0.000155556 931.118 188.542 3333.33
0.000156085 932.173 188.54 3333.33
0.000156614 933.232 188.537 3333.33
0.000157143 934.295 188.536 3333.33
0.000157672 935.363 188.536 3333.33
0.000158201 936.436 188.538 3333.33
0.00015873 937.514 188.541 3333.33
0.000159259 938.595 188.542 3333.33
0.000159788 939.68 188.54 3333.33
0.000160317 940.769 188.537 3333.33
0.000160847 941.863 188.534 3333.33
0.000161376 942.962 188.532 3333.33
0.000161905 944.068 188.533 3333.33
0.000162434 945.179 188.535 3333.33
0.000162963 946.296 188.536 3333.33
0.000163492 947.417 188.535 3333.33
0.000164021 948.543 188.532 3333.33
0.00016455 949.674 188.528 3333.33
0.000165079 950.813 188.525 3333.33
0.000165608 951.958 188.525 3333.33
0.000166138 953.111 188.527 3333.33
0.000166667 954.271 188.529 3333.33
0.000167196 955.436 188.529 3333.33
0.000167725 956.608 188.526 3333.33
0.000168254 957.786 188.523 3333.33
0.000168783 958.971 188.52 3333.33
0.000169312 960.165 188.519 3333.33
0.000169841 961.368 188.521 3333.33
0.00017037 962.58 188.524 3333.33
0.000170899 963.799 188.526 3333.33
0.000171429 965.025 188.526 3333.33
0.000171958 966.259 188.524 3333.33
0.000172487 967.501 188.522 3333.33
0.000173016 968.752 188.522 3333.33
0.000173545 970.014 188.524 3333.33
0.000174074 971.286 188.529 3333.33
0.000174603 972.568 188.533 3333.33
0.000175132 973.857 188.536 3333.33
0.000175661 975.155 188.536 3333.33
0.00017619 976.463 188.535 3333.33
0.00017672 977.78 188.536 3333.33
0.000177249 979.109 188.539 3333.33
0.000177778 980.449 188.544 3333.33
0.000178307 981.8 188.549 3333.33
0.000178836 983.16 188.554 3333.33
0.000179365 984.53 188.555 3333.33
0.000179894 985.909 188.555 3333.33
0.000180423 987.298 188.554 3333.33
0.000180952 988.699 188.556 3333.33
0.000181481 990.112 188.559 3333.33
0.000182011 991.537 188.564 3333.33
0.00018254 992.971 188.567 3333.33
0.000183069 994.415 188.568 3333.33
0.000183598 995.869 188.566 3333.33
0.000184127 997.332 188.562 3333.33
0.000184656 998.806 188.559 3333.33
0.000185185 1000.29 188.558 3333.33
0.000185714 1001.79 188.559 3333.33
0.000186243 1003.3 188.559 3333.33
0.000186772 1004.81 188.557 3333.33
0.000187302 1006.34 188.552 3333.33
0.000187831 1007.87 188.544 3333.33
0.00018836 1009.41 188.536 3333.33
0.000188889 1010.97 188.53 3333.33
0.000189418 1012.53 188.526 3333.33
0.000189947 1014.1 188.523 3333.33
0.000190476 1015.68 188.519 3333.33
0.000191005 1017.27 188.512 3333.33
0.000191534 1018.86 188.503 3333.33
0.000192063 1020.46 188.492 3333.33
0.000192593 1022.07 188.484 3333.33
0.000193122 1023.68 188.479 3333.33
0.000193651 1025.3 188.476 3333.33
0.00019418 1026.93 188.474 3333.33
0.000194709 1028.56 188.47 3333.33
0.000195238 1030.19 188.464 3333.33
0.000195767 1031.83 188.458 3333.33
0.000196296 1033.47 188.454 3333.33
0.000196825 1035.11 188.453 3333.33
0.000197354 1036.76 188.456 3333.33
0.000197884 1038.41 188.462 3333.33
0.000198413 1040.06 188.468 3333.33
0.000198942 1041.7 188.473 3333.33
0.000199471 1043.35 188.477 3333.33
0.0002 1044.99 188.482 3333.33
0.000200529 1046.64 188.49 3333.33
0.000201058 1048.28 188.503 3333.33
0.000201587 1049.92 188.519 3333.33
0.000202116 1051.56 188.537 3333.33
0.000202646 1053.19 188.553 3333.33
0.000203175 1054.81 188.566 3333.33
0.000203704 1056.43 188.58 3333.33
0.000204233 1058.04 188.594 3333.33
0.000204762 1059.65 188.612 3333.33
0.000205291 1061.25 188.632 3333.33
0.00020582 1062.84 188.653 3333.33
0.000206349 1064.42 188.671 3333.33
0.000206878 1065.99 188.685 3333.33
0.000207407 1067.55 188.695 3333.33
0.000207937 1069.09 188.704 3333.33
0.000208466 1070.63 188.712 3333.33
0.000208995 1072.16 188.722 3333.33
0.000209524 1073.67 188.73 3333.33
0.000210053 1075.18 188.734 3333.33
0.000210582 1076.67 188.733 3333.33
0.000211111 1078.14 188.725 3333.33
0.00021164 1079.6 188.711 3333.33
0.000212169 1081.05 188.696 3333.33
0.000212698 1082.48 188.679 3333.33
0.000213228 1083.91 188.661 3333.33
0.000213757 1085.32 188.64 3333.33
0.000214286 1086.71 188.613 3333.33
0.000214815 1088.09 188.579 3333.33
0.000215344 1089.46 188.54 3333.33
0.000215873 1090.81 188.498 3333.33
0.000216402 1092.15 188.456 3333.33
0.000216931 1093.48 188.416 3333.33
0.00021746 1094.8 188.376 3333.33
0.000217989 1096.11 188.335 3333.33
0.000218519 1097.41 188.29 3333.33
0.000219048 1098.7 188.244 3333.33
0.000219577 1099.98 188.198 3333.33
0.000220106 1101.25 188.157 3333.33
0.000220635 1102.52 188.123 3333.33
0.000221164 1103.78 188.096 3333.33
0.000221693 1105.05 188.075 3333.33
0.000222222 1106.31 188.057 3333.33
0.000222751 1107.57 188.043 3333.33
0.00022328 1108.83 188.034 3333.33
0.00022381 1110.09 188.035 3333.33
0.000224339 1111.36 188.048 3333.33
0.000224868 1112.65 188.074 3333.33
0.000225397 1113.94 188.111 3333.33
0.000225926 1115.25 188.156 3333.33
0.000226455 1116.57 188.209 3333.33
0.000226984 1117.91 188.268 3333.33
0.000227513 1119.26 188.336 3333.33
0.000228042 1120.65 188.415 3333.33
0.000228571 1122.06 188.507 3333.33
0.000229101 1123.5 188.608 3333.33
0.00022963 1124.98 188.715 3333.33
0.000230159 1126.49 188.825 3333.33
0.000230688 1128.04 188.934 3333.33
0.000231217 1129.64 189.042 3333.33
0.000231746 1131.28 189.152 3333.33
0.000232275 1132.97 189.262 3333.33
0.000232804 1134.72 189.372 3333.33
0.000233333 1136.53 189.476 3333.33
0.000233862 1138.4 189.569 3333.33
0.000234392 1140.33 189.647 3333.33
0.000234921 1142.33 189.709 3333.33
0.00023545 1144.41 189.754 3333.33
0.000235979 1146.57 189.785 3333.33
0.000236508 1148.81 189.8 3333.33
0.000237037 1151.13 189.796 3333.33
0.000237566 1153.55 189.768 3333.33
0.000238095 1156.06 189.712 3333.33
0.000238624 1158.66 189.628 3333.33
0.000239153 1161.37 189.516 3333.33
0.000239683 1164.18 189.381 3333.33
0.000240212 1167.1 189.223 3333.33
0.000240741 1170.14 189.045 3333.33
0.00024127 1173.29 188.845 3333.33
0.000241799 1176.56 188.62 3333.33
0.000242328 1179.95 188.373 3333.33
0.000242857 1183.47 188.107 3333.33
0.000243386 1187.11 187.828 3333.33
0.000243915 1190.88 187.544 3333.33
0.000244444 1194.79 187.259 3333.33
0.000244974 1198.83 186.977 3333.33
0.000245503 1203.01 186.699 3333.33
0.000246032 1207.33 186.428 3333.33
0.000246561 1211.78 186.17 3333.33
0.00024709 1216.37 185.932 3333.33
0.000247619 1221.1 185.725 3333.33
0.000248148 1225.97 185.556 3333.33
0.000248677 1230.99 185.43 3333.33
0.000249206 1236.14 185.349 3333.33
0.000249735 1241.43 185.314 3333.33
0.000250265 1246.86 185.33 3333.33
0.000250794 1252.42 185.401 3333.33
0.000251323 1258.1 185.534 3333.33
0.000251852 1263.92 185.735 3333.33
0.000252381 1269.87 186.005 3333.33
0.00025291 1275.94 186.342 3333.33
0.000253439 1282.12 186.742 3333.33
0.000253968 1288.41 187.2 3333.33
0.000254497 1294.81 187.713 3333.33
0.000255026 1301.3 188.28 3333.33
0.000255556 1307.88 188.898 3333.33
0.000256085 1314.55 189.563 3333.33
0.000256614 1321.3 190.264 3333.33
0.000257143 1328.12 190.988 3333.33
0.000257672 1334.99 191.721 3333.33
0.000258201 1341.9 192.449 3333.33
0.00025873 1348.85 193.162 3333.33
0.000259259 1355.83 193.85 3333.33
0.000259788 1362.82 194.502 3333.33
0.000260317 1369.81 195.103 3333.33
0.000260847 1376.79 195.636 3333.33
0.000261376 1383.75 196.081 3333.33
0.000261905 1390.66 196.422 3333.33
0.000262434 1397.51 196.646 3333.33
0.000262963 1404.29 196.745 3333.33
0.000263492 1410.98 196.709 3333.33
0.000264021 1417.57 196.532 3333.33
0.00026455 1424.04 196.202 3333.33
0.000265079 1430.37 195.71 3333.33
0.000265608 1436.55 195.048 3333.33
0.000266138 1442.54 194.215 3333.33
0.000266667 1448.34 193.216 3333.33
0.000267196 1453.93 192.059 3333.33
0.000267725 1459.29 190.756 3333.33
0.000268254 1464.4 189.318 3333.33
0.000268783 1469.24 187.755 3333.33
0.000269312 1473.78 186.082 3333.33
0.000269841 1478.02 184.319 3333.33
0.00027037 1481.92 182.49 3333.33
0.000270899 1485.47 180.628 3333.33
0.000271429 1488.65 178.767 3333.33
0.000271958 1491.45 176.941 3333.33
0.000272487 1493.84 175.182 3333.33
0.000273016 1495.81 173.522 3333.33
0.000273545 1497.32 171.995 3333.33
0.000274074 1498.38 170.637 3333.33
0.000274603 1498.96 169.491 3333.33
0.000275132 1499.04 168.598 3333.33
0.000275661 1498.62 167.995 3333.33
0.00027619 1497.67 167.714 3333.33
0.00027672 1496.19 167.781 3333.33
0.000277249 1494.16 168.217 3333.33
0.000277778 1491.57 169.041 3333.33
0.000278307 1488.4 170.271 3333.33
0.000278836 1484.66 171.922 3333.33
0.000279365 1480.34 174.002 3333.33
0.000279894 1475.44 176.508 3333.33
0.000280423 1469.94 179.423 3333.33
0.000280952 1463.86 182.724 3333.33
0.000281481 1457.18 186.378 3333.33
0.000282011 1449.91 190.349 3333.33
0.00028254 1442.06 194.596 3333.33
0.000283069 1433.63 199.071 3333.33
0.000283598 1424.65 203.714 3333.33
0.000284127 1415.12 208.454 3333.33
0.000284656 1405.06 213.211 3333.33
0.000285185 1394.48 217.895 3333.33
0.000285714 1383.4 222.418 3333.33
0.000286243 1371.86 226.691 3333.33
0.000286772 1359.87 230.626 3333.33
0.000287302 1347.47 234.13 3333.33
0.000287831 1334.7 237.108 3333.33
0.00028836 1321.6 239.463 3333.33
0.000288889 1308.19 241.1 3333.33
0.000289418 1294.53 241.931 3333.33
0.000289947 1280.66 241.882 3333.33
0.000290476 1266.63 240.89 3333.33
0.000291005 1252.51 238.908 3333.33
0.000291534 1238.36 235.895 3333.33
0.000292063 1224.23 231.824 3333.33
0.000292593 1210.19 226.679 3333.33
0.000293122 1196.31 220.463 3333.33
0.000293651 1182.66 213.203 3333.33
0.00029418 1169.33 204.954 3333.33
0.000294709 1156.38 195.791 3333.33
0.000295238 1143.93 185.812 3333.33
0.000295767 1132.04 175.13 3333.33
0.000296296 1120.81 163.874 3333.33
0.000296825 1110.34 152.195 3333.33
0.000297354 1100.71 140.264 3333.33
0.000297884 1092.04 128.277 3333.33
0.000298413 1084.43 116.451 3333.33
0.000298942 1077.99 105.014 3333.33
0.000299471 1072.83 94.2016 3333.33
0.0003 1069.06 84.2514 3333.33
0.000300529 1066.8 75.4003 3333.33
0.000301058 1066.16 67.8868 3333.33
0.000301587 1067.25 61.9495 3333.33
0.000302116 1070.2 57.8234 3333.33
0.000302646 1075.13 55.7318 3333.33
0.000303175 1082.17 55.8755 3333.33
0.000303704 1091.44 58.4256 3333.33
0.000304233 1103.05 63.5188 3333.33
0.000304762 1117.13 71.2576 3333.33
0.000305291 1133.79 81.7104 3333.33
0.00030582 1153.14 94.9099 3333.33
0.000306349 1175.32 110.847 3333.33
0.000306878 1200.44 129.463 3333.33
0.000307407 1228.62 150.64 3333.33
0.000307937 1259.95 174.201 3333.33
0.000308466 1294.54 199.91 3333.33
0.000308995 1332.48 227.479 3333.33
0.000309524 1373.87 256.571 3333.33
0.000310053 1418.8 286.804 3333.33
0.000310582 1467.35 317.746 3333.33
0.000311111 1519.61 348.919 3333.33
0.00031164 1575.62 379.792 3333.33
0.000312169 1635.46 409.796 3333.33
0.000312698 1699.16 438.336 3333.33
0.000313228 1766.75 464.802 3333.33
0.000313757 1838.26 488.582 3333.33
0.000314286 1913.72 509.072 3333.33
0.000314815 1993.12 525.675 3333.33
0.000315344 2076.45 537.812 3333.33
0.000315873 2163.68 544.93 3333.33
0.000316402 2254.76 546.522 3333.33
0.000316931 2349.63 542.145 3333.33
0.00031746 2448.21 531.44 3333.33
0.000317989 2550.42 514.136 3333.33
0.000318519 2656.13 490.065 3333.33
0.000319048 2765.22 459.158 3333.33
0.000319577 2877.54 421.454 3333.33
0.000320106 2992.9 377.114 3333.33
0.000320635 3111.09 326.429 3333.33
0.000321164 3231.9 269.84 3333.33
0.000321693 3355.09 207.936 3333.33
0.000322222 3480.39 141.454 3333.33
0.000322751 3607.5 71.2672 3333.33
0.00032328 3736.12 -1.6255 3333.33
0.00032381 3865.89 -76.106 3333.33
0.000324339 3996.44 -150.94 3333.33
0.000324868 4127.35 -224.779 3333.33
0.000325397 4258.21 -296.173 3333.33
0.000325926 4388.57 -363.591 3333.33
0.000326455 4517.97 -425.448 3333.33
0.000326984 4645.89 -480.14 3333.33
0.000327513 4771.8 -526.073 3333.33
0.000328042 4895.15 -561.685 3333.33
0.000328571 5015.33 -585.465 3333.33
0.000329101 5131.75 -595.974 3333.33
0.00032963 5243.78 -591.876 3333.33
0.000330159 5350.78 -571.979 3333.33
0.000330688 5452.09 -535.277 3333.33
0.000331217 5547.02 -480.987 3333.33
0.000331746 5634.84 -408.58 3333.33
0.000332275 5714.85 -317.795 3333.33
0.000332804 5786.29 -208.652 3333.33
0.000333333 5848.45 -81.4677 3333.33
0.000333862 5900.59 63.1231 3333.33
0.000334392 5941.97 224.14 3333.33
0.000334921 5971.85 400.235 3333.33
0.00033545 5989.5 589.692 3333.33
0.000335979 5994.19 790.434 3333.33
0.000336508 5985.18 1000.06 3333.33
0.000337037 5961.82 1215.85 3333.33
0.000337566 5923.44 1434.84 3333.33
0.000338095 5869.44 1653.78 3333.33
0.000338624 5799.24 1869.21 3333.33
0.000339153 5712.31 2077.43 3333.33
0.000339683 5608.15 2274.63 3333.33
0.000340212 5486.32 2456.94 3333.33
0.000340741 5346.46 2620.49 3333.33
0.00034127 5188.32 2761.53 3333.33
0.000341799 5011.72 2876.48 3333.33
0.000342328 4816.57 2961.98 3333.33
0.000342857 4602.9 3014.93 3333.33
0.000343386 4370.8 3032.61 3333.33
0.000343915 4120.48 3012.76 3333.33
0.000344444 3852.32 2953.69 3333.33
0.000344974 3566.83 2854.4 3333.33
0.000345503 3264.71 2714.62 3333.33
0.000346032 2946.83 2534.87 3333.33
0.000346561 2614.21 2316.45 3333.33
0.00034709 2268.03 2061.46 3333.33
0.000347619 1909.63 1772.87 3333.33
0.000348148 1540.59 1454.63 3333.33
0.000348677 1162.78 1111.71 3333.33
0.000349206 778.383 750.191 3333.33
0.000349735 389.888 377.068 3333.33
0.000350265 0 0 0
0.000350794 0 0 0
0.000351323 0 0 0
0.000351852 0 0 0
0.000352381 0 0 0
0.00035291 0 0 0
0.000353439 0 0 0
0.000353968 0 0 0
0.000354497 0 0 0
0.000355026 0 0 0
0.000355556 0 0 0
0.000356085 0 0 0
0.000356614 0 0 0
0.000357143 0 0 0
0.000357672 0 0 0
0.000358201 0 0 0
0.00035873 0 0 0
0.000359259 0 0 0
0.000359788 0 0 0
0.000360317 0 0 0
0.000360847 0 0 0
0.000361376 0 0 0
0.000361905 0 0 0
0.000362434 0 0 0
0.000362963 0 0 0
0.000363492 0 0 0
0.000364021 0 0 0
0.00036455 0 0 0
0.000365079 0 0 0
0.000365608 0 0 0
0.000366138 0 0 0
0.000366667 0 0 0
0.000367196 0 0 0
0.000367725 0 0 0
0.000368254 0 0 0
0.000368783 0 0 0
0.000369312 0 0 0
0.000369841 0 0 0
0.00037037 0 0 0
0.000370899 0 0 0
0.000371429 0 0 0
0.000371958 0 0 0
0.000372487 0 0 0
0.000373016 0 0 0
0.000373545 0 0 0
0.000374074 0 0 0
0.000374603 0 0 0
0.000375132 0 0 0
0.000375661 0 0 0
0.00037619 0 0 0
0.00037672 0 0 0
0.000377249 0 0 0
0.000377778 0 0 0
0.000378307 0 0 0
0.000378836 0 0 0
0.000379365 0 0 0
0.000379894 0 0 0
0.000380423 0 0 0
0.000380952 0 0 0
0.000381481 0 0 0
0.000382011 0 0 0
0.00038254 0 0 0
0.000383069 0 0 0
0.000383598 0 0 0
0.000384127 0 0 0
0.000384656 0 0 0
0.000385185 0 0 0
0.000385714 0 0 0
0.000386243 0 0 0
0.000386772 0 0 0
0.000387302 0 0 0
0.000387831 0 0 0
0.00038836 0 0 0
0.000388889 0 0 0
0.000389418 0 0 0
0.000389947 0 0 0
0.000390476 0 0 0
0.000391005 0 0 0
0.000391534 0 0 0
0.000392063 0 0 0
0.000392593 0 0 0
0.000393122 0 0 0
0.000393651 0 0 0
0.00039418 0 0 0
0.000394709 0 0 0
0.000395238 0 0 0
0.000395767 0 0 0
0.000396296 0 0 0
0.000396825 0 0 0
0.000397354 0 0 0
0.000397884 0 0 0
0.000398413 0 0 0
0.000398942 0 0 0
0.000399471 0 0 0
0.0004 0 0 0
