0 -9319.37 -8650.64 0
3e-07 -9370.07 -8675.7 0
6e-07 -9420.99 -8700.41 0
9e-07 -9472.23 -8725.05 0
1.2e-06 -9523.9 -8749.91 0
1.5e-06 -9576.06 -8775.19 0
1.8e-06 -9628.75 -8801.01 0
2.1e-06 -9681.94 -8827.35 0
2.4e-06 -9735.54 -8854.03 0
2.7e-06 -9789.43 -8880.81 0
3e-06 -9843.47 -8907.38 0
3.3e-06 -9897.52 -8933.47 0
3.6e-06 -9951.49 -8958.88 0
3.9e-06 -10005.3 -8983.57 0
4.2e-06 -10059 -9007.62 0
4.5e-06 -10112.7 -9031.24 0
4.8e-06 -10166.4 -9054.72 0
5.1e-06 -10220.2 -9078.34 0
5.4e-06 -10274.3 -9102.37 0
5.7e-06 -10328.6 -9126.92 0
6e-06 -10383 -9152 0
6.3e-06 -10437.6 -9177.46 0
6.6e-06 -10492.2 -9203.05 0
6.9e-06 -10546.6 -9228.46 0
7.2e-06 -10600.7 -9253.41 0
7.5e-06 -10654.3 -9277.71 0
7.8e-06 -10707.4 -9301.29 0
8.1e-06 -10760 -9324.23 0
8.4e-06 -10812.2 -9346.74 0
8.7e-06 -10863.9 -9369.13 0
9e-06 -10915.4 -9391.7 0
9.3e-06 -10966.7 -9414.75 0
9.6e-06 -11017.8 -9438.43 0
9.9e-06 -11068.7 -9462.76 0
1.02e-05 -11119.2 -9487.62 0
1.05e-05 -11169.3 -9512.77 0
1.08e-05 -11218.8 -9537.92 0
1.11e-05 -11267.5 -9562.77 0
1.14e-05 -11315.2 -9587.13 0
1.17e-05 -11362 -9610.91 0
1.2e-05 -11407.7 -9634.21 0
1.23e-05 -11452.5 -9657.23 0
1.26e-05 -11496.3 -9680.29 0
1.29e-05 -11539.4 -9703.76 0
1.32e-05 -11581.7 -9727.92 0
1.35e-05 -11623.3 -9752.99 0
1.38e-05 -11664.1 -9779.01 0
1.41e-05 -11704.1 -9805.9 0
1.44e-05 -11743.2 -9833.43 0
1.47e-05 -11781 -9861.31 0
1.5e-05 -11817.5 -9889.24 0
1.53e-05 -11852.5 -9917.03 0
1.56e-05 -11886 -9944.58 0
1.59e-05 -11917.8 -9971.98 0
1.62e-05 -11948.1 -9999.46 0
1.65e-05 -11976.8 -10027.4 0
1.68e-05 -12004.1 -10056 0
1.71e-05 -12030.1 -10085.8 0
1.74e-05 -12054.9 -10117 0
1.77e-05 -12078.3 -10149.7 0
1.8e-05 -12100.2 -10183.7 0
1.83e-05 -12120.7 -10218.9 0
1.86e-05 -12139.4 -10255 0
1.89e-05 -12156.1 -10291.7 0
1.92e-05 -12170.9 -10328.8 0
1.95e-05 -12183.4 -10366.1 0
1.98e-05 -12193.7 -10403.8 0
2.01e-05 -12201.9 -10442.2 0
2.04e-05 -12207.9 -10481.4 0
2.07e-05 -12212 -10522 0
2.1e-05 -12214.2 -10564.3 0
2.13e-05 -12214.5 -10608.6 0
2.16e-05 -12213.1 -10654.9 0
2.19e-05 -12209.6 -10703.3 0
2.22e-05 -12204.2 -10753.5 0
2.25e-05 -12196.5 -10805.3 0
2.28e-05 -12186.4 -10858.3 0
2.31e-05 -12173.7 -10912.3 0
2.34e-05 -12158.4 -10967.2 0
2.37e-05 -12140.4 -11023 0
2.4e-05 -12119.7 -11079.9 0
2.43e-05 -12096.5 -11138.3 0
2.46e-05 -12070.9 -11198.6 0
2.49e-05 -12043.1 -11261.1 0
2.52e-05 -12013 -11326.2 0
2.55e-05 -11980.7 -11393.9 0
2.58e-05 -11946.2 -11464.3 0
2.61e-05 -11909.4 -11537.1 0
2.64e-05 -11870 -11612 0
2.67e-05 -11828 -11688.6 0
2.7e-05 -11783.2 -11766.6 0
2.73e-05 -11735.5 -11845.9 0
2.76e-05 -11685 -11926.5 0
2.79e-05 -11631.6 -12008.5 0
2.82e-05 -11575.6 -12092.3 0
2.85e-05 -11517.1 -12178.3 0
2.88e-05 -11456.2 -12266.7 0
2.91e-05 -11393.1 -12357.9 0
2.94e-05 -11327.8 -12452.1 0
2.97e-05 -11260.4 -12549 0
3e-05 -11190.7 -12648.5 0
3.03e-05 -11118.7 -12750.1 0
3.06e-05 -11044.3 -12853.5 0
3.09e-05 -10967.2 -12958.4 0
3.12e-05 -10887.6 -13064.3 0
3.15e-05 -10805.3 -13171.3 0
3.18e-05 -10720.6 -13279.5 0
3.21e-05 -10633.6 -13389.1 0
3.24e-05 -10544.4 -13500.4 0
3.27e-05 -10453.5 -13613.8 0
3.3e-05 -10360.8 -13729.4 0
3.33e-05 -10266.6 -13847.4 0
3.36e-05 -10170.9 -13967.7 0
3.39e-05 -10073.8 -14089.8 0
3.42e-05 -9975.05 -14213.4 0
3.45e-05 -9874.69 -14338 0
3.48e-05 -9772.64 -14462.9 0
3.51e-05 -9668.91 -14588 0
3.54e-05 -9563.56 -14712.9 0
3.57e-05 -9456.78 -14837.8 0
3.6e-05 -9348.79 -14962.7 0
3.63e-05 -9239.9 -15087.9 0
3.66e-05 -9130.39 -15213.6 0
3.69e-05 -9020.55 -15340.1 0
3.72e-05 -8910.58 -15467.4 0
3.75e-05 -8800.62 -15595.2 0
3.78e-05 -8690.73 -15723.2 0
3.81e-05 -8580.91 -15850.7 0
3.84e-05 -8471.17 -15977.2 0
3.87e-05 -8361.49 -16102.1 0
3.9e-05 -8251.94 -16224.9 0
3.93e-05 -8142.67 -16345.2 0
3.96e-05 -8033.91 -16463 0
3.99e-05 -7925.97 -16578.3 0
4.02e-05 -7819.24 -16691.3 0
4.05e-05 -7714.1 -16802.3 0
4.08e-05 -7610.92 -16911.4 0
4.11e-05 -7510 -17018.4 0
4.14e-05 -7411.56 -17123.3 0
4.17e-05 -7315.76 -17225.4 0
4.2e-05 -7222.67 -17324.2 0
4.23e-05 -7132.36 -17419 0
4.26e-05 -7044.9 -17509.1 0
4.29e-05 -6960.42 -17593.9 0
4.32e-05 -6879.13 -17673 0
4.35e-05 -6801.35 -17746.2 0
4.38e-05 -6727.46 -17813.6 0
4.41e-05 -6657.94 -17875.4 0
4.44e-05 -6593.25 -17931.7 0
4.47e-05 -6533.87 -17982.7 0
4.5e-05 -6480.2 -18028.4 0
4.53e-05 -6432.54 -18068.5 0
4.56e-05 -6391.14 -18102.7 0
4.59e-05 -6356.16 -18130.3 0
4.62e-05 -6327.71 -18150.5 0
4.65e-05 -6305.95 -18162.7 0
4.68e-05 -6291.05 -18166.3 0
4.71e-05 -6283.29 -18161 0
4.74e-05 -6283.05 -18146.5 0
4.77e-05 -6290.79 -18123.1 0
4.8e-05 -6307.06 -18090.9 0
4.83e-05 -6332.41 -18050.2 0
4.86e-05 -6367.4 -18001.5 0
4.89e-05 -6412.5 -17944.8 0
4.92e-05 -6468.11 -17880.1 0
4.95e-05 -6534.53 -17807 0
4.98e-05 -6611.98 -17725.1 0
5.01e-05 -6700.63 -17633.8 0
5.04e-05 -6800.66 -17532.6 0
5.07e-05 -6912.29 -17421 0
5.1e-05 -7035.83 -17298.9 0
5.13e-05 -7171.69 -17166.2 0
5.16e-05 -7320.37 -17023.4 0
5.19e-05 -7482.47 -16871 0
5.22e-05 -7658.59 -16709.5 0
5.25e-05 -7849.34 -16539.6 0
5.28e-05 -8055.24 -16361.8 0
5.31e-05 -8276.72 -16176.4 0
5.34e-05 -8514.12 -15983.4 0
5.37e-05 -8767.66 -15782.6 0
5.4e-05 -9037.52 -15573.9 0
5.43e-05 -9323.87 -15357 0
5.46e-05 -9626.91 -15131.8 0
5.49e-05 -9946.93 -14898.4 0
5.52e-05 -10284.3 -14657.4 0
5.55e-05 -10639.6 -14409.4 0
5.58e-05 -11013.2 -14155.4 0
5.61e-05 -11405.9 -13896.6 0
5.64e-05 -11818.3 -13634.1 0
5.67e-05 -12250.7 -13368.8 0
5.7e-05 -12703.7 -13101.6 0
5.73e-05 -13177.5 -12833.2 0
5.76e-05 -13672.4 -12563.7 0
5.79e-05 -14188.3 -12293.5 0
5.82e-05 -14725.3 -12022.9 0
5.85e-05 -15283.7 -11752.2 0
5.88e-05 -15863.5 -11482 0
5.91e-05 -16465 -11213.4 0
5.94e-05 -17088.7 -10947.5 0
5.97e-05 -17734.9 -10686.1 0
6e-05 -18404.2 -10430.8 0
6.03e-05 -19097.1 -10183.3 0
6.06e-05 -19813.9 -9945.4 0
6.09e-05 -20555 -9718.38 0
6.12e-05 -21320.5 -9503.44 0
6.15e-05 -22110.3 -9301.52 0
6.18e-05 -22924.5 -9113.39 0
6.21e-05 -23762.8 -8939.79 0
6.24e-05 -24625.2 -8781.61 0
6.27e-05 -25511.5 -8639.97 0
6.3e-05 -26421.9 -8516.32 0
6.33e-05 -27356.5 -8412.45 0
6.36e-05 -28315.6 -8330.46 0
6.39e-05 -29299.3 -8272.61 0
6.42e-05 -30308 -8241.17 0
6.45e-05 -31341.8 -8238.31 0
6.48e-05 -32400.8 -8265.93 0
6.51e-05 -33484.8 -8325.63 0
6.54e-05 -34593.4 -8418.7 0
6.57e-05 -35726.3 -8546.23 0
6.6e-05 -36883 -8709.23 0
6.63e-05 -38063 -8908.77 0
6.66e-05 -39265.8 -9146.17 0
6.69e-05 -40491.2 -9423.04 0
6.72e-05 -41738.8 -9741.35 0
6.75e-05 -43008.6 -10103.3 0
6.78e-05 -44300.5 -10511.4 0
6.81e-05 -45614.2 -10967.9 0
6.84e-05 -46949.6 -11475.2 0
6.87e-05 -48306.2 -12035.1 0
6.9e-05 -49683.6 -12649.1 0
6.93e-05 -51080.9 -13318.5 0
6.96e-05 -52497.1 -14043.9 0
6.99e-05 -53931.4 -14826.1 0
7.02e-05 -55382.6 -15665.7 0
7.05e-05 -56849.7 -16563.5 0
7.08e-05 -58331.9 -17520.6 0
7.11e-05 -59828.5 -18538.3 0
7.14e-05 -61338.6 -19618.4 0
7.17e-05 -62861.6 -20762.6 0
7.2e-05 -64396.9 -21972.7 0
7.23e-05 -65943.7 -23250.1 0
7.26e-05 -67501 -24595.9 0
7.29e-05 -69067.6 -26010.8 0
7.32e-05 -70642.2 -27494.7 0
7.35e-05 -72223.1 -29047.2 0
7.38e-05 -73808.7 -30667.7 0
7.41e-05 -75397.2 -32355.3 0
7.44e-05 -76986.9 -34109.3 0
7.47e-05 -78576.2 -35929.3 0
7.5e-05 -80163.6 -37815 0
7.53e-05 -81747.7 -39766.3 0
7.56e-05 -83327.3 -41783.5 0
7.59e-05 -84900.9 -43866.5 0
7.62e-05 -86467.2 -46015 0
7.65e-05 -88024.4 -48228.1 0
7.68e-05 -89570.7 -50504.3 0
7.71e-05 -91104 -52841.5 0
7.74e-05 -92621.9 -55236.8 0
7.77e-05 -94121.8 -57687.2 0
7.8e-05 -95601.3 -60189.2 0
7.83e-05 -97057.8 -62739.3 0
7.86e-05 -98488.9 -65334.4 0
7.89e-05 -99892.3 -67971.5 0
7.92e-05 -101266 -70647.9 0
7.95e-05 -102608 -73361 0
7.98e-05 -103916 -76107.9 0
8.01e-05 -105188 -78885.6 0
8.04e-05 -106422 -81690.3 0
8.07e-05 -107616 -84517.5 0
8.1e-05 -108765 -87362 0
8.13e-05 -109868 -90217.6 0
8.16e-05 -110920 -93077.8 0
8.19e-05 -111920 -95935.6 0
8.22e-05 -112862 -98784.3 0
8.25e-05 -113745 -101617 0
8.28e-05 -114565 -104428 0
8.31e-05 -115319 -107210 0
8.34e-05 -116006 -109959 0
8.37e-05 -116622 -112668 0
8.4e-05 -117166 -115331 0
8.43e-05 -117633 -117941 0
8.46e-05 -118022 -120490 0
8.49e-05 -118328 -122971 0
8.52e-05 -118549 -125374 0
8.55e-05 -118680 -127688 0
8.58e-05 -118718 -129904 0
8.61e-05 -118659 -132012 0
8.64e-05 -118499 -134002 0
8.67e-05 -118237 -135865 0
8.7e-05 -117867 -137592 0
8.73e-05 -117389 -139176 0
8.76e-05 -116800 -140609 0
8.79e-05 -116097 -141882 0
8.82e-05 -115277 -142989 0
8.85e-05 -114339 -143918 0
8.88e-05 -113279 -144662 0
8.91e-05 -112093 -145207 0
8.94e-05 -110779 -145545 0
8.97e-05 -109331 -145661 0
9e-05 -107748 -145547 0
9.03e-05 -106027 -145191 0
9.06e-05 -104164 -144585 0
9.09e-05 -102158 -143721 0
9.12e-05 -100008 -142591 0
9.15e-05 -97712.7 -141191 0
9.18e-05 -95271 -139514 0
9.21e-05 -92682 -137555 0
9.24e-05 -89944.5 -135306 0
9.27e-05 -87057.2 -132762 0
9.3e-05 -84018 -129913 0
9.33e-05 -80825.1 -126751 0
9.36e-05 -77476.5 -123268 0
9.39e-05 -73970.6 -119457 0
9.42e-05 -70306.7 -115312 0
9.45e-05 -66484.7 -110829 0
9.48e-05 -62505.7 -106008 0
9.51e-05 -58371.8 -100850 0
9.54e-05 -54085.7 -95358 0
9.57e-05 -49650.7 -89537.5 0
9.6e-05 -45070.1 -83392.9 0
9.63e-05 -40346.8 -76928.5 0
9.66e-05 -35483.3 -70147.4 0
9.69e-05 -30481.7 -63051.4 0
9.72e-05 -25343.3 -55641.9 0
9.75e-05 -20070.1 -47920.6 0
9.78e-05 -14664.4 -39891.3 0
9.81e-05 -9130.56 -31562 0
9.84e-05 -3475.01 -22946.8 0
9.87e-05 2292.51 -14067.6 0
9.9e-05 8158.69 -4955.03 0
9.93e-05 14106.5 4350.91 0
9.96e-05 20115.6 13801.9 0
9.99e-05 26162.8 23342.6 0
0.0001002 32223 32913.6 10010
0.0001005 32290.3 32954.8 10010
0.0001008 32358 32995.8 10010
0.0001011 32426 33036.9 10010
0.0001014 32494.6 33078.3 10010
0.0001017 32563.5 33120 10010
0.000102 32633 33162.1 10010
0.0001023 32702.9 33204.6 10010
0.0001026 32773.1 33247.2 10010
0.0001029 32843.5 33289.7 10010
0.0001032 32914.1 33332 10010
0.0001035 32984.7 33373.9 10010
0.0001038 33055.4 33415.2 10010
0.0001041 33126 33456.1 10010
0.0001044 33196.5 33496.6 10010
0.0001047 33267.2 33537 10010
0.000105 33337.9 33577.4 10010
0.0001053 33408.8 33617.9 10010
0.0001056 33479.9 33658.9 10010
0.0001059 33551.2 33700.2 10010
0.0001062 33622.5 33741.9 10010
0.0001065 33693.9 33783.7 10010
0.0001068 33765.3 33825.6 10010
0.0001071 33836.4 33867.2 10010
0.0001074 33907.2 33908.4 10010
0.0001077 33977.6 33949.1 10010
0.000108 34047.6 33989.3 10010
0.0001083 34117.2 34029.2 10010
0.0001086 34186.5 34069 10010
0.0001089 34255.4 34108.8 10010
0.0001092 34324.1 34148.9 10010
0.0001095 34392.6 34189.5 10010
0.0001098 34460.8 34230.6 10010
0.0001101 34528.7 34272.1 10010
0.0001104 34596.2 34314 10010
0.0001107 34663.1 34356 10010
0.000111 34729.4 34398 10010
0.0001113 34794.9 34439.7 10010
0.0001116 34859.6 34481.1 10010
0.0001119 34923.3 34522.2 10010
0.0001122 34986.1 34563.2 10010
0.0001125 35048 34604.1 10010
0.0001128 35109.1 34645.4 10010
0.0001131 35169.5 34687.1 10010
0.0001134 35229 34729.6 10010
0.0001137 35287.8 34772.9 10010
0.000114 35345.8 34817 10010
0.0001143 35402.8 34861.7 10010
0.0001146 35458.8 34907 10010
0.0001149 35513.5 34952.5 10010
0.0001152 35566.9 34998.2 10010
0.0001155 35618.8 35043.9 10010
0.0001158 35669.2 35089.6 10010
0.0001161 35718.2 35135.5 10010
0.0001164 35765.6 35181.8 10010
0.0001167 35811.7 35228.8 10010
0.000117 35856.4 35276.8 10010
0.0001173 35899.7 35326 10010
0.0001176 35941.7 35376.4 10010
0.0001179 35982.3 35428.2 10010
0.0001182 36021.4 35481.1 10010
0.0001185 36058.8 35535.1 10010
0.0001188 36094.5 35589.9 10010
0.0001191 36128.2 35645.4 10010
0.0001194 36159.9 35701.4 10010
0.0001197 36189.5 35758 10010
0.00012 36217 35815.3 10010
0.0001203 36242.5 35873.6 10010
0.0001206 36266 35933.1 10010
0.0001209 36287.5 35994.2 10010
0.0001212 36307.2 36057 10010
0.0001215 36325 36121.7 10010
0.0001218 36340.9 36188.4 10010
0.0001221 36354.8 36257 10010
0.0001224 36366.5 36327.2 10010
0.0001227 36375.9 36398.8 10010
0.000123 36383 36471.8 10010
0.0001233 36387.5 36545.9 10010
0.0001236 36389.5 36621.1 10010
0.0001239 36388.9 36697.6 10010
0.0001242 36385.8 36775.6 10010
0.0001245 36380.4 36855.5 10010
0.0001248 36372.6 36937.4 10010
0.0001251 36362.5 37021.6 10010
0.0001254 36350.3 37108.4 10010
0.0001257 36335.8 37197.7 10010
0.000126 36319 37289.4 10010
0.0001263 36299.8 37383.2 10010
0.0001266 36278 37479.1 10010
0.0001269 36253.6 37576.7 10010
0.0001272 36226.5 37675.8 10010
0.0001275 36196.6 37776.5 10010
0.0001278 36164.1 37878.7 10010
0.0001281 36128.9 37982.8 10010
0.0001284 36091.2 38088.9 10010
0.0001287 36051.1 38197.4 10010
0.000129 36008.8 38308.5 10010
0.0001293 35964.2 38422.3 10010
0.0001296 35917.5 38538.7 10010
0.0001299 35868.6 38657.7 10010
0.0001302 35817.4 38779.1 10010
0.0001305 35763.9 38902.3 10010
0.0001308 35708 39027.3 10010
0.0001311 35649.5 39153.7 10010
0.0001314 35588.7 39281.5 10010
0.0001317 35525.4 39410.5 10010
0.000132 35459.9 39541.1 10010
0.0001323 35392.3 39673.3 10010
0.0001326 35322.9 39807.4 10010
0.0001329 35251.7 39943.6 10010
0.0001332 35178.9 40082 10010
0.0001335 35104.6 40222.5 10010
0.0001338 35028.8 40364.8 10010
0.0001341 34951.6 40508.8 10010
0.0001344 34872.8 40653.8 10010
0.0001347 34792.5 40799.6 10010
0.000135 34710.7 40945.8 10010
0.0001353 34627.3 41092.2 10010
0.0001356 34542.7 41238.6 10010
0.0001359 34456.9 41385.2 10010
0.0001362 34370.2 41532 10010
0.0001365 34282.8 41679.3 10010
0.0001368 34195.1 41827.1 10010
0.0001371 34107.1 41975.5 10010
0.0001374 34019.2 42124.3 10010
0.0001377 33931.3 42273.2 10010
0.000138 33843.6 42421.7 10010
0.0001383 33756 42569.5 10010
0.0001386 33668.6 42715.9 10010
0.0001389 33581.5 42860.5 10010
0.0001392 33494.9 43003 10010
0.0001395 33408.8 43143.2 10010
0.0001398 33323.6 43280.9 10010
0.0001401 33239.6 43416.4 10010
0.0001404 33157.2 43549.7 10010
0.0001407 33076.7 43680.8 10010
0.000141 32998.3 43809.8 10010
0.0001413 32922.4 43936.4 10010
0.0001416 32849.1 44060.2 10010
0.0001419 32778.6 44180.9 10010
0.0001422 32711 44297.6 10010
0.0001425 32646.3 44410 10010
0.0001428 32584.8 44517.4 10010
0.0001431 32526.6 44619.4 10010
0.0001434 32471.9 44715.8 10010
0.0001437 32421.3 44806.5 10010
0.000144 32375 44891.5 10010
0.0001443 32333.5 44971 10010
0.0001446 32297.2 45044.9 10010
0.0001449 32266.5 45113.3 10010
0.0001452 32241.8 45176.1 10010
0.0001455 32223.4 45232.7 10010
0.0001458 32211.3 45282.9 10010
0.0001461 32205.9 45325.9 10010
0.0001464 32207.3 45361.2 10010
0.0001467 32215.7 45388.2 10010
0.000147 32231.4 45406.6 10010
0.0001473 32254.7 45416.2 10010
0.0001476 32286 45416.8 10010
0.0001479 32325.9 45408.8 10010
0.0001482 32374.8 45392.1 10010
0.0001485 32433.2 45367.2 10010
0.0001488 32501.7 45334.1 10010
0.0001491 32580.5 45292.8 10010
0.0001494 32670.2 45243.1 10010
0.0001497 32770.9 45184.6 10010
0.00015 32882.9 45116.9 10010
0.0001503 33006.4 45039.6 10010
0.0001506 33141.6 44952.3 10010
0.0001509 33288.8 44854.7 10010
0.0001512 33448.5 44746.9 10010
0.0001515 33621 44629.1 10010
0.0001518 33807 44501.7 10010
0.0001521 34006.9 44365.1 10010
0.0001524 34221.4 44220 10010
0.0001527 34450.9 44066.7 10010
0.000153 34695.9 43905.5 10010
0.0001533 34956.8 43736.8 10010
0.0001536 35233.8 43560.3 10010
0.0001539 35527.2 43376 10010
0.0001542 35837.3 43183.9 10010
0.0001545 36164.1 42983.8 10010
0.0001548 36508.1 42775.9 10010
0.0001551 36869.5 42560.5 10010
0.0001554 37248.8 42338.4 10010
0.0001557 37646.6 42110.4 10010
0.000156 38063.4 41877.4 10010
0.0001563 38499.7 41640.5 10010
0.0001566 38956 41400.7 10010
0.0001569 39432.8 41158.8 10010
0.0001572 39930.4 40915.4 10010
0.0001575 40448.9 40671.1 10010
0.0001578 40988.6 40426.3 10010
0.0001581 41549.7 40181.3 10010
0.0001584 42132.1 39936.6 10010
0.0001587 42736.1 39692.8 10010
0.000159 43362 39450.8 10010
0.0001593 44010 39211.8 10010
0.0001596 44680.7 38977.3 10010
0.0001599 45374.4 38748.8 10010
0.0001602 46091.6 38528 10010
0.0001605 46832.7 38316.4 10010
0.0001608 47598 38115.6 10010
0.0001611 48387.6 37926.8 10010
0.0001614 49201.6 37750.9 10010
0.0001617 50039.9 37589.1 10010
0.000162 50902.6 37442.1 10010
0.0001623 51789.5 37310.8 10010
0.0001626 52700.6 37196.5 10010
0.0001629 53635.8 37100.5 10010
0.0001632 54595.4 37024.5 10010
0.0001635 55579.4 36970.5 10010
0.0001638 56588.2 36940.5 10010
0.0001641 57621.8 36936.8 10010
0.0001644 58680.5 36961.4 10010
0.0001647 59764.3 37016.2 10010
0.000165 60873.1 37103.1 10010
0.0001653 62006.6 37223.3 10010
0.0001656 63164.5 37378.1 10010
0.0001659 64346.3 37568.7 10010
0.0001662 65551.6 37796.3 10010
0.0001665 66780 38062.1 10010
0.0001668 68031.1 38367.7 10010
0.0001671 69304.6 38715 10010
0.0001674 70600.4 39106.1 10010
0.0001677 71918.3 39543.2 10010
0.000168 73258.1 40028.7 10010
0.0001683 74619.5 40564.6 10010
0.0001686 76002.2 41152.9 10010
0.0001689 77405.6 41795.3 10010
0.0001692 78828.9 42493 10010
0.0001695 80271.5 43247 10010
0.0001698 81732.2 44058 10010
0.0001701 83210.1 44926.8 10010
0.0001704 84704.3 45854.2 10010
0.0001707 86213.8 46841.4 10010
0.000171 87737.8 47889.4 10010
0.0001713 89275.6 49000 10010
0.0001716 90826.4 50174.7 10010
0.0001719 92389.6 51415 10010
0.0001722 93964.2 52722.5 10010
0.0001725 95549.4 54098.3 10010
0.0001728 97144.1 55542.9 10010
0.0001731 98746.8 57056.6 10010
0.0001734 100356 58639 10010
0.0001737 101970 60289.8 10010
0.000174 103588 62008.1 10010
0.0001743 105207 63793.3 10010
0.0001746 106826 65644.9 10010
0.0001749 108443 67562.4 10010
0.0001752 110058 69545.9 10010
0.0001755 111668 71595.2 10010
0.0001758 113272 73710.2 10010
0.0001761 114869 75890.4 10010
0.0001764 116457 78135.1 10010
0.0001767 118034 80442.8 10010
0.000177 119598 82811.5 10010
0.0001773 121148 85238.6 10010
0.0001776 122680 87721 10010
0.0001779 124191 90255.4 10010
0.0001782 125681 92838.5 10010
0.0001785 127145 95467.1 10010
0.0001788 128582 98138 10010
0.0001791 129989 100848 10010
0.0001794 131366 103596 10010
0.0001797 132708 106376 10010
0.00018 134015 109188 10010
0.0001803 135284 112026 10010
0.0001806 136512 114887 10010
0.0001809 137697 117765 10010
0.0001812 138836 120654 10010
0.0001815 139924 123549 10010
0.0001818 140960 126441 10010
0.0001821 141940 129325 10010
0.0001824 142861 132193 10010
0.0001827 143719 135040 10010
0.000183 144513 137858 10010
0.0001833 145238 140643 10010
0.0001836 145894 143388 10010
0.0001839 146477 146087 10010
0.0001842 146985 148733 10010
0.0001845 147414 151319 10010
0.0001848 147761 153835 10010
0.0001851 148023 156274 10010
0.0001854 148196 158624 10010
0.0001857 148276 160877 10010
0.000186 148261 163022 10010
0.0001863 148145 165050 10010
0.0001866 147926 166951 10010
0.0001869 147602 168717 10010
0.0001872 147169 170339 10010
0.0001875 146625 171811 10010
0.0001878 145968 173123 10010
0.0001881 145196 174267 10010
0.0001884 144304 175235 10010
0.0001887 143291 176016 10010
0.000189 142153 176600 10010
0.0001893 140887 176976 10010
0.0001896 139489 177131 10010
0.0001899 137956 177057 10010
0.0001902 136285 176741 10010
0.0001905 134473 176175 10010
0.0001908 132519 175351 10010
0.0001911 130422 174262 10010
0.0001914 128179 172903 10010
0.0001917 125790 171266 10010
0.000192 123255 169347 10010
0.0001923 120571 167139 10010
0.0001926 117739 164634 10010
0.0001929 114754 161825 10010
0.0001932 111617 158703 10010
0.0001935 108325 155261 10010
0.0001938 104876 151491 10010
0.0001941 101270 147387 10010
0.0001944 97506.1 142946 10010
0.0001947 93586.1 138167 10010
0.000195 89511.7 133051 10010
0.0001953 85285.6 127602 10010
0.0001956 80911 121823 10010
0.0001959 76391.1 115720 10010
0.0001962 71728.9 109297 10010
0.0001965 66926.9 102557 10010
0.0001968 61987.2 95501.6 10010
0.0001971 56911.4 88133.2 10010
0.0001974 51701.3 80453.3 10010
0.0001977 46359.5 72465.9 10010
0.000198 40890 64179 10010
0.0001983 35299.5 55606.5 10010
0.0001986 29597.6 46770.1 10010
0.0001989 23797.4 37700.4 10010
0.0001992 17915.9 28437.1 10010
0.0001995 11973.4 19028.4 10010
0.0001998 5993.1 9529.52 10010
0.0002001 0 0 0
0.0002004 0 0 0
0.0002007 0 0 0
0.000201 0 0 0
0.0002013 0 0 0
0.0002016 0 0 0
0.0002019 0 0 0
0.0002022 0 0 0
0.0002025 0 0 0
0.0002028 0 0 0
0.0002031 0 0 0
0.0002034 0 0 0
0.0002037 0 0 0
0.000204 0 0 0
0.0002043 0 0 0
0.0002046 0 0 0
0.0002049 0 0 0
0.0002052 0 0 0
0.0002055 0 0 0
0.0002058 0 0 0
0.0002061 0 0 0
0.0002064 0 0 0
0.0002067 0 0 0
0.000207 0 0 0
0.0002073 0 0 0
0.0002076 0 0 0
0.0002079 0 0 0
0.0002082 0 0 0
0.0002085 0 0 0
0.0002088 0 0 0
0.0002091 0 0 0
0.0002094 0 0 0
0.0002097 0 0 0
0.00021 0 0 0
0.0002103 0 0 0
0.0002106 0 0 0
0.0002109 0 0 0
0.0002112 0 0 0
0.0002115 0 0 0
0.0002118 0 0 0
0.0002121 0 0 0
0.0002124 0 0 0
0.0002127 0 0 0
0.000213 0 0 0
0.0002133 0 0 0
0.0002136 0 0 0
0.0002139 0 0 0
0.0002142 0 0 0
0.0002145 0 0 0
0.0002148 0 0 0
0.0002151 0 0 0
0.0002154 0 0 0
0.0002157 0 0 0
0.000216 0 0 0
0.0002163 0 0 0
0.0002166 0 0 0
0.0002169 0 0 0
0.0002172 0 0 0
0.0002175 0 0 0
0.0002178 0 0 0
0.0002181 0 0 0
0.0002184 0 0 0
0.0002187 0 0 0
0.000219 0 0 0
0.0002193 0 0 0
0.0002196 0 0 0
0.0002199 0 0 0
0.0002202 0 0 0
0.0002205 0 0 0
0.0002208 0 0 0
0.0002211 0 0 0
0.0002214 0 0 0
0.0002217 0 0 0
0.000222 0 0 0
0.0002223 0 0 0
0.0002226 0 0 0
0.0002229 0 0 0
0.0002232 0 0 0
0.0002235 0 0 0
0.0002238 0 0 0
0.0002241 0 0 0
0.0002244 0 0 0
0.0002247 0 0 0
0.000225 0 0 0
0.0002253 0 0 0
0.0002256 0 0 0
0.0002259 0 0 0
0.0002262 0 0 0
0.0002265 0 0 0
0.0002268 0 0 0
0.0002271 0 0 0
0.0002274 0 0 0
0.0002277 0 0 0
0.000228 0 0 0
0.0002283 0 0 0
0.0002286 0 0 0
0.0002289 0 0 0
0.0002292 0 0 0
0.0002295 0 0 0
0.0002298 0 0 0
0.0002301 0 0 0
0.0002304 0 0 0
0.0002307 0 0 0
0.000231 0 0 0
0.0002313 0 0 0
0.0002316 0 0 0
0.0002319 0 0 0
0.0002322 0 0 0
0.0002325 0 0 0
0.0002328 0 0 0
0.0002331 0 0 0
0.0002334 0 0 0
0.0002337 0 0 0
0.000234 0 0 0
0.0002343 0 0 0
0.0002346 0 0 0
0.0002349 0 0 0
0.0002352 0 0 0
0.0002355 0 0 0
0.0002358 0 0 0
0.0002361 0 0 0
0.0002364 0 0 0
0.0002367 0 0 0
0.000237 0 0 0
0.0002373 0 0 0
0.0002376 0 0 0
0.0002379 0 0 0
0.0002382 0 0 0
0.0002385 0 0 0
0.0002388 0 0 0
0.0002391 0 0 0
0.0002394 0 0 0
0.0002397 0 0 0
0.00024 0 0 0
0.0002403 0 0 0
0.0002406 0 0 0
0.0002409 0 0 0
0.0002412 0 0 0
0.0002415 0 0 0
0.0002418 0 0 0
0.0002421 0 0 0
0.0002424 0 0 0
0.0002427 0 0 0
0.000243 0 0 0
0.0002433 0 0 0
0.0002436 0 0 0
0.0002439 0 0 0
0.0002442 0 0 0
0.0002445 0 0 0
0.0002448 0 0 0
0.0002451 0 0 0
0.0002454 0 0 0
0.0002457 0 0 0
0.000246 0 0 0
0.0002463 0 0 0
0.0002466 0 0 0
0.0002469 0 0 0
0.0002472 0 0 0
0.0002475 0 0 0
0.0002478 0 0 0
0.0002481 0 0 0
0.0002484 0 0 0
0.0002487 0 0 0
0.000249 0 0 0
0.0002493 0 0 0
0.0002496 0 0 0
0.0002499 0 0 0
0.0002502 0 0 0
0.0002505 0 0 0
0.0002508 0 0 0
0.0002511 0 0 0
0.0002514 0 0 0
0.0002517 0 0 0
0.000252 0 0 0
0.0002523 0 0 0
0.0002526 0 0 0
0.0002529 0 0 0
0.0002532 0 0 0
0.0002535 0 0 0
0.0002538 0 0 0
0.0002541 0 0 0
0.0002544 0 0 0
0.0002547 0 0 0
0.000255 0 0 0
0.0002553 0 0 0
0.0002556 0 0 0
0.0002559 0 0 0
0.0002562 0 0 0
0.0002565 0 0 0
0.0002568 0 0 0
0.0002571 0 0 0
0.0002574 0 0 0
0.0002577 0 0 0
0.000258 0 0 0
0.0002583 0 0 0
0.0002586 0 0 0
0.0002589 0 0 0
0.0002592 0 0 0
0.0002595 0 0 0
0.0002598 0 0 0
0.0002601 0 0 0
0.0002604 0 0 0
0.0002607 0 0 0
0.000261 0 0 0
0.0002613 0 0 0
0.0002616 0 0 0
0.0002619 0 0 0
0.0002622 0 0 0
0.0002625 0 0 0
0.0002628 0 0 0
0.0002631 0 0 0
0.0002634 0 0 0
0.0002637 0 0 0
0.000264 0 0 0
0.0002643 0 0 0
0.0002646 0 0 0
0.0002649 0 0 0
0.0002652 0 0 0
0.0002655 0 0 0
0.0002658 0 0 0
0.0002661 0 0 0
0.0002664 0 0 0
0.0002667 0 0 0
0.000267 0 0 0
0.0002673 0 0 0
0.0002676 0 0 0
0.0002679 0 0 0
0.0002682 0 0 0
0.0002685 0 0 0
0.0002688 0 0 0
0.0002691 0 0 0
0.0002694 0 0 0
0.0002697 0 0 0
0.00027 0 0 0
0.0002703 0 0 0
0.0002706 0 0 0
0.0002709 0 0 0
0.0002712 0 0 0
0.0002715 0 0 0
0.0002718 0 0 0
0.0002721 0 0 0
0.0002724 0 0 0
0.0002727 0 0 0
0.000273 0 0 0
0.0002733 0 0 0
0.0002736 0 0 0
0.0002739 0 0 0
0.0002742 0 0 0
0.0002745 0 0 0
0.0002748 0 0 0
0.0002751 0 0 0
0.0002754 0 0 0
0.0002757 0 0 0
0.000276 0 0 0
0.0002763 0 0 0
0.0002766 0 0 0
0.0002769 0 0 0
0.0002772 0 0 0
0.0002775 0 0 0
0.0002778 0 0 0
0.0002781 0 0 0
0.0002784 0 0 0
0.0002787 0 0 0
0.000279 0 0 0
0.0002793 0 0 0
0.0002796 0 0 0
0.0002799 0 0 0
0.0002802 0 0 0
0.0002805 0 0 0
0.0002808 0 0 0
0.0002811 0 0 0
0.0002814 0 0 0
0.0002817 0 0 0
0.000282 0 0 0
0.0002823 0 0 0
0.0002826 0 0 0
0.0002829 0 0 0
0.0002832 0 0 0
0.0002835 0 0 0
0.0002838 0 0 0
0.0002841 0 0 0
0.0002844 0 0 0
0.0002847 0 0 0
0.000285 0 0 0
0.0002853 0 0 0
0.0002856 0 0 0
0.0002859 0 0 0
0.0002862 0 0 0
0.0002865 0 0 0
0.0002868 0 0 0
0.0002871 0 0 0
0.0002874 0 0 0
0.0002877 0 0 0
0.000288 0 0 0
0.0002883 0 0 0
0.0002886 0 0 0
0.0002889 0 0 0
0.0002892 0 0 0
0.0002895 0 0 0
0.0002898 0 0 0
0.0002901 0 0 0
0.0002904 0 0 0
0.0002907 0 0 0
0.000291 0 0 0
0.0002913 0 0 0
0.0002916 0 0 0
0.0002919 0 0 0
0.0002922 0 0 0
0.0002925 0 0 0
0.0002928 0 0 0
0.0002931 0 0 0
0.0002934 0 0 0
0.0002937 0 0 0
0.000294 0 0 0
0.0002943 0 0 0
0.0002946 0 0 0
0.0002949 0 0 0
0.0002952 0 0 0
0.0002955 0 0 0
0.0002958 0 0 0
0.0002961 0 0 0
0.0002964 0 0 0
0.0002967 0 0 0
0.000297 0 0 0
0.0002973 0 0 0
0.0002976 0 0 0
0.0002979 0 0 0
0.0002982 0 0 0
0.0002985 0 0 0
0.0002988 0 0 0
0.0002991 0 0 0
0.0002994 0 0 0
0.0002997 0 0 0
0.0003 0 0 0
