-1.32580764857604e-07 9960.56
0.0559998674192351 9960.56
0.111999867419235 9960.61
0.167999867419235 9960.68
0.223999867419235 9960.66
0.279999867419235 9960.16
0.335999867419235 9958.26
0.391999867419235 9953
0.447999867419235 9940.78
0.503999867419235 9915.41
0.559999867419235 9867.4
0.615999867419235 9783.84
0.671999867419235 9649.93
0.727999867419235 9452.99
0.783999867419235 9188.96
0.839999867419235 8869.37
0.895999867419235 8523.64
0.951999867419235 8192.26
1.00799986741924 7915.19
1.06399986741924 7726.4
1.11999986741924 7655.48
1.17599986741924 7734.67
1.23199986741923 8003.73
1.28799986741924 8505.54
1.34399986741924 9281.31
1.39999986741924 10378
1.45599986741924 11854.4
1.51199986741923 13767.4
1.56799986741924 16169.7
1.62399986741924 19130.2
1.67999986741923 22723
1.73599986741923 27009.9
1.79199986741924 32075.8
1.84799986741924 38021.7
1.90399986741924 44942.7
1.95999986741923 52964.4
2.01599986741923 62235.4
2.07199986741923 72912.6
2.12799986741923 85184.9
2.18399986741923 99265.5
2.23999986741923 115394
2.29599986741923 133843
2.35199986741923 154918
2.40799986741923 178960
2.46399986741923 206348
2.51999986741923 237503
2.57599986741923 272895
2.63199986741923 313057
2.68799986741923 358597
2.74399986741923 410197
2.79999986741923 468600
2.85599986741923 534590
2.91199986741923 608967
2.96799986741923 692552
3.02399986741923 786254
3.07999986741923 891137
3.13599986741923 1.00846e+06
3.19199986741923 1.1397e+06
3.24799986741923 1.2865e+06
3.30399986741923 1.45053e+06
3.35999986741923 1.63345e+06
3.41599986741923 1.83695e+06
3.47199986741923 2.06278e+06
3.52799986741923 2.31273e+06
3.58399986741923 2.58858e+06
3.63999986741923 2.89208e+06
3.69599986741923 3.22495e+06
3.75199986741923 3.58873e+06
3.80799986741923 3.98481e+06
3.86399986741923 4.41446e+06
3.91999986741923 4.87881e+06
3.97599986741923 5.37881e+06
4.03199986741923 5.91518e+06
4.08799986741923 6.48836e+06
4.14399986741923 7.09829e+06
4.19999986741923 7.74422e+06
4.25599986741923 8.42462e+06
4.31199986741923 9.13699e+06
4.36799986741923 9.87777e+06
4.42399986741923 1.06424e+07
4.47999986741923 1.14252e+07
4.53599986741923 1.222e+07
4.59199986741923 1.30198e+07
4.64799986741923 1.38171e+07
4.70399986741923 1.46046e+07
4.75999986741923 1.53747e+07
4.81599986741923 1.61202e+07
4.87199986741923 1.68346e+07
4.92799986741923 1.75116e+07
4.98399986741923 1.81458e+07
5.03999986741923 1.87329e+07
5.09599986741923 1.92695e+07
5.15199986741923 1.9753e+07
5.20799986741923 2.01817e+07
5.26399986741923 2.05541e+07
5.31999986741923 2.08703e+07
5.37599986741923 2.11319e+07
5.43199986741923 2.13425e+07
5.48799986741923 2.15062e+07
5.54399986741923 2.1626e+07
5.59999986741923 2.17042e+07
5.65599986741923 2.17412e+07
5.71199986741923 2.17358e+07
5.76799986741923 2.16866e+07
5.82399986741923 2.15948e+07
5.87999986741923 2.14641e+07
5.93599986741923 2.13001e+07
5.99199986741923 2.11098e+07
6.04799986741923 2.09002e+07
6.10399986741923 2.06764e+07
6.15999986741923 2.04419e+07
6.21599986741923 2.0199e+07
6.27199986741923 1.99493e+07
6.32799986741923 1.9694e+07
6.38399986741923 1.94342e+07
6.43999986741923 1.91713e+07
6.49599986741923 1.89065e+07
6.55199986741923 1.86415e+07
6.60799986741923 1.83777e+07
6.66399986741923 1.81164e+07
6.71999986741923 1.78589e+07
6.77599986741923 1.7606e+07
6.83199986741923 1.73587e+07
6.88799986741923 1.71177e+07
6.94399986741923 1.68836e+07
6.99999986741923 1.66569e+07
7.05599986741923 1.64381e+07
7.11199986741923 1.62278e+07
7.16799986741923 1.60265e+07
7.22399986741923 1.58348e+07
7.27999986741923 1.56531e+07
7.33599986741923 1.54819e+07
7.39199986741923 1.53215e+07
7.44799986741923 1.51726e+07
7.50399986741923 1.50356e+07
7.55999986741923 1.49112e+07
7.61599986741923 1.47999e+07
7.67199986741923 1.47024e+07
7.72799986741923 1.46193e+07
7.78399986741923 1.45515e+07
7.83999986741923 1.44995e+07
7.89599986741923 1.4464e+07
7.95199986741923 1.44454e+07
8.00799986741923 1.44442e+07
8.06399986741924 1.44604e+07
8.11999986741924 1.44943e+07
8.17599986741923 1.45458e+07
8.23199986741924 1.46147e+07
8.28799986741923 1.47005e+07
8.34399986741924 1.48026e+07
8.39999986741923 1.492e+07
8.45599986741924 1.50514e+07
8.51199986741923 1.51954e+07
8.56799986741924 1.53498e+07
8.62399986741923 1.55126e+07
8.67999986741924 1.56813e+07
8.73599986741923 1.58533e+07
8.79199986741924 1.60263e+07
8.84799986741923 1.6198e+07
8.90399986741924 1.63666e+07
8.95999986741923 1.65309e+07
9.01599986741923 1.66902e+07
9.07199986741924 1.68444e+07
9.12799986741923 1.69939e+07
9.18399986741924 1.71399e+07
9.23999986741923 1.72836e+07
9.29599986741924 1.74263e+07
9.35199986741923 1.7569e+07
9.40799986741924 1.77122e+07
9.46399986741923 1.78566e+07
9.51999986741924 1.80018e+07
9.57599986741923 1.81465e+07
9.63199986741924 1.82876e+07
9.68799986741923 1.84217e+07
9.74399986741924 1.85453e+07
9.79999986741923 1.86555e+07
9.85599986741923 1.87503e+07
9.91199986741923 1.88292e+07
9.96799986741923 1.8892e+07
10.0239998674192 1.89387e+07
10.0799998674192 1.89692e+07
10.1359998674192 1.89833e+07
10.1919998674192 1.89814e+07
10.2479998674192 1.89639e+07
10.3039998674192 1.8932e+07
10.3599998674192 1.88869e+07
10.4159998674192 1.88299e+07
10.4719998674192 1.8762e+07
10.5279998674192 1.86842e+07
10.5839998674192 1.85973e+07
10.6399998674192 1.8502e+07
10.6959998674192 1.83994e+07
10.7519998674192 1.82905e+07
10.8079998674192 1.81763e+07
10.8639998674192 1.80577e+07
10.9199998674192 1.79358e+07
10.9759998674192 1.78111e+07
11.0319998674192 1.76842e+07
11.0879998674192 1.75554e+07
11.1439998674192 1.74247e+07
11.1999998674192 1.72925e+07
11.2559998674192 1.71588e+07
11.3119998674192 1.7024e+07
11.3679998674192 1.68881e+07
11.4239998674192 1.67511e+07
11.4799998674192 1.66127e+07
11.5359998674192 1.64728e+07
11.5919998674192 1.63312e+07
11.6479998674192 1.6188e+07
11.7039998674192 1.60428e+07
11.7599998674192 1.58958e+07
11.8159998674192 1.57465e+07
11.8719998674192 1.5595e+07
11.9279998674192 1.54411e+07
11.9839998674192 1.5285e+07
