0 1 0 0 0 0
0.031 0.99976 0.0154981 0.000120115 6.20609e-07 2.40489e-09
0.062 0.999039 0.0309851 0.000480346 4.96397e-06 3.84726e-08
0.093 0.997839 0.0464497 0.00108035 1.67484e-05 1.94721e-07
0.124 0.99616 0.0618809 0.00191954 3.96832e-05 6.15207e-07
0.155 0.994003 0.0772675 0.00299712 7.74643e-05 1.50132e-06
0.186 0.99137 0.0925984 0.00431205 0.00013377 3.1115e-06
0.217 0.988262 0.107863 0.00586306 0.000212256 5.76083e-06
0.248 0.984683 0.123049 0.00764867 0.000316551 9.82064e-06
0.279 0.980634 0.138147 0.00966716 0.000450254 1.57179e-05
0.31 0.976119 0.153146 0.0119166 0.000616927 2.39347e-05
0.341 0.97114 0.168034 0.0143948 0.000820093 3.50074e-05
0.372 0.965702 0.182801 0.0170994 0.00106323 4.95261e-05
0.403 0.959808 0.197437 0.0200278 0.00134977 6.81334e-05
0.434 0.953462 0.211931 0.0231771 0.0016831 9.15239e-05
0.465 0.94667 0.226272 0.0265444 0.00206652 0.000120443
0.496 0.939435 0.240451 0.0301264 0.00250332 0.000155685
0.527 0.931764 0.254458 0.0339196 0.00299667 0.000198095
0.558 0.923661 0.268281 0.0379204 0.00354971 0.000248562
0.589 0.915132 0.281912 0.0421249 0.0041655 0.000308025
0.62 0.906184 0.295341 0.0465292 0.00484702 0.000377464
0.651 0.896823 0.308558 0.0511288 0.00559716 0.000457903
0.682 0.887056 0.321555 0.0559195 0.00641874 0.00055041
0.713 0.876889 0.334321 0.0608965 0.00731449 0.000656091
0.744 0.866331 0.346847 0.066055 0.00828706 0.000776091
0.775 0.855387 0.359126 0.0713901 0.00933897 0.000911592
0.806 0.844067 0.371149 0.0768967 0.0104727 0.00106381
0.837 0.832379 0.382906 0.0825693 0.0116906 0.00123399
0.868 0.82033 0.39439 0.0884025 0.0129948 0.00142343
0.899 0.80793 0.405593 0.0943906 0.0143876 0.00163342
0.93 0.795186 0.416507 0.100528 0.0158709 0.00186531
0.961 0.782109 0.427125 0.106808 0.0174468 0.00212046
0.992 0.768708 0.437439 0.113226 0.0191169 0.00240026
1.023 0.754991 0.447443 0.119774 0.0208829 0.00270611
1.054 0.74097 0.457129 0.126447 0.0227465 0.00303945
1.085 0.726653 0.466491 0.133238 0.024709 0.00340171
1.116 0.712051 0.475522 0.14014 0.0267718 0.00379436
1.147 0.697174 0.484218 0.147147 0.0289361 0.00421887
1.178 0.682033 0.492571 0.154252 0.0312029 0.00467671
1.209 0.666638 0.500577 0.161447 0.0335732 0.00516937
1.24 0.651 0.508231 0.168726 0.0360478 0.00569836
1.271 0.635131 0.515526 0.176082 0.0386273 0.00626516
1.302 0.619042 0.52246 0.183508 0.0413122 0.00687128
1.333 0.602743 0.529026 0.190995 0.0441031 0.0075182
1.364 0.586246 0.535222 0.198538 0.0470001 0.00820743
1.395 0.569563 0.541044 0.206128 0.0500034 0.00894044
1.426 0.552705 0.546488 0.213758 0.0531129 0.00971872
1.457 0.535684 0.55155 0.22142 0.0563285 0.0105437
1.488 0.518513 0.556229 0.229107 0.0596499 0.0114169
1.519 0.501202 0.560521 0.236811 0.0630767 0.0123397
1.55 0.483764 0.564424 0.244525 0.0666083 0.0133135
1.581 0.466212 0.567937 0.252241 0.070244 0.0143397
1.612 0.448556 0.571057 0.259951 0.073983 0.0154197
1.643 0.43081 0.573783 0.267648 0.0778241 0.0165548
1.674 0.412986 0.576115 0.275323 0.0817664 0.0177464
1.705 0.395095 0.578051 0.28297 0.0858086 0.0189957
1.736 0.377151 0.579591 0.29058 0.0899492 0.0203039
1.767 0.359165 0.580734 0.298146 0.0941866 0.0216724
1.798 0.341149 0.581482 0.305661 0.0985193 0.0231021
1.829 0.323117 0.581835 0.313116 0.102945 0.0245944
1.86 0.30508 0.581793 0.320504 0.107463 0.0261503
1.891 0.28705 0.581357 0.327817 0.11207 0.0277707
1.922 0.26904 0.580529 0.335049 0.116763 0.0294568
1.953 0.251061 0.579311 0.342192 0.121542 0.0312095
1.984 0.233126 0.577705 0.349238 0.126403 0.0330296
2.015 0.215247 0.575713 0.35618 0.131344 0.0349181
2.046 0.197436 0.573337 0.363011 0.136361 0.0368756
2.077 0.179704 0.570581 0.369724 0.141453 0.0389029
2.108 0.162064 0.567448 0.376311 0.146616 0.0410007
2.139 0.144527 0.563941 0.382767 0.151846 0.0431697
2.17 0.127104 0.560063 0.389084 0.157142 0.0454102
2.201 0.109806 0.555821 0.395255 0.162499 0.0477229
2.232 0.0926464 0.551216 0.401275 0.167914 0.0501081
2.263 0.0756347 0.546255 0.407136 0.173384 0.0525661
2.294 0.0587822 0.540941 0.412832 0.178905 0.0550973
2.325 0.0420999 0.535281 0.418357 0.184473 0.0577018
2.356 0.0255983 0.529279 0.423705 0.190084 0.0603798
2.387 0.00928807 0.522941 0.42887 0.195734 0.0631312
2.418 -0.00682062 0.516274 0.433846 0.20142 0.0659562
2.449 -0.0227176 0.509283 0.438628 0.207138 0.0688545
2.48 -0.0383929 0.501974 0.443211 0.212882 0.071826
2.511 -0.0538368 0.494355 0.447589 0.218649 0.0748705
2.542 -0.0690398 0.486433 0.451756 0.224435 0.0779875
2.573 -0.0839925 0.478213 0.455709 0.230234 0.0811768
2.604 -0.098686 0.469704 0.459442 0.236044 0.0844376
2.635 -0.113111 0.460914 0.462951 0.241858 0.0877696
2.666 -0.12726 0.451849 0.466231 0.247673 0.0911719
2.697 -0.141123 0.442518 0.469279 0.253483 0.0946439
2.728 -0.154693 0.432929 0.47209 0.259285 0.0981847
2.759 -0.167962 0.423091 0.474661 0.265073 0.101793
2.79 -0.180922 0.413011 0.476988 0.270842 0.105469
2.821 -0.193566 0.402698 0.479067 0.276588 0.10921
2.852 -0.205887 0.392162 0.480896 0.282306 0.113016
2.883 -0.217878 0.381411 0.482472 0.287991 0.116885
2.914 -0.229533 0.370454 0.483791 0.293638 0.120816
2.945 -0.240844 0.359301 0.484852 0.299242 0.124808
2.976 -0.251808 0.347961 0.485652 0.304797 0.128859
3.007 -0.262416 0.336443 0.48619 0.3103 0.132967
3.038 -0.272665 0.324757 0.486462 0.315746 0.13713
3.069 -0.28255 0.312913 0.486468 0.321128 0.141348
3.1 -0.292064 0.300921 0.486207 0.326443 0.145618
3.131 -0.301205 0.28879 0.485677 0.331685 0.149937
3.162 -0.309968 0.276531 0.484877 0.336849 0.154305
3.193 -0.318349 0.264154 0.483807 0.341931 0.158719
3.224 -0.326344 0.251668 0.482466 0.346925 0.163176
3.255 -0.333951 0.239084 0.480854 0.351827 0.167676
3.286 -0.341167 0.226412 0.478971 0.356632 0.172214
3.317 -0.347988 0.213663 0.476817 0.361335 0.176789
3.348 -0.354413 0.200847 0.474393 0.365931 0.181398
3.379 -0.36044 0.187973 0.4717 0.370416 0.186039
3.41 -0.366067 0.175054 0.468738 0.374785 0.190708
3.441 -0.371293 0.162098 0.465509 0.379034 0.195405
3.472 -0.376117 0.149116 0.462013 0.383157 0.200124
3.503 -0.380538 0.136119 0.458254 0.387151 0.204865
3.534 -0.384556 0.123117 0.454232 0.391011 0.209623
3.565 -0.388171 0.11012 0.44995 0.394732 0.214396
3.596 -0.391384 0.0971389 0.44541 0.398311 0.219181
3.627 -0.394194 0.0841832 0.440614 0.401744 0.223974
3.658 -0.396604 0.0712632 0.435566 0.405026 0.228774
3.689 -0.398613 0.0583892 0.430269 0.408153 0.233575
3.72 -0.400224 0.0455712 0.424725 0.411122 0.238375
3.751 -0.401439 0.0328191 0.418938 0.413929 0.243172
3.782 -0.40226 0.0201428 0.412912 0.41657 0.24796
3.813 -0.402689 0.00755205 0.40665 0.419041 0.252738
3.844 -0.402729 -0.00494349 0.400157 0.42134 0.257502
3.875 -0.402383 -0.0173343 0.393437 0.423462 0.262247
3.906 -0.401655 -0.0296108 0.386494 0.425406 0.266971
3.937 -0.400549 -0.0417638 0.379333 0.427167 0.271671
3.968 -0.399067 -0.0537841 0.371959 0.428742 0.276341
3.999 -0.397216 -0.0656626 0.364376 0.43013 0.28098
4.03 -0.394998 -0.0773905 0.356591 0.431327 0.285583
4.061 -0.392419 -0.088959 0.348608 0.43233 0.290147
4.092 -0.389484 -0.100359 0.340433 0.433138 0.294667
4.123 -0.386199 -0.111584 0.332071 0.433748 0.299141
4.154 -0.382568 -0.122623 0.323529 0.434158 0.303565
4.185 -0.378598 -0.13347 0.314813 0.434367 0.307935
4.216 -0.374295 -0.144116 0.305929 0.434371 0.312247
4.247 -0.369665 -0.154554 0.296882 0.43417 0.316497
4.278 -0.364715 -0.164777 0.28768 0.433763 0.320682
4.309 -0.359451 -0.174776 0.27833 0.433147 0.324799
4.34 -0.353881 -0.184546 0.268837 0.432322 0.328843
4.371 -0.348012 -0.194078 0.259209 0.431286 0.332811
4.402 -0.341851 -0.203367 0.249453 0.43004 0.336698
4.433 -0.335405 -0.212407 0.239576 0.428581 0.340503
4.464 -0.328684 -0.22119 0.229585 0.426911 0.34422
4.495 -0.321694 -0.229711 0.219487 0.425028 0.347847
4.526 -0.314445 -0.237965 0.20929 0.422932 0.351379
4.557 -0.306943 -0.245945 0.199002 0.420623 0.354814
4.588 -0.299199 -0.253647 0.188629 0.418102 0.358147
4.619 -0.29122 -0.261066 0.17818 0.415368 0.361376
4.65 -0.283016 -0.268197 0.167662 0.412423 0.364496
4.681 -0.274595 -0.275036 0.157084 0.409266 0.367505
4.712 -0.265967 -0.281578 0.146452 0.4059 0.370399
4.743 -0.25714 -0.287819 0.135774 0.402324 0.373175
4.774 -0.248125 -0.293757 0.12506 0.398541 0.37583
4.805 -0.238931 -0.299387 0.114316 0.394551 0.37836
4.836 -0.229566 -0.304707 0.10355 0.390356 0.380762
4.867 -0.220042 -0.309713 0.0927715 0.385958 0.383035
4.898 -0.210367 -0.314403 0.0819873 0.381359 0.385173
4.929 -0.200552 -0.318775 0.0712056 0.37656 0.387175
4.96 -0.190607 -0.322827 0.0604346 0.371564 0.389039
4.991 -0.18054 -0.326557 0.0496822 0.366374 0.39076
5.022 -0.170364 -0.329963 0.0389564 0.360992 0.392336
5.053 -0.160086 -0.333045 0.0282652 0.35542 0.393766
5.084 -0.149718 -0.335802 0.0176166 0.349662 0.395046
5.115 -0.13927 -0.338233 0.00701843 0.343721 0.396173
5.146 -0.128751 -0.340337 -0.00352137 0.3376 0.397147
5.177 -0.118172 -0.342115 -0.013995 0.331302 0.397964
5.208 -0.107543 -0.343566 -0.0243947 0.32483 0.398623
5.239 -0.0968744 -0.344693 -0.0347127 0.318189 0.399121
5.27 -0.0861757 -0.345494 -0.0449415 0.311383 0.399457
5.301 -0.0754571 -0.345971 -0.0550734 0.304414 0.399628
5.332 -0.0647288 -0.346126 -0.065101 0.297288 0.399634
5.363 -0.0540006 -0.34596 -0.0750168 0.290009 0.399472
5.394 -0.0432826 -0.345475 -0.0848136 0.282581 0.399141
5.425 -0.0325844 -0.344674 -0.0944841 0.275008 0.39864
5.456 -0.0219161 -0.343557 -0.104021 0.267295 0.397968
5.487 -0.0112871 -0.342129 -0.113418 0.259448 0.397123
5.518 -0.00070724 -0.340392 -0.122668 0.25147 0.396104
5.549 0.00981404 -0.33835 -0.131764 0.243368 0.394911
5.58 0.0202673 -0.336004 -0.140699 0.235145 0.393543
5.611 0.0306432 -0.333361 -0.149467 0.226808 0.391999
5.642 0.0409326 -0.330422 -0.158062 0.218361 0.390279
5.673 0.0511264 -0.327193 -0.166478 0.209811 0.388382
5.704 0.0612157 -0.323678 -0.174707 0.201163 0.386309
5.735 0.0711916 -0.319881 -0.182746 0.192421 0.384058
5.766 0.0810454 -0.315808 -0.190587 0.183594 0.381631
5.797 0.0907688 -0.311462 -0.198225 0.174685 0.379027
5.828 0.100353 -0.306851 -0.205656 0.165701 0.376247
5.859 0.109791 -0.301978 -0.212873 0.156648 0.37329
5.89 0.119073 -0.29685 -0.219871 0.147532 0.370158
5.921 0.128193 -0.291473 -0.226647 0.138359 0.366852
5.952 0.137142 -0.285852 -0.233195 0.129135 0.363371
5.983 0.145913 -0.279994 -0.23951 0.119867 0.359718
6.014 0.154499 -0.273906 -0.245589 0.110561 0.355893
6.045 0.162893 -0.267594 -0.251427 0.101224 0.351897
6.076 0.171088 -0.261065 -0.257021 0.0918604 0.347732
6.107 0.179077 -0.254325 -0.262367 0.0824784 0.3434
6.138 0.186854 -0.247382 -0.267461 0.0730838 0.338902
6.169 0.194413 -0.240244 -0.2723 0.0636833 0.334239
6.2 0.201747 -0.232917 -0.276882 0.0542833 0.329414
6.231 0.208852 -0.225409 -0.281202 0.0448903 0.324429
6.262 0.215721 -0.217727 -0.28526 0.0355109 0.319285
6.293 0.222349 -0.209881 -0.289052 0.0261516 0.313986
6.324 0.228732 -0.201877 -0.292576 0.0168189 0.308534
6.355 0.234864 -0.193723 -0.295831 0.00751934 0.30293
6.386 0.240741 -0.185428 -0.298814 -0.00174055 0.297179
6.417 0.246359 -0.177 -0.301525 -0.0109543 0.291282
6.448 0.251714 -0.168446 -0.303961 -0.0201154 0.285244
6.479 0.256802 -0.159776 -0.306123 -0.0292175 0.279065
6.51 0.261619 -0.150998 -0.308008 -0.0382541 0.272751
6.541 0.266162 -0.142121 -0.309618 -0.0472189 0.266304
6.572 0.270429 -0.133152 -0.31095 -0.0561056 0.259728
6.603 0.274417 -0.124101 -0.312006 -0.0649079 0.253026
6.634 0.278123 -0.114976 -0.312785 -0.0736196 0.246202
6.665 0.281545 -0.105786 -0.313288 -0.0822344 0.239259
6.696 0.284681 -0.0965389 -0.313516 -0.0907465 0.232202
6.727 0.28753 -0.0872444 -0.313468 -0.0991497 0.225034
6.758 0.29009 -0.0779109 -0.313147 -0.107438 0.21776
6.789 0.29236 -0.068547 -0.312553 -0.115606 0.210383
6.82 0.294339 -0.0591615 -0.311689 -0.123647 0.202908
6.851 0.296028 -0.049763 -0.310555 -0.131557 0.19534
6.882 0.297425 -0.0403603 -0.309154 -0.139328 0.187682
6.913 0.29853 -0.0309619 -0.307488 -0.146957 0.17994
6.944 0.299344 -0.0215766 -0.305559 -0.154437 0.172117
6.975 0.299868 -0.0122128 -0.30337 -0.161763 0.164219
7.006 0.300102 -0.00287903 -0.300924 -0.16893 0.156251
7.037 0.300047 0.00641621 -0.298223 -0.175934 0.148216
7.068 0.299705 0.0156646 -0.295272 -0.182768 0.140121
7.099 0.299076 0.0248577 -0.292073 -0.189429 0.13197
7.13 0.298164 0.0339875 -0.28863 -0.195912 0.123768
7.161 0.29697 0.0430457 -0.284948 -0.202212 0.11552
7.192 0.295496 0.0520243 -0.281029 -0.208325 0.107232
7.223 0.293745 0.0609153 -0.276878 -0.214247 0.0989078
7.254 0.29172 0.069711 -0.2725 -0.219973 0.090554
7.285 0.289424 0.0784036 -0.2679 -0.2255 0.0821754
7.316 0.28686 0.0869855 -0.263081 -0.230824 0.0737773
7.347 0.284032 0.0954493 -0.258049 -0.235942 0.0653652
7.378 0.280944 0.103788 -0.25281 -0.240849 0.0569443
7.409 0.277599 0.111993 -0.247367 -0.245543 0.0485202
7.44 0.274002 0.120059 -0.241728 -0.25002 0.0400984
7.471 0.270157 0.127979 -0.235897 -0.254279 0.0316842
7.502 0.266069 0.135745 -0.22988 -0.258315 0.0232832
7.533 0.261742 0.143351 -0.223683 -0.262126 0.0149008
7.564 0.257183 0.150791 -0.217312 -0.26571 0.00654266
7.595 0.252395 0.158058 -0.210773 -0.269065 -0.00178586
7.626 0.247385 0.165147 -0.204073 -0.272188 -0.0100792
7.657 0.242158 0.172051 -0.197218 -0.275078 -0.0183319
7.688 0.23672 0.178766 -0.190214 -0.277733 -0.0265385
7.719 0.231076 0.185285 -0.183069 -0.280151 -0.0346934
7.75 0.225234 0.191603 -0.175788 -0.282332 -0.0427914
7.781 0.219199 0.197715 -0.168379 -0.284274 -0.0508269
7.812 0.212978 0.203616 -0.160849 -0.285976 -0.0587946
7.843 0.206577 0.209302 -0.153204 -0.287437 -0.0666891
7.874 0.200004 0.214768 -0.145452 -0.288658 -0.0745052
7.905 0.193264 0.22001 -0.1376 -0.289637 -0.0822375
7.936 0.186365 0.225023 -0.129656 -0.290374 -0.0898809
7.967 0.179315 0.229805 -0.121626 -0.29087 -0.0974302
7.998 0.17212 0.234351 -0.113517 -0.291124 -0.10488
8.029 0.164788 0.238659 -0.105338 -0.291138 -0.112226
8.06 0.157325 0.242724 -0.0970962 -0.290911 -0.119463
8.091 0.149741 0.246545 -0.0887982 -0.290445 -0.126585
8.122 0.142042 0.250118 -0.080452 -0.28974 -0.133589
8.153 0.134236 0.253441 -0.0720651 -0.288798 -0.140468
8.184 0.126331 0.256513 -0.0636451 -0.28762 -0.14722
8.215 0.118335 0.25933 -0.0551995 -0.286207 -0.153838
8.246 0.110256 0.261892 -0.046736 -0.284563 -0.160319
8.277 0.102101 0.264196 -0.038262 -0.282687 -0.166658
8.308 0.0938782 0.266243 -0.0297851 -0.280583 -0.172851
8.339 0.0855963 0.26803 -0.0213129 -0.278253 -0.178893
8.37 0.077263 0.269557 -0.0128528 -0.275699 -0.184781
8.401 0.0688865 0.270823 -0.00441245 -0.272924 -0.19051
8.432 0.0604747 0.271829 0.00400084 -0.269931 -0.196077
8.463 0.0520358 0.272574 0.0123796 -0.266723 -0.201478
8.494 0.0435778 0.273058 0.0207166 -0.263302 -0.206708
8.525 0.0351088 0.273283 0.0290044 -0.259674 -0.211766
8.556 0.026637 0.273248 0.0372358 -0.25584 -0.216647
8.587 0.0181702 0.272954 0.0454037 -0.251804 -0.221347
8.618 0.00971643 0.272404 0.053501 -0.247572 -0.225865
8.649 0.00128375 0.271598 0.0615207 -0.243146 -0.230196
8.68 -0.00712 0.270537 0.0694558 -0.23853 -0.234338
8.711 -0.015487 0.269224 0.0772995 -0.233729 -0.238289
8.742 -0.0238093 0.267662 0.0850451 -0.228748 -0.242045
8.773 -0.0320794 0.265851 0.092686 -0.223591 -0.245604
8.804 -0.0402895 0.263795 0.100216 -0.218263 -0.248964
8.835 -0.0484322 0.261496 0.107628 -0.212768 -0.252122
8.866 -0.0564998 0.258958 0.114916 -0.207112 -0.255077
8.897 -0.0644851 0.256183 0.122074 -0.2013 -0.257828
8.928 -0.0723808 0.253176 0.129096 -0.195337 -0.260371
8.959 -0.0801796 0.249939 0.135976 -0.189229 -0.262705
8.99 -0.0878747 0.246476 0.142708 -0.18298 -0.26483
9.021 -0.0954589 0.242792 0.149287 -0.176597 -0.266744
9.052 -0.102926 0.238891 0.155707 -0.170085 -0.268446
9.083 -0.110268 0.234776 0.161964 -0.16345 -0.269934
9.114 -0.117479 0.230453 0.168051 -0.156698 -0.271209
9.145 -0.124554 0.225926 0.173964 -0.149835 -0.27227
9.176 -0.131485 0.221201 0.179698 -0.142867 -0.273115
9.207 -0.138266 0.216281 0.185248 -0.1358 -0.273746
9.238 -0.144892 0.211173 0.190611 -0.12864 -0.274161
9.269 -0.151357 0.205882 0.195781 -0.121394 -0.274362
9.3 -0.157655 0.200414 0.200755 -0.114068 -0.274347
9.331 -0.163781 0.194774 0.205529 -0.106668 -0.274118
9.362 -0.169729 0.188967 0.210098 -0.0992008 -0.273675
9.393 -0.175495 0.183001 0.214461 -0.0916731 -0.273019
9.424 -0.181074 0.176881 0.218612 -0.0840911 -0.272151
9.455 -0.18646 0.170613 0.22255 -0.0764616 -0.271071
9.486 -0.19165 0.164204 0.226271 -0.0687911 -0.269782
9.517 -0.19664 0.157659 0.229772 -0.0610862 -0.268284
9.548 -0.201424 0.150987 0.233051 -0.0533536 -0.266579
9.579 -0.206 0.144193 0.236106 -0.0455999 -0.264668
9.61 -0.210363 0.137284 0.238934 -0.0378318 -0.262554
9.641 -0.21451 0.130267 0.241534 -0.030056 -0.260239
9.672 -0.218438 0.123149 0.243903 -0.0222791 -0.257724
9.703 -0.222144 0.115937 0.246041 -0.0145078 -0.255013
9.734 -0.225625 0.108638 0.247947 -0.00674863 -0.252107
9.765 -0.228879 0.101258 0.249618 0.000991694 -0.249009
9.796 -0.231903 0.0938065 0.251055 0.00870662 -0.245722
9.827 -0.234694 0.0862892 0.252256 0.0163896 -0.242249
9.858 -0.237252 0.0787135 0.253222 0.0240341 -0.238593
9.889 -0.239574 0.0710869 0.253951 0.0316337 -0.234758
9.92 -0.241659 0.0634167 0.254445 0.039182 -0.230746
9.951 -0.243506 0.0557102 0.254702 0.0466725 -0.226561
9.982 -0.245113 0.0479747 0.254725 0.054099 -0.222207
10.013 -0.24648 0.0402176 0.254513 0.0614553 -0.217688
10.044 -0.247606 0.0324464 0.254067 0.0687352 -0.213006
10.075 -0.248491 0.0246682 0.253388 0.0759326 -0.208168
10.106 -0.249136 0.0168905 0.252478 0.0830415 -0.203176
10.137 -0.249539 0.00912063 0.251338 0.0900559 -0.198035
10.168 -0.249701 0.00136578 0.24997 0.0969701 -0.192749
10.199 -0.249624 -0.00636676 0.248375 0.103778 -0.187323
10.23 -0.249307 -0.0140698 0.246556 0.110475 -0.181761
10.261 -0.248752 -0.0217361 0.244515 0.117054 -0.176069
10.292 -0.24796 -0.0293587 0.242254 0.123511 -0.17025
10.323 -0.246932 -0.0369304 0.239777 0.12984 -0.16431
10.354 -0.24567 -0.0444443 0.237085 0.136036 -0.158254
10.385 -0.244177 -0.0518936 0.234183 0.142094 -0.152087
10.416 -0.242454 -0.0592712 0.231073 0.148009 -0.145814
10.447 -0.240503 -0.0665707 0.227759 0.153776 -0.139441
10.478 -0.238327 -0.0737852 0.224243 0.159391 -0.132972
10.509 -0.235929 -0.0809082 0.220531 0.164848 -0.126413
10.54 -0.233312 -0.0879333 0.216626 0.170144 -0.11977
10.571 -0.230478 -0.0948542 0.212532 0.175275 -0.113048
10.602 -0.227432 -0.101665 0.208254 0.180236 -0.106253
10.633 -0.224176 -0.108358 0.203795 0.185024 -0.0993897
10.664 -0.220715 -0.11493 0.19916 0.189634 -0.0924649
10.695 -0.217052 -0.121373 0.194355 0.194063 -0.085484
10.726 -0.213191 -0.127681 0.189384 0.198307 -0.0784527
10.757 -0.209137 -0.133851 0.184251 0.202365 -0.0713769
10.788 -0.204894 -0.139875 0.178963 0.206231 -0.0642625
10.819 -0.200467 -0.145748 0.173524 0.209904 -0.0571153
10.85 -0.195859 -0.151467 0.167939 0.21338 -0.0499412
10.881 -0.191077 -0.157025 0.162215 0.216657 -0.0427462
10.912 -0.186126 -0.162417 0.156357 0.219733 -0.0355362
10.943 -0.181009 -0.16764 0.150371 0.222605 -0.0283171
10.974 -0.175734 -0.172689 0.144261 0.225272 -0.0210949
11.005 -0.170304 -0.177559 0.138036 0.227731 -0.0138755
11.036 -0.164727 -0.182246 0.131699 0.22998 -0.0066649
11.067 -0.159007 -0.186746 0.125259 0.232019 0.000531059
11.098 -0.153151 -0.191057 0.11872 0.233846 0.00770644
11.129 -0.147164 -0.195173 0.112089 0.23546 0.0148554
11.16 -0.141052 -0.199093 0.105372 0.23686 0.021972
11.191 -0.134822 -0.202811 0.0985765 0.238046 0.0290505
11.222 -0.12848 -0.206327 0.0917079 0.239016 0.0360851
11.253 -0.122032 -0.209636 0.084773 0.23977 0.0430701
11.284 -0.115484 -0.212737 0.0777785 0.240308 0.0499998
11.315 -0.108844 -0.215627 0.0707308 0.240631 0.0568685
11.346 -0.102118 -0.218303 0.0636367 0.240738 0.0636706
11.377 -0.0953117 -0.220765 0.0565028 0.24063 0.0704007
11.408 -0.0884327 -0.223009 0.0493357 0.240308 0.0770533
11.439 -0.0814874 -0.225035 0.0421422 0.239771 0.0836229
11.47 -0.0744828 -0.226841 0.034929 0.239022 0.0901044
11.501 -0.0674255 -0.228426 0.0277027 0.238061 0.0964923
11.532 -0.0603226 -0.22979 0.0204701 0.23689 0.102782
11.563 -0.0531809 -0.230931 0.0132378 0.23551 0.108967
11.594 -0.0460072 -0.231849 0.00601264 0.233923 0.115045
11.625 -0.0388086 -0.232543 -0.00119886 0.232131 0.121008
11.656 -0.0315919 -0.233015 -0.00839005 0.230135 0.126854
11.687 -0.024364 -0.233263 -0.0155543 0.227939 0.132576
11.718 -0.0171319 -0.233288 -0.0226851 0.225544 0.138171
11.749 -0.00990244 -0.233091 -0.0297759 0.222953 0.143634
11.78 -0.00268255 -0.232672 -0.0368203 0.220169 0.148961
11.811 0.00452094 -0.232033 -0.0438119 0.217195 0.154147
11.842 0.0117012 -0.231174 -0.0507443 0.214034 0.159189
11.873 0.0188515 -0.230097 -0.0576113 0.210688 0.164082
11.904 0.025965 -0.228804 -0.0644066 0.207162 0.168823
11.935 0.0330351 -0.227297 -0.0711242 0.203459 0.173408
11.966 0.0400552 -0.225576 -0.077758 0.199583 0.177833
11.997 0.0470187 -0.223645 -0.0843022 0.195537 0.182095
12.028 0.053919 -0.221506 -0.0907508 0.191326 0.186191
12.059 0.0607499 -0.219161 -0.0970981 0.186954 0.190117
12.09 0.0675049 -0.216614 -0.103338 0.182424 0.193871
12.121 0.0741779 -0.213866 -0.109466 0.177741 0.19745
12.152 0.0807626 -0.210922 -0.115477 0.172911 0.200851
12.183 0.087253 -0.207784 -0.121363 0.167937 0.204071
12.214 0.0936432 -0.204456 -0.127122 0.162824 0.207108
12.245 0.0999274 -0.200941 -0.132747 0.157577 0.20996
12.276 0.1061 -0.197244 -0.138235 0.152202 0.212625
12.307 0.112155 -0.193368 -0.143579 0.146703 0.2151
12.338 0.118087 -0.189318 -0.148775 0.141085 0.217385
12.369 0.123891 -0.185097 -0.15382 0.135353 0.219477
12.4 0.129561 -0.18071 -0.158708 0.129514 0.221376
12.431 0.135093 -0.176162 -0.163435 0.123573 0.223079
12.462 0.140481 -0.171457 -0.167998 0.117534 0.224587
12.493 0.145722 -0.166601 -0.172393 0.111404 0.225897
12.524 0.150809 -0.161598 -0.176615 0.105189 0.227009
12.555 0.155739 -0.156453 -0.180662 0.0988939 0.227923
12.586 0.160508 -0.151171 -0.18453 0.0925248 0.228638
12.617 0.165111 -0.145758 -0.188216 0.0860876 0.229154
12.648 0.169544 -0.14022 -0.191716 0.0795883 0.229472
12.679 0.173803 -0.134561 -0.195029 0.0730328 0.22959
12.71 0.177885 -0.128788 -0.198151 0.0664272 0.229509
12.741 0.181787 -0.122906 -0.20108 0.0597774 0.22923
12.772 0.185504 -0.116921 -0.203813 0.0530896 0.228753
12.803 0.189035 -0.110839 -0.206349 0.0463699 0.22808
12.834 0.192375 -0.104666 -0.208686 0.0396243 0.227211
12.865 0.195523 -0.098408 -0.210822 0.0328591 0.226147
12.896 0.198476 -0.0920713 -0.212755 0.0260804 0.224889
12.927 0.201231 -0.085662 -0.214484 0.0192942 0.223439
12.958 0.203786 -0.0791862 -0.216008 0.0125068 0.221799
12.989 0.20614 -0.0726505 -0.217326 0.00572421 0.21997
13.02 0.20829 -0.0660609 -0.218438 -0.00104738 0.217955
13.051 0.210235 -0.059424 -0.219341 -0.00780193 0.215755
13.082 0.211974 -0.0527462 -0.220038 -0.0145334 0.213372
13.113 0.213505 -0.0460338 -0.220526 -0.0212356 0.210809
13.144 0.214828 -0.0392934 -0.220807 -0.0279028 0.208069
13.175 0.215941 -0.0325313 -0.220879 -0.0345288 0.205155
13.206 0.216844 -0.0257541 -0.220745 -0.0411079 0.202068
13.237 0.217538 -0.0189682 -0.220404 -0.0476341 0.198812
13.268 0.21802 -0.0121801 -0.219856 -0.0541016 0.195391
13.299 0.218293 -0.00539617 -0.219104 -0.0605048 0.191807
13.33 0.218355 0.00137709 -0.218148 -0.066838 0.188064
13.361 0.218208 0.00813331 -0.21699 -0.0730955 0.184165
13.392 0.217851 0.0148661 -0.215631 -0.079272 0.180115
13.423 0.217286 0.0215691 -0.214072 -0.0853619 0.175916
13.454 0.216514 0.0282361 -0.212317 -0.0913599 0.171573
13.485 0.215536 0.0348608 -0.210366 -0.0972607 0.167091
13.516 0.214353 0.041437 -0.208222 -0.103059 0.162472
13.547 0.212967 0.0479586 -0.205887 -0.108751 0.157721
13.578 0.21138 0.0544195 -0.203365 -0.11433 0.152843
13.609 0.209594 0.0608137 -0.200657 -0.119791 0.147843
13.64 0.207611 0.0671353 -0.197767 -0.125131 0.142724
13.671 0.205433 0.0733785 -0.194698 -0.130345 0.137491
13.702 0.203062 0.0795375 -0.191453 -0.135428 0.13215
13.733 0.200502 0.0856066 -0.188035 -0.140375 0.126704
13.764 0.197756 0.0915803 -0.184448 -0.145183 0.12116
13.795 0.194825 0.0974531 -0.180696 -0.149848 0.115522
13.826 0.191715 0.10322 -0.176783 -0.154365 0.109794
13.857 0.188427 0.108875 -0.172713 -0.158731 0.103983
13.888 0.184966 0.114413 -0.168489 -0.162941 0.0980938
13.919 0.181334 0.11983 -0.164116 -0.166993 0.0921311
13.95 0.177537 0.125121 -0.159599 -0.170884 0.0861005
13.981 0.173578 0.13028 -0.154942 -0.174609 0.0800074
14.012 0.169461 0.135303 -0.150149 -0.178166 0.0738573
14.043 0.165191 0.140186 -0.145226 -0.181552 0.0676557
14.074 0.160771 0.144925 -0.140177 -0.184765 0.0614081
14.105 0.156207 0.149514 -0.135007 -0.187801 0.0551201
14.136 0.151503 0.153951 -0.129722 -0.190658 0.0487972
14.167 0.146664 0.158231 -0.124326 -0.193334 0.0424451
14.198 0.141694 0.162351 -0.118825 -0.195827 0.0360694
14.229 0.1366 0.166306 -0.113224 -0.198135 0.0296757
14.26 0.131385 0.170094 -0.107529 -0.200256 0.0232696
14.291 0.126056 0.173711 -0.101745 -0.202189 0.016857
14.322 0.120617 0.177155 -0.095878 -0.203933 0.0104433
14.353 0.115074 0.180422 -0.0899333 -0.205485 0.00403419
14.384 0.109433 0.183509 -0.0839168 -0.206845 -0.00236464
14.415 0.103698 0.186415 -0.0778342 -0.208013 -0.00874759
14.446 0.0978767 0.189136 -0.0716915 -0.208987 -0.0151091
14.477 0.0919737 0.191671 -0.0654944 -0.209767 -0.0214435
14.508 0.0859951 0.194017 -0.0592489 -0.210352 -0.0277454
14.539 0.0799466 0.196173 -0.0529609 -0.210743 -0.0340093
14.57 0.0738344 0.198136 -0.0466365 -0.21094 -0.0402296
14.601 0.0676642 0.199907 -0.0402816 -0.210942 -0.046401
14.632 0.0614422 0.201482 -0.0339022 -0.21075 -0.0525181
14.663 0.0551743 0.202862 -0.0275044 -0.210365 -0.0585756
14.694 0.0488667 0.204045 -0.0210942 -0.209787 -0.0645683
14.725 0.0425256 0.205031 -0.0146776 -0.209018 -0.0704909
14.756 0.0361569 0.205818 -0.00826067 -0.208058 -0.0763385
14.787 0.0297669 0.206408 -0.00184944 -0.206908 -0.0821058
14.818 0.0233617 0.206798 0.0045501 -0.20557 -0.0877881
14.849 0.0169474 0.206991 0.010932 -0.204046 -0.0933803
14.88 0.0105303 0.206985 0.0172903 -0.202337 -0.0988778
14.911 0.00411641 0.206781 0.023619 -0.200445 -0.104276
14.942 -0.00228811 0.206381 0.0299123 -0.198373 -0.10957
14.973 -0.00867716 0.205783 0.0361644 -0.196122 -0.114755
15.004 -0.0150447 0.204991 0.0423695 -0.193695 -0.119827
15.035 -0.0213846 0.204004 0.0485218 -0.191095 -0.124782
15.066 -0.0276909 0.202824 0.0546157 -0.188324 -0.129615
15.097 -0.0339577 0.201453 0.0606455 -0.185385 -0.134323
15.128 -0.040179 0.199892 0.0666058 -0.182281 -0.138901
15.159 -0.0463491 0.198143 0.0724911 -0.179015 -0.143346
15.19 -0.052462 0.196209 0.0782959 -0.175591 -0.147654
15.221 -0.0585121 0.194091 0.0840151 -0.172012 -0.151821
15.252 -0.0644938 0.191791 0.0896434 -0.168281 -0.155844
15.283 -0.0704013 0.189313 0.0951757 -0.164403 -0.159719
15.314 -0.0762294 0.186659 0.100607 -0.160381 -0.163444
15.345 -0.0819724 0.183832 0.105932 -0.156219 -0.167015
15.376 -0.0876252 0.180835 0.111147 -0.151921 -0.170429
15.407 -0.0931825 0.177671 0.116246 -0.147491 -0.173684
15.438 -0.0986391 0.174344 0.121226 -0.142934 -0.176777
15.469 -0.10399 0.170857 0.12608 -0.138255 -0.179706
15.5 -0.109231 0.167213 0.130807 -0.133457 -0.182467
15.531 -0.114356 0.163417 0.1354 -0.128545 -0.18506
15.562 -0.119361 0.159472 0.139856 -0.123524 -0.187481
15.593 -0.124242 0.155383 0.144171 -0.118399 -0.18973
15.624 -0.128993 0.151153 0.148342 -0.113175 -0.191804
15.655 -0.133612 0.146787 0.152364 -0.107856 -0.193702
15.686 -0.138093 0.142289 0.156235 -0.102448 -0.195422
15.717 -0.142432 0.137664 0.15995 -0.0969565 -0.196963
15.748 -0.146627 0.132917 0.163507 -0.0913858 -0.198325
15.779 -0.150672 0.128052 0.166902 -0.0857415 -0.199506
15.81 -0.154565 0.123073 0.170134 -0.0800289 -0.200505
15.841 -0.158301 0.117988 0.173198 -0.0742535 -0.201322
15.872 -0.161879 0.112799 0.176092 -0.0684206 -0.201957
15.903 -0.165294 0.107512 0.178815 -0.0625358 -0.202409
15.934 -0.168544 0.102133 0.181363 -0.0566045 -0.202678
15.965 -0.171625 0.0966668 0.183735 -0.0506324 -0.202764
15.996 -0.174536 0.0911187 0.185929 -0.0446249 -0.202667
16.027 -0.177274 0.0854943 0.187943 -0.0385878 -0.202389
16.058 -0.179836 0.0797989 0.189775 -0.0325265 -0.201928
16.089 -0.182221 0.0740382 0.191424 -0.0264469 -0.201287
16.12 -0.184426 0.0682178 0.192889 -0.0203544 -0.200466
16.151 -0.18645 0.0623433 0.19417 -0.0142547 -0.199465
16.182 -0.18829 0.0564205 0.195264 -0.00815359 -0.198287
16.213 -0.189947 0.050455 0.196171 -0.00205655 -0.196932
16.244 -0.191418 0.0444527 0.196891 0.00403075 -0.195403
16.275 -0.192703 0.0384194 0.197424 0.0101027 -0.1937
16.306 -0.1938 0.0323607 0.197769 0.0161537 -0.191825
16.337 -0.194709 0.0262827 0.197927 0.0221783 -0.189781
16.368 -0.195429 0.020191 0.197897 0.0281708 -0.18757
16.399 -0.195961 0.0140915 0.197679 0.0341259 -0.185194
16.43 -0.196303 0.00799007 0.197276 0.0400381 -0.182654
16.461 -0.196456 0.0018925 0.196686 0.045902 -0.179955
16.492 -0.196421 -0.00419542 0.195912 0.0517122 -0.177098
16.523 -0.196196 -0.0102679 0.194953 0.0574635 -0.174087
16.554 -0.195784 -0.0163191 0.193813 0.0631507 -0.170924
16.585 -0.195185 -0.0223435 0.19249 0.0687686 -0.167612
16.616 -0.194399 -0.0283352 0.190989 0.0743122 -0.164155
16.647 -0.193428 -0.0342886 0.189309 0.0797764 -0.160555
16.678 -0.192274 -0.0401982 0.187453 0.0851564 -0.156818
16.709 -0.190937 -0.0460583 0.185424 0.0904472 -0.152945
16.74 -0.189419 -0.0518635 0.183222 0.0956443 -0.148941
16.771 -0.187722 -0.0576084 0.180852 0.100743 -0.14481
16.802 -0.185848 -0.0632875 0.178314 0.105738 -0.140555
16.833 -0.183799 -0.0688957 0.175613 0.110626 -0.136181
16.864 -0.181577 -0.0744276 0.17275 0.115402 -0.131691
16.895 -0.179185 -0.0798781 0.169729 0.120063 -0.127091
16.926 -0.176625 -0.0852422 0.166553 0.124603 -0.122383
16.957 -0.173901 -0.090515 0.163225 0.129018 -0.117574
16.988 -0.171014 -0.0956915 0.159749 0.133306 -0.112666
17.019 -0.167969 -0.100767 0.156127 0.137462 -0.107666
17.05 -0.164768 -0.105737 0.152365 0.141482 -0.102576
17.081 -0.161414 -0.110597 0.148465 0.145364 -0.0974032
17.112 -0.157912 -0.115342 0.144431 0.149103 -0.0921511
17.143 -0.154265 -0.119968 0.140268 0.152697 -0.0868249
17.174 -0.150475 -0.124471 0.13598 0.156142 -0.0814295
17.205 -0.146549 -0.128847 0.131571 0.159436 -0.0759699
17.236 -0.142488 -0.133091 0.127045 0.162575 -0.0704511
17.267 -0.138298 -0.137201 0.122407 0.165557 -0.0648783
17.298 -0.133983 -0.141172 0.117661 0.16838 -0.0592565
17.329 -0.129547 -0.145001 0.112812 0.171041 -0.0535909
17.36 -0.124995 -0.148684 0.107865 0.173538 -0.0478867
17.391 -0.12033 -0.152218 0.102825 0.175869 -0.0421492
17.422 -0.115559 -0.155601 0.0976962 0.178031 -0.0363836
17.453 -0.110685 -0.158828 0.092484 0.180024 -0.0305951
17.484 -0.105713 -0.161898 0.0871934 0.181846 -0.0247891
17.515 -0.100649 -0.164808 0.0818296 0.183495 -0.0189708
17.546 -0.0954966 -0.167554 0.0763978 0.184971 -0.0131455
17.577 -0.090262 -0.170136 0.0709031 0.186271 -0.00731855
17.608 -0.0849499 -0.17255 0.0653509 0.187395 -0.0014952
17.639 -0.0795657 -0.174794 0.0597466 0.188343 0.00431927
17.67 -0.0741145 -0.176868 0.0540955 0.189113 0.0101196
17.701 -0.0686017 -0.178768 0.048403 0.189706 0.0159005
17.732 -0.0630326 -0.180494 0.0426746 0.190121 0.0216569
17.763 -0.0574128 -0.182045 0.0369158 0.190358 0.0273834
17.794 -0.0517477 -0.183418 0.031132 0.190416 0.033075
17.825 -0.0460427 -0.184614 0.0253287 0.190298 0.0387266
17.856 -0.0403035 -0.18563 0.0195116 0.190001 0.044333
17.887 -0.0345355 -0.186468 0.013686 0.189528 0.0498892
17.918 -0.0287444 -0.187125 0.00785752 0.188879 0.0553904
17.949 -0.0229356 -0.187602 0.00203168 0.188055 0.0608315
17.98 -0.0171149 -0.187899 -0.00378603 0.187057 0.0662077
18.011 -0.0112877 -0.188016 -0.00959013 0.185886 0.0715142
18.042 -0.00545977 -0.187952 -0.0153752 0.184543 0.0767463
18.073 0.000363429 -0.187708 -0.0211357 0.18303 0.0818994
18.104 0.0061763 -0.187286 -0.0268663 0.18135 0.0869689
18.135 0.0119733 -0.186684 -0.0325616 0.179502 0.0919502
18.166 0.0177489 -0.185905 -0.0382163 0.17749 0.0968391
18.197 0.0234976 -0.18495 -0.0438251 0.175316 0.101631
18.228 0.029214 -0.183819 -0.0493828 0.172982 0.106322
18.259 0.0348926 -0.182514 -0.0548842 0.17049 0.110908
18.29 0.040528 -0.181036 -0.0603242 0.167843 0.115385
18.321 0.046115 -0.179388 -0.0656978 0.165044 0.119749
18.352 0.0516483 -0.177571 -0.071 0.162096 0.123995
18.383 0.0571227 -0.175587 -0.0762258 0.159 0.128122
18.414 0.062533 -0.173438 -0.0813706 0.155762 0.132124
18.445 0.0678741 -0.171126 -0.0864295 0.152383 0.135998
18.476 0.0731412 -0.168655 -0.0913978 0.148868 0.139742
18.507 0.0783291 -0.166026 -0.0962712 0.145219 0.143351
18.538 0.0834332 -0.163243 -0.101045 0.141441 0.146824
18.569 0.0884487 -0.160309 -0.105715 0.137536 0.150156
18.6 0.0933708 -0.157225 -0.110277 0.13351 0.153344
18.631 0.0981951 -0.153997 -0.114726 0.129365 0.156388
18.662 0.102917 -0.150626 -0.11906 0.125107 0.159283
18.693 0.107533 -0.147117 -0.123273 0.120738 0.162027
18.724 0.112037 -0.143472 -0.127362 0.116264 0.164618
18.755 0.116426 -0.139696 -0.131323 0.111688 0.167054
18.786 0.120697 -0.135793 -0.135154 0.107016 0.169333
18.817 0.124844 -0.131766 -0.138849 0.102251 0.171453
18.848 0.128865 -0.12762 -0.142407 0.0973978 0.173412
18.879 0.132756 -0.123358 -0.145824 0.0924618 0.17521
18.91 0.136512 -0.118986 -0.149097 0.0874474 0.176843
18.941 0.140132 -0.114506 -0.152222 0.0823593 0.178312
18.972 0.143611 -0.109924 -0.155199 0.0772025 0.179614
19.003 0.146946 -0.105244 -0.158022 0.0719818 0.18075
19.034 0.150135 -0.100472 -0.160692 0.0667022 0.181718
19.065 0.153174 -0.0956104 -0.163204 0.0613688 0.182518
19.096 0.156062 -0.0906655 -0.165557 0.0559865 0.183149
19.127 0.158795 -0.0856418 -0.16775 0.0505606 0.18361
19.158 0.161371 -0.0805443 -0.169779 0.0450961 0.183903
19.189 0.163788 -0.0753778 -0.171644 0.0395982 0.184026
19.22 0.166043 -0.0701476 -0.173343 0.0340721 0.183979
19.251 0.168136 -0.0648586 -0.174874 0.0285229 0.183764
19.282 0.170064 -0.059516 -0.176237 0.022956 0.183381
19.313 0.171826 -0.054125 -0.177431 0.0173765 0.182829
19.344 0.173419 -0.0486908 -0.178454 0.0117897 0.18211
19.375 0.174844 -0.0432187 -0.179305 0.00620076 0.181226
19.406 0.176099 -0.0377139 -0.179985 0.000614964 0.180176
19.437 0.177182 -0.0321818 -0.180494 -0.0049625 0.178962
19.468 0.178094 -0.0266277 -0.180829 -0.0105264 0.177585
19.499 0.178833 -0.021057 -0.180993 -0.0160716 0.176047
19.53 0.179399 -0.0154749 -0.180984 -0.0215929 0.17435
19.561 0.179792 -0.0098869 -0.180803 -0.0270853 0.172495
19.592 0.180012 -0.00429825 -0.180451 -0.0325435 0.170485
19.623 0.180059 0.00128568 -0.179928 -0.0379626 0.16832
19.654 0.179933 0.00685956 -0.179234 -0.0433375 0.166004
19.685 0.179634 0.0124181 -0.178372 -0.0486633 0.163539
19.716 0.179163 0.017956 -0.177341 -0.0539351 0.160928
19.747 0.178521 0.023468 -0.176144 -0.0591481 0.158172
19.778 0.177708 0.0289488 -0.174781 -0.0642973 0.155275
19.809 0.176726 0.0343934 -0.173254 -0.0693782 0.15224
19.84 0.175576 0.0397965 -0.171564 -0.0743861 0.149069
19.871 0.174259 0.0451531 -0.169715 -0.0793164 0.145765
19.902 0.172777 0.050458 -0.167707 -0.0841645 0.142333
19.933 0.171131 0.0557064 -0.165542 -0.0889261 0.138775
19.964 0.169324 0.0608933 -0.163224 -0.0935969 0.135094
19.995 0.167357 0.0660138 -0.160754 -0.0981726 0.131295
20.026 0.165232 0.0710631 -0.158135 -0.102649 0.12738
20.057 0.162952 0.0760366 -0.15537 -0.107022 0.123354
20.088 0.160518 0.0809295 -0.152461 -0.111288 0.119221
20.119 0.157935 0.0857374 -0.149412 -0.115443 0.114984
20.15 0.155204 0.0904558 -0.146225 -0.119483 0.110647
20.181 0.152328 0.0950803 -0.142905 -0.123405 0.106215
20.212 0.14931 0.0996066 -0.139454 -0.127205 0.101692
20.243 0.146153 0.104031 -0.135875 -0.130879 0.0970824
20.274 0.142861 0.108348 -0.132173 -0.134425 0.0923899
20.305 0.139437 0.112555 -0.12835 -0.13784 0.0876194
20.336 0.135884 0.116648 -0.124412 -0.141119 0.0827752
20.367 0.132206 0.120623 -0.120361 -0.144262 0.077862
20.398 0.128406 0.124477 -0.116201 -0.147263 0.0728844
20.429 0.124489 0.128205 -0.111938 -0.150122 0.0678471
20.46 0.120459 0.131805 -0.107575 -0.152836 0.0627548
20.491 0.116319 0.135273 -0.103116 -0.155402 0.0576122
20.522 0.112073 0.138606 -0.0985653 -0.157818 0.0524242
20.553 0.107727 0.141802 -0.093928 -0.160082 0.0471956
20.584 0.103283 0.144857 -0.0892084 -0.162192 0.0419313
20.615 0.0987471 0.147768 -0.0844111 -0.164147 0.0366361
20.646 0.094123 0.150534 -0.0795406 -0.165944 0.0313151
20.677 0.0894155 0.153151 -0.0746018 -0.167583 0.0259731
20.708 0.0846292 0.155617 -0.0695995 -0.169061 0.0206151
20.739 0.0797688 0.157931 -0.0645384 -0.170379 0.0152461
20.77 0.0748391 0.16009 -0.0594235 -0.171534 0.00987094
20.801 0.0698448 0.162093 -0.0542597 -0.172527 0.00449472
20.832 0.0647909 0.163937 -0.049052 -0.173356 -0.000877661
20.863 0.0596824 0.165622 -0.0438053 -0.17402 -0.00624124
20.894 0.0545241 0.167145 -0.0385248 -0.17452 -0.0115911
20.925 0.0493211 0.168506 -0.0332154 -0.174855 -0.0169223
20.956 0.0440784 0.169703 -0.0278823 -0.175025 -0.0222299
20.987 0.0388012 0.170736 -0.0225305 -0.17503 -0.0275091
21.018 0.0334945 0.171604 -0.0171652 -0.174871 -0.0327551
21.049 0.0281634 0.172306 -0.0117915 -0.174547 -0.037963
21.08 0.0228132 0.172843 -0.00641446 -0.17406 -0.0431282
21.111 0.0174489 0.173212 -0.00103922 -0.173409 -0.0482458
21.142 0.0120757 0.173416 0.00432912 -0.172597 -0.0533112
21.173 0.00669885 0.173453 0.00968547 -0.171623 -0.0583199
21.204 0.00132339 0.173323 0.0150248 -0.170489 -0.0632672
21.235 -0.00404548 0.173028 0.020342 -0.169196 -0.0681488
21.266 -0.00940264 0.172567 0.0256321 -0.167746 -0.0729601
21.297 -0.014743 0.171942 0.03089 -0.16614 -0.0776968
21.328 -0.0200614 0.171153 0.036111 -0.164381 -0.0823546
21.359 -0.0253528 0.170201 0.04129 -0.162469 -0.0869294
21.39 -0.0306122 0.169088 0.0464221 -0.160407 -0.0914169
21.421 -0.0358345 0.167814 0.0515027 -0.158196 -0.0958133
21.452 -0.041015 0.166381 0.0565269 -0.15584 -0.100115
21.483 -0.0461485 0.16479 0.06149 -0.153341 -0.104317
21.514 -0.0512304 0.163044 0.0663874 -0.150701 -0.108416
21.545 -0.0562557 0.161145 0.0712146 -0.147923 -0.112409
21.576 -0.0612198 0.159094 0.075967 -0.14501 -0.116292
21.607 -0.0661179 0.156893 0.0806403 -0.141964 -0.120062
21.638 -0.0709456 0.154545 0.0852302 -0.138789 -0.123715
21.669 -0.0756982 0.152052 0.0897323 -0.135488 -0.127248
21.7 -0.0803714 0.149417 0.0941426 -0.132064 -0.130658
21.731 -0.0849607 0.146643 0.0984569 -0.12852 -0.133942
21.762 -0.0894618 0.143732 0.102671 -0.124861 -0.137097
21.793 -0.0938707 0.140688 0.106782 -0.121089 -0.14012
21.824 -0.0981832 0.137513 0.110785 -0.117208 -0.143009
21.855 -0.102395 0.134211 0.114677 -0.113222 -0.145761
21.886 -0.106503 0.130785 0.118454 -0.109136 -0.148374
21.917 -0.110503 0.127239 0.122114 -0.104952 -0.150845
21.948 -0.114391 0.123575 0.125651 -0.100675 -0.153173
21.979 -0.118163 0.119799 0.129064 -0.0963099 -0.155356
22.01 -0.121817 0.115912 0.13235 -0.0918598 -0.157391
22.041 -0.125349 0.111921 0.135504 -0.0873294 -0.159277
22.072 -0.128755 0.107827 0.138525 -0.0827231 -0.161013
22.103 -0.132033 0.103636 0.14141 -0.0780452 -0.162596
22.134 -0.135179 0.099352 0.144157 -0.0733004 -0.164027
22.165 -0.138192 0.0949784 0.146762 -0.0684931 -0.165303
22.196 -0.141067 0.0905199 0.149224 -0.0636279 -0.166423
22.227 -0.143803 0.0859809 0.15154 -0.0587096 -0.167388
22.258 -0.146397 0.0813658 0.153708 -0.0537427 -0.168196
22.289 -0.148847 0.0766791 0.155728 -0.0487321 -0.168846
22.32 -0.151151 0.0719255 0.157596 -0.0436825 -0.169338
22.351 -0.153306 0.0671095 0.159311 -0.0385988 -0.169673
22.382 -0.155311 0.0622359 0.160872 -0.0334857 -0.169849
22.413 -0.157164 0.0573094 0.162278 -0.0283481 -0.169867
22.444 -0.158864 0.0523348 0.163527 -0.0231908 -0.169727
22.475 -0.160408 0.0473169 0.164619 -0.0180188 -0.169429
22.506 -0.161797 0.0422606 0.165552 -0.0128369 -0.168975
22.537 -0.163028 0.0371708 0.166327 -0.0076501 -0.168363
22.568 -0.164101 0.0320523 0.166942 -0.00246318 -0.167596
22.599 -0.165015 0.0269101 0.167397 0.00271895 -0.166675
22.63 -0.165769 0.0217492 0.167691 0.00789141 -0.165599
22.661 -0.166363 0.0165744 0.167826 0.0130493 -0.164371
22.692 -0.166797 0.0113909 0.167801 0.0181879 -0.162992
22.723 -0.16707 0.00620357 0.167616 0.0233023 -0.161463
22.754 -0.167182 0.00101734 0.167271 0.0283878 -0.159785
22.785 -0.167133 -0.0041628 0.166767 0.0334395 -0.157962
22.816 -0.166924 -0.00933191 0.166106 0.0384528 -0.155993
22.847 -0.166554 -0.0144851 0.165286 0.043423 -0.153883
22.878 -0.166026 -0.0196173 0.164311 0.0483455 -0.151632
22.909 -0.165338 -0.0247239 0.16318 0.0532157 -0.149242
22.94 -0.164493 -0.0297998 0.161895 0.0580291 -0.146717
22.971 -0.163491 -0.0348403 0.160458 0.0627812 -0.144059
23.002 -0.162333 -0.0398406 0.158869 0.0674677 -0.141271
23.033 -0.161021 -0.044796 0.157132 0.0720841 -0.138354
23.064 -0.159557 -0.0497018 0.155247 0.0766263 -0.135313
23.095 -0.15794 -0.0545534 0.153216 0.0810901 -0.132149
23.126 -0.156175 -0.0593462 0.151042 0.0854713 -0.128867
23.157 -0.154262 -0.0640756 0.148728 0.0897659 -0.125469
23.188 -0.152203 -0.0687374 0.146274 0.0939701 -0.121959
23.219 -0.150001 -0.073327 0.143685 0.0980799 -0.11834
23.25 -0.147657 -0.0778402 0.140961 0.102092 -0.114615
23.281 -0.145175 -0.0822728 0.138108 0.106002 -0.110789
23.312 -0.142557 -0.0866206 0.135126 0.109806 -0.106864
23.343 -0.139806 -0.0908796 0.132019 0.113502 -0.102845
23.374 -0.136924 -0.0950459 0.128791 0.117086 -0.0987357
23.405 -0.133914 -0.0991155 0.125444 0.120554 -0.0945396
23.436 -0.13078 -0.103085 0.121983 0.123904 -0.090261
23.467 -0.127524 -0.10695 0.118409 0.127133 -0.0859038
23.498 -0.12415 -0.110707 0.114727 0.130237 -0.0814723
23.529 -0.120661 -0.114354 0.110941 0.133214 -0.0769706
23.56 -0.117061 -0.117886 0.107054 0.136062 -0.0724032
23.591 -0.113353 -0.1213 0.10307 0.138777 -0.0677741
23.622 -0.109542 -0.124594 0.0989927 0.141357 -0.063088
23.653 -0.10563 -0.127764 0.0948267 0.1438 -0.0583492
23.684 -0.101622 -0.130807 0.0905756 0.146105 -0.0535621
23.715 -0.0975211 -0.133721 0.0862438 0.148268 -0.0487313
23.746 -0.0933323 -0.136503 0.0818354 0.150288 -0.0438614
23.777 -0.0890593 -0.139151 0.0773547 0.152164 -0.0389569
23.808 -0.0847064 -0.141661 0.0728061 0.153894 -0.0340224
23.839 -0.0802778 -0.144033 0.068194 0.155475 -0.0290626
23.87 -0.0757778 -0.146263 0.0635228 0.156908 -0.0240822
23.901 -0.0712109 -0.148351 0.0587972 0.158191 -0.0190857
23.932 -0.0665816 -0.150293 0.0540216 0.159322 -0.0140779
23.963 -0.0618943 -0.152089 0.0492006 0.160301 -0.00906339
23.994 -0.0571536 -0.153736 0.044339 0.161128 -0.00404694
24.025 -0.0523642 -0.155235 0.0394414 0.161801 0.000966817
24.056 -0.0475306 -0.156582 0.0345125 0.162321 0.00597321
24.087 -0.0426576 -0.157778 0.029557 0.162686 0.0109676
24.118 -0.03775 -0.15882 0.0245797 0.162897 0.0159453
24.149 -0.0328124 -0.15971 0.0195854 0.162954 0.0209017
24.18 -0.0278496 -0.160444 0.0145787 0.162856 0.0258322
24.211 -0.0228664 -0.161025 0.00956464 0.162605 0.0307323
24.242 -0.0178677 -0.16145 0.00454783 0.1622 0.0355974
24.273 -0.0128581 -0.161719 -0.000466913 0.161643 0.0404231
24.304 -0.00784266 -0.161834 -0.00547481 0.160933 0.0452048
24.335 -0.00282604 -0.161793 -0.0104711 0.160072 0.0499382
24.366 0.0021869 -0.161597 -0.015451 0.15906 0.0546189
24.397 0.00719137 -0.161246 -0.0204099 0.1579 0.0592426
24.428 0.0121826 -0.160742 -0.025343 0.156592 0.063805
24.459 0.0171558 -0.160083 -0.0302457 0.155137 0.0683021
24.49 0.0221062 -0.159272 -0.0351133 0.153537 0.0727296
24.521 0.0270291 -0.15831 -0.0399413 0.151794 0.0770836
24.552 0.0319198 -0.157197 -0.044725 0.14991 0.08136
24.583 0.0367737 -0.155934 -0.0494601 0.147886 0.0855549
24.614 0.0415862 -0.154524 -0.054142 0.145725 0.0896646
24.645 0.0463527 -0.152967 -0.0587664 0.143429 0.0936852
24.676 0.0510687 -0.151266 -0.0633289 0.141 0.0976132
24.707 0.0557297 -0.149422 -0.0678252 0.138441 0.101445
24.738 0.0603314 -0.147436 -0.0722512 0.135754 0.105177
24.769 0.0648693 -0.145312 -0.0766027 0.132941 0.108806
24.8 0.0693393 -0.143051 -0.0808757 0.130007 0.112329
24.831 0.0737371 -0.140656 -0.0850662 0.126953 0.115742
24.862 0.0780586 -0.138129 -0.0891703 0.123783 0.119043
24.893 0.0822998 -0.135473 -0.0931842 0.1205 0.122228
24.924 0.0864567 -0.13269 -0.0971043 0.117106 0.125295
24.955 0.0905253 -0.129784 -0.100927 0.113606 0.128241
24.986 0.094502 -0.126756 -0.104648 0.110003 0.131064
25.017 0.098383 -0.123611 -0.108265 0.1063 0.13376
25.048 0.102165 -0.120351 -0.111774 0.102502 0.136328
25.079 0.105844 -0.11698 -0.115173 0.0986105 0.138765
25.11 0.109416 -0.113501 -0.118457 0.0946308 0.141069
25.141 0.11288 -0.109917 -0.121624 0.0905665 0.143238
25.172 0.11623 -0.106232 -0.124671 0.0864215 0.14527
25.203 0.119465 -0.10245 -0.127595 0.0821997 0.147164
25.234 0.122581 -0.0985749 -0.130394 0.0779053 0.148918
25.265 0.125576 -0.0946095 -0.133065 0.0735424 0.15053
25.296 0.128446 -0.0905583 -0.135606 0.0691153 0.152
25.327 0.131189 -0.0864253 -0.138014 0.0646281 0.153325
25.358 0.133804 -0.0822144 -0.140288 0.0600852 0.154505
25.389 0.136286 -0.0779298 -0.142425 0.055491 0.155539
25.42 0.138635 -0.0735757 -0.144423 0.0508498 0.156426
25.451 0.140847 -0.0691564 -0.146282 0.0461661 0.157165
25.482 0.142922 -0.0646762 -0.147998 0.0414445 0.157756
25.513 0.144856 -0.0601394 -0.149571 0.0366893 0.158199
25.544 0.14665 -0.0555504 -0.150999 0.0319051 0.158493
25.575 0.1483 -0.0509138 -0.152282 0.0270965 0.158639
25.606 0.149806 -0.0462339 -0.153417 0.0222681 0.158635
25.637 0.151166 -0.0415154 -0.154405 0.0174244 0.158483
25.668 0.15238 -0.0367627 -0.155244 0.0125701 0.158182
25.699 0.153445 -0.0319806 -0.155934 0.00770977 0.157734
25.73 0.154362 -0.0271735 -0.156474 0.00284796 0.157138
25.761 0.15513 -0.0223462 -0.156865 -0.00201069 0.156396
25.792 0.155747 -0.0175033 -0.157105 -0.0068616 0.155508
25.823 0.156215 -0.0126494 -0.157194 -0.0117002 0.154476
25.854 0.156532 -0.00778913 -0.157134 -0.0165219 0.1533
25.885 0.156698 -0.00292727 -0.156924 -0.0213221 0.151981
25.916 0.156713 0.00193158 -0.156564 -0.0260964 0.150522
25.947 0.156578 0.00678277 -0.156055 -0.0308403 0.148924
25.978 0.156293 0.0116217 -0.155398 -0.0355493 0.147187
26.009 0.155858 0.0164436 -0.154593 -0.040219 0.145315
26.04 0.155273 0.0212441 -0.153642 -0.044845 0.143309
26.071 0.154541 0.0260185 -0.152545 -0.049423 0.141171
26.102 0.153661 0.0307623 -0.151303 -0.0539488 0.138902
26.133 0.152634 0.0354709 -0.149919 -0.058418 0.136507
26.164 0.151462 0.0401399 -0.148393 -0.0628266 0.133986
26.195 0.150146 0.0447649 -0.146728 -0.0671704 0.131342
26.226 0.148687 0.0493415 -0.144924 -0.0714454 0.128579
26.257 0.147087 0.0538654 -0.142984 -0.0756477 0.125698
26.288 0.145348 0.0583323 -0.14091 -0.0797733 0.122702
26.319 0.143471 0.062738 -0.138704 -0.0838184 0.119595
26.35 0.141459 0.0670784 -0.136367 -0.0877793 0.11638
26.381 0.139313 0.0713493 -0.133904 -0.0916523 0.113059
26.412 0.137036 0.0755468 -0.131315 -0.095434 0.109635
26.443 0.13463 0.0796669 -0.128604 -0.0991207 0.106113
26.474 0.132097 0.0837057 -0.125774 -0.102709 0.102496
26.505 0.129441 0.0876596 -0.122826 -0.106196 0.0987865
26.536 0.126663 0.0915248 -0.119765 -0.109578 0.0949887
26.567 0.123767 0.0952977 -0.116593 -0.112852 0.0911062
26.598 0.120756 0.0989748 -0.113314 -0.116016 0.0871426
26.629 0.117632 0.102553 -0.10993 -0.119066 0.0831019
26.66 0.114399 0.106028 -0.106445 -0.121999 0.0789879
26.691 0.111059 0.109398 -0.102862 -0.124813 0.0748046
26.722 0.107617 0.112659 -0.0991852 -0.127506 0.0705558
26.753 0.104076 0.115808 -0.095418 -0.130074 0.0662458
26.784 0.100438 0.118842 -0.0915641 -0.132517 0.0618785
26.815 0.0967086 0.121759 -0.0876272 -0.13483 0.0574582
26.846 0.0928904 0.124556 -0.0836111 -0.137013 0.052989
26.877 0.0889874 0.12723 -0.0795199 -0.139064 0.0484753
26.908 0.0850034 0.129779 -0.0753574 -0.140981 0.0439212
26.939 0.0809424 0.1322 -0.0711277 -0.142761 0.0393311
26.97 0.0768084 0.134492 -0.0668349 -0.144404 0.0347093
27.001 0.0726053 0.136652 -0.0624833 -0.145909 0.0300603
27.032 0.0683373 0.138679 -0.0580769 -0.147273 0.0253884
27.063 0.0640086 0.140571 -0.0536202 -0.148496 0.0206979
27.094 0.0596234 0.142325 -0.0491173 -0.149576 0.0159934
27.125 0.0551859 0.143941 -0.0445727 -0.150514 0.0112793
27.156 0.0507005 0.145417 -0.0399907 -0.151308 0.00655991
27.187 0.0461715 0.146752 -0.0353757 -0.151957 0.00183977
27.218 0.0416033 0.147945 -0.0307322 -0.152461 -0.00287672
27.249 0.0370004 0.148994 -0.0260646 -0.15282 -0.00758514
27.28 0.0323671 0.1499 -0.0213774 -0.153034 -0.0122811
27.311 0.0277081 0.15066 -0.0166752 -0.153102 -0.0169601
27.342 0.0230277 0.151275 -0.0119623 -0.153025 -0.021618
27.373 0.0183305 0.151745 -0.00724335 -0.152803 -0.0262502
27.404 0.0136211 0.152068 -0.00252282 -0.152436 -0.0308525
27.435 0.00890383 0.152245 0.00219478 -0.151925 -0.0354206
27.466 0.00418337 0.152276 0.00690495 -0.15127 -0.0399503
27.497 -0.000535775 0.152161 0.0116032 -0.150473 -0.0444372
27.528 -0.00524909 0.1519 0.0162851 -0.149533 -0.0488774
27.559 -0.00995206 0.151493 0.0209462 -0.148453 -0.0532666
27.59 -0.0146402 0.150942 0.025582 -0.147233 -0.0576008
27.621 -0.019309 0.150247 0.0301882 -0.145875 -0.061876
27.652 -0.023954 0.149408 0.0347603 -0.14438 -0.0660882
27.683 -0.0285708 0.148427 0.0392941 -0.142749 -0.0702335
27.714 -0.033155 0.147305 0.0437854 -0.140985 -0.0743082
27.745 -0.0377022 0.146042 0.0482297 -0.139089 -0.0783084
27.776 -0.0422082 0.144641 0.052623 -0.137063 -0.0822305
27.807 -0.0466686 0.143103 0.0569612 -0.134909 -0.0860709
27.838 -0.0510792 0.141429 0.0612401 -0.13263 -0.0898261
27.869 -0.0554358 0.139622 0.0654557 -0.130227 -0.0934926
27.9 -0.0597344 0.137682 0.0696041 -0.127703 -0.0970671
27.931 -0.0639708 0.135613 0.0736813 -0.125061 -0.100546
27.962 -0.068141 0.133416 0.0776837 -0.122303 -0.103927
27.993 -0.0722413 0.131093 0.0816074 -0.119432 -0.107206
28.024 -0.0762675 0.128647 0.0854488 -0.116451 -0.110381
28.055 -0.0802161 0.126081 0.0892042 -0.113362 -0.113449
28.086 -0.0840833 0.123396 0.0928703 -0.11017 -0.116406
28.117 -0.0878655 0.120596 0.0964437 -0.106876 -0.11925
28.148 -0.0915591 0.117683 0.0999209 -0.103484 -0.121979
28.179 -0.0951607 0.114661 0.103299 -0.099998 -0.124591
28.21 -0.098667 0.111532 0.106574 -0.0964207 -0.127082
28.241 -0.102075 0.1083 0.109744 -0.0927558 -0.129451
28.272 -0.105381 0.104967 0.112806 -0.0890068 -0.131695
28.303 -0.108582 0.101537 0.115757 -0.0851775 -0.133814
28.334 -0.111675 0.0980136 0.118593 -0.0812714 -0.135803
28.365 -0.114658 0.0944 0.121314 -0.0772925 -0.137663
28.396 -0.117527 0.0906997 0.123915 -0.0732444 -0.139391
28.427 -0.12028 0.0869165 0.126395 -0.0691313 -0.140986
28.458 -0.122915 0.083054 0.128752 -0.0649569 -0.142447
28.489 -0.125429 0.0791161 0.130983 -0.0607255 -0.143772
28.52 -0.127819 0.0751066 0.133086 -0.0564409 -0.14496
28.551 -0.130085 0.0710293 0.13506 -0.0521074 -0.146011
28.582 -0.132222 0.0668884 0.136903 -0.0477291 -0.146922
28.613 -0.134231 0.0626878 0.138613 -0.0433102 -0.147695
28.644 -0.136108 0.0584316 0.140188 -0.038855 -0.148327
28.675 -0.137853 0.054124 0.141628 -0.0343677 -0.148819
28.706 -0.139464 0.0497691 0.142931 -0.0298525 -0.149171
28.737 -0.140938 0.0453712 0.144096 -0.0253139 -0.149381
28.768 -0.142276 0.0409345 0.145122 -0.0207562 -0.149451
28.799 -0.143476 0.0364633 0.146008 -0.0161836 -0.14938
28.83 -0.144537 0.0319619 0.146754 -0.0116006 -0.149168
28.861 -0.145457 0.0274347 0.147359 -0.00701149 -0.148816
28.892 -0.146237 0.0228861 0.147822 -0.00242064 -0.148324
28.923 -0.146876 0.0183203 0.148143 0.00216759 -0.147693
28.954 -0.147373 0.0137419 0.148322 0.00674884 -0.146924
28.985 -0.147728 0.00915523 0.14836 0.0113188 -0.146017
29.016 -0.147941 0.00456467 0.148255 0.0158731 -0.144973
29.047 -0.148011 -2.53787e-05 0.148009 0.0204074 -0.143794
29.078 -0.147939 -0.0046105 0.147622 0.0249176 -0.142481
29.109 -0.147725 -0.00918632 0.147094 0.0293992 -0.141034
29.14 -0.14737 -0.0137485 0.146426 0.0338481 -0.139457
29.171 -0.146873 -0.0182925 0.145619 0.0382602 -0.137749
29.202 -0.146236 -0.0228143 0.144673 0.0426312 -0.135914
29.233 -0.145459 -0.0273093 0.143591 0.046957 -0.133953
29.264 -0.144543 -0.0317734 0.142372 0.0512337 -0.131867
29.295 -0.143489 -0.0362022 0.141018 0.0554571 -0.129659
29.326 -0.142299 -0.0405917 0.139531 0.0596234 -0.127332
29.357 -0.140973 -0.0449376 0.137912 0.0637286 -0.124887
29.388 -0.139513 -0.0492358 0.136163 0.0677689 -0.122327
29.419 -0.137921 -0.0534822 0.134285 0.0717405 -0.119654
29.45 -0.136198 -0.0576728 0.132281 0.0756397 -0.116871
29.481 -0.134346 -0.0618037 0.130153 0.079463 -0.113981
29.512 -0.132367 -0.065871 0.127903 0.0832067 -0.110986
29.543 -0.130263 -0.0698708 0.125533 0.0868674 -0.10789
29.574 -0.128036 -0.0737994 0.123045 0.0904417 -0.104696
29.605 -0.125688 -0.0776531 0.120442 0.0939263 -0.101406
29.636 -0.123222 -0.0814282 0.117727 0.0973179 -0.098024
29.667 -0.12064 -0.0851213 0.114902 0.100614 -0.0945531
29.698 -0.117945 -0.0887289 0.11197 0.10381 -0.0909967
29.729 -0.11514 -0.0922476 0.108934 0.106905 -0.0873581
29.76 -0.112227 -0.0956741 0.105797 0.109894 -0.083641
29.791 -0.109209 -0.0990053 0.102562 0.112776 -0.0798489
29.822 -0.10609 -0.102238 0.099233 0.115548 -0.0759854
29.853 -0.102871 -0.105369 0.0958121 0.118207 -0.0720543
29.884 -0.0995577 -0.108396 0.0923032 0.120751 -0.0680593
29.915 -0.0961519 -0.111316 0.0887097 0.123178 -0.0640042
29.946 -0.0926572 -0.114126 0.0850351 0.125485 -0.0598929
29.977 -0.0890772 -0.116824 0.081283 0.12767 -0.0557295
30.008 -0.0854153 -0.119406 0.077457 0.129731 -0.0515177
30.039 -0.0816752 -0.121872 0.073561 0.131667 -0.0472617
30.07 -0.0778605 -0.124218 0.0695986 0.133476 -0.0429655
30.101 -0.073975 -0.126443 0.0655737 0.135156 -0.0386332
30.132 -0.0700224 -0.128543 0.0614903 0.136706 -0.0342689
30.163 -0.0660066 -0.130519 0.0573523 0.138124 -0.0298767
30.194 -0.0619315 -0.132367 0.0531637 0.13941 -0.0254609
30.225 -0.0578012 -0.134086 0.0489286 0.140561 -0.0210256
30.256 -0.0536195 -0.135675 0.044651 0.141578 -0.016575
30.287 -0.0493907 -0.137132 0.0403351 0.142459 -0.0121133
30.318 -0.0451187 -0.138456 0.0359851 0.143204 -0.00764472
30.349 -0.0408078 -0.139646 0.0316051 0.143812 -0.00317352
30.38 -0.036462 -0.140701 0.0271993 0.144282 0.00129612
30.411 -0.0320857 -0.141619 0.022772 0.144615 0.00575998
30.442 -0.0276831 -0.142401 0.0183275 0.144809 0.0102139
30.473 -0.0232583 -0.143045 0.0138699 0.144866 0.0146535
30.504 -0.0188157 -0.143552 0.00940366 0.144785 0.0190749
30.535 -0.0143595 -0.14392 0.00493292 0.144566 0.0234738
30.566 -0.00989404 -0.14415 0.000462002 0.14421 0.027846
30.597 -0.00542363 -0.144241 -0.00400483 0.143718 0.0321875
30.628 -0.000952524 -0.144194 -0.0084633 0.143089 0.0364942
30.659 0.00351497 -0.144008 -0.0129092 0.142324 0.0407622
30.69 0.00797457 -0.143685 -0.0173382 0.141425 0.0449873
30.721 0.012422 -0.143224 -0.0217462 0.140392 0.0491657
30.752 0.016853 -0.142626 -0.0261289 0.139227 0.0532934
30.783 0.0212634 -0.141892 -0.0304822 0.137931 0.0573667
30.814 0.0256489 -0.141022 -0.034802 0.136504 0.0613817
30.845 0.0300054 -0.140018 -0.0390842 0.13495 0.0653347
30.876 0.0343287 -0.138881 -0.0433247 0.133268 0.0692221
30.907 0.0386146 -0.137611 -0.0475195 0.131461 0.0730402
30.938 0.0428592 -0.136211 -0.0516646 0.129531 0.0767854
30.969 0.0470584 -0.134682 -0.0557562 0.12748 0.0804544
