-1.32580764857604e-07 9960.56
0.0559998674192351 9960.56
0.111999867419235 9960.6
0.167999867419235 9960.66
0.223999867419235 9960.58
0.279999867419235 9959.98
0.335999867419235 9957.95
0.391999867419235 9952.61
0.447999867419235 9940.53
0.503999867419235 9915.91
0.559999867419235 9869.99
0.615999867419235 9791.15
0.671999867419235 9666.53
0.727999867419235 9485.53
0.783999867419235 9244.5
0.839999867419235 8951.82
0.895999867419235 8631.21
0.951999867419235 8319.29
1.00799986741924 8056.63
1.06399986741924 7879.37
1.11999986741924 7817.63
1.17599986741924 7902.28
1.23199986741923 8174.6
1.28799986741924 8680.82
1.34399986741924 9460.95
1.39999986741924 10560.2
1.45599986741924 12041
1.51199986741923 13958.3
1.56799986741924 16354.5
1.62399986741924 19298.5
1.67999986741923 22862
1.73599986741923 27099.5
1.79199986741924 32100.3
1.84799986741924 37971.7
1.90399986741924 44816.7
1.95999986741923 52767.4
2.01599986741923 61975.7
2.07199986741923 72607.1
2.12799986741923 84853.2
2.18399986741923 98927.7
2.23999986741923 115075
2.29599986741923 133566
2.35199986741923 154708
2.40799986741923 178846
2.46399986741923 206360
2.51999986741923 237677
2.57599986741923 273274
2.63199986741923 313691
2.68799986741923 359560
2.74399986741923 411600
2.79999986741923 470617
2.85599986741923 537480
2.91199986741923 613074
2.96799986741923 698251
3.02399986741923 793905
3.07999986741923 901188
3.13599986741923 1.02164e+06
3.19199986741923 1.15711e+06
3.24799986741923 1.30963e+06
3.30399986741923 1.48129e+06
3.35999986741923 1.67422e+06
3.41599986741923 1.8907e+06
3.47199986741923 2.13316e+06
3.52799986741923 2.40418e+06
3.58399986741923 2.70655e+06
3.63999986741923 3.04323e+06
3.69599986741923 3.41737e+06
3.75199986741923 3.83223e+06
3.80799986741923 4.29124e+06
3.86399986741923 4.79791e+06
3.91999986741923 5.35599e+06
3.97599986741923 5.96946e+06
4.03199986741923 6.64255e+06
4.08799986741923 7.37963e+06
4.14399986741923 8.18508e+06
4.19999986741923 9.06298e+06
4.25599986741923 1.00169e+07
4.31199986741923 1.10493e+07
4.36799986741923 1.21616e+07
4.42399986741923 1.33537e+07
4.47999986741923 1.46238e+07
4.53599986741923 1.59684e+07
4.59199986741923 1.73821e+07
4.64799986741923 1.88577e+07
4.70399986741923 2.03862e+07
4.75999986741923 2.19571e+07
4.81599986741923 2.3558e+07
4.87199986741923 2.51754e+07
4.92799986741923 2.67943e+07
4.98399986741923 2.83992e+07
5.03999986741923 2.99746e+07
5.09599986741923 3.15065e+07
5.15199986741923 3.29826e+07
5.20799986741923 3.43913e+07
5.26399986741923 3.57205e+07
5.31999986741923 3.69594e+07
5.37599986741923 3.81018e+07
5.43199986741923 3.91456e+07
5.48799986741923 4.00886e+07
5.54399986741923 4.09255e+07
5.59999986741923 4.16476e+07
5.65599986741923 4.22444e+07
5.71199986741923 4.27061e+07
5.76799986741923 4.30276e+07
5.82399986741923 4.32116e+07
5.87999986741923 4.32671e+07
5.93599986741923 4.32061e+07
5.99199986741923 4.30428e+07
6.04799986741923 4.27916e+07
6.10399986741923 4.24652e+07
6.15999986741923 4.20745e+07
6.21599986741923 4.16288e+07
6.27199986741923 4.11365e+07
6.32799986741923 4.0605e+07
6.38399986741923 4.00417e+07
6.43999986741923 3.94535e+07
6.49599986741923 3.88467e+07
6.55199986741923 3.82274e+07
6.60799986741923 3.76011e+07
6.66399986741923 3.69723e+07
6.71999986741923 3.63452e+07
6.77599986741923 3.57229e+07
6.83199986741923 3.51085e+07
6.88799986741923 3.45045e+07
6.94399986741923 3.39132e+07
6.99999986741923 3.33364e+07
7.05599986741923 3.27761e+07
7.11199986741923 3.22345e+07
7.16799986741923 3.17133e+07
7.22399986741923 3.12145e+07
7.27999986741923 3.07397e+07
7.33599986741923 3.02903e+07
7.39199986741923 2.98676e+07
7.44799986741923 2.9473e+07
7.50399986741923 2.91079e+07
7.55999986741923 2.87737e+07
7.61599986741923 2.84716e+07
7.67199986741923 2.82027e+07
7.72799986741923 2.7968e+07
7.78399986741923 2.77683e+07
7.83999986741923 2.76042e+07
7.89599986741923 2.74758e+07
7.95199986741923 2.73832e+07
8.00799986741923 2.73262e+07
8.06399986741924 2.73043e+07
8.11999986741924 2.7317e+07
8.17599986741923 2.73636e+07
8.23199986741924 2.74434e+07
8.28799986741923 2.75554e+07
8.34399986741924 2.76983e+07
8.39999986741923 2.78703e+07
8.45599986741924 2.80692e+07
8.51199986741923 2.82918e+07
8.56799986741924 2.85342e+07
8.62399986741923 2.87915e+07
8.67999986741924 2.90583e+07
8.73599986741923 2.93294e+07
8.79199986741924 2.96e+07
8.84799986741923 2.98664e+07
8.90399986741924 3.01265e+07
8.95999986741923 3.03797e+07
9.01599986741923 3.06274e+07
9.07199986741924 3.0872e+07
9.12799986741923 3.11171e+07
9.18399986741924 3.13669e+07
9.23999986741923 3.1625e+07
9.29599986741924 3.1894e+07
9.35199986741923 3.21748e+07
9.40799986741924 3.24668e+07
9.46399986741923 3.27681e+07
9.51999986741924 3.30747e+07
9.57599986741923 3.33807e+07
9.63199986741924 3.36782e+07
9.68799986741923 3.396e+07
9.74399986741924 3.42209e+07
9.79999986741923 3.44575e+07
9.85599986741923 3.4668e+07
9.91199986741923 3.48524e+07
9.96799986741923 3.50114e+07
10.0239998674192 3.51457e+07
10.0799998674192 3.52563e+07
10.1359998674192 3.53448e+07
10.1919998674192 3.54128e+07
10.2479998674192 3.54627e+07
10.3039998674192 3.54966e+07
10.3599998674192 3.55163e+07
10.4159998674192 3.55231e+07
10.4719998674192 3.55177e+07
10.5279998674192 3.55002e+07
10.5839998674192 3.5471e+07
10.6399998674192 3.54302e+07
10.6959998674192 3.53782e+07
10.7519998674192 3.53155e+07
10.8079998674192 3.52426e+07
10.8639998674192 3.51601e+07
10.9199998674192 3.50683e+07
10.9759998674192 3.49672e+07
11.0319998674192 3.4857e+07
11.0879998674192 3.47379e+07
11.1439998674192 3.461e+07
11.1999998674192 3.4474e+07
11.2559998674192 3.43305e+07
11.3119998674192 3.41805e+07
11.3679998674192 3.40248e+07
11.4239998674192 3.38643e+07
11.4799998674192 3.36993e+07
11.5359998674192 3.35301e+07
11.5919998674192 3.33569e+07
11.6479998674192 3.31798e+07
11.7039998674192 3.2999e+07
11.7599998674192 3.28144e+07
11.8159998674192 3.26262e+07
11.8719998674192 3.24344e+07
11.9279998674192 3.2239e+07
11.9839998674192 3.20401e+07
