-2.65161529715209e-07 9960.17 0 0
0.0559997348384703 9960.17 1.7438e-28 2.02977e-28
0.11199973483847 9960.14 6.43159e-24 1.153e-27
0.16799973483847 9960 2.83515e-20 4.96289e-27
0.22399973483847 9959.54 4.80726e-18 8.66458e-27
0.27999973483847 9958.29 2.10027e-16 1.54244e-26
0.33599973483847 9955.22 4.31062e-15 3.46233e-26
0.39199973483847 9948.11 5.46087e-14 1.38965e-25
0.44799973483847 9932.22 4.95826e-13 1.63259e-24
0.50399973483847 9897.56 3.53514e-12 2.92513e-23
0.55999973483847 9824.6 2.10093e-11 4.5173e-22
0.61599973483847 9679.78 1.08311e-10 4.82141e-16
0.67199973483847 9417.4 4.96124e-10 4.82092e-16
0.72799973483847 8998.61 2.04547e-09 4.82525e-16
0.78399973483847 8428.52 7.60026e-09 4.87672e-16
0.83999973483847 7782.31 2.53383e-08 5.6317e-16
0.89599973483847 7177.73 7.5508e-08 1.89248e-14
0.95199973483847 6702.27 2.01637e-07 1.92868e-14
1.00799973483847 6366.6 4.8738e-07 2.25586e-14
1.06399973483847 6131.1 1.08155e-06 2.97261e-14
1.11999973483847 5965.47 2.23548e-06 5.00323e-14
1.17599973483847 5872.21 4.35668e-06 9.90024e-14
1.23199973483847 5866 8.08323e-06 2.12037e-13
1.28799973483847 5949.33 1.43868e-05 4.63825e-13
1.34399973483847 6122.02 2.47162e-05 1.00102e-12
1.39999973483847 6399.2 4.11928e-05 2.12597e-12
1.45599973483847 6795.93 6.68739e-05 4.40865e-12
1.51199973483847 7314.67 0.000106111 8.94969e-12
1.56799973483847 7967.04 0.000165052 1.7814e-11
1.62399973483847 8773.42 0.000252294 3.47545e-11
1.67999973483847 9740.91 0.000379798 6.66141e-11
1.73599973483847 10881.8 0.000564152 1.25777e-10
1.79199973483847 12222.3 0.000828263 2.33905e-10
1.84799973483847 13775.9 0.00120372 4.30357e-10
1.90399973483847 15561.1 0.00173404 7.84741e-10
1.95999973483847 17612.4 0.00247928 1.42337e-09
2.01599973483847 19952.5 0.00352235 2.57985e-09
2.07199973483847 22612 0.00497802 4.67902e-09
2.12799973483847 25637.6 0.00700548 8.52296e-09
2.18399973483847 29064.9 0.0098267 1.56346e-08
2.23999973483847 32944.5 0.0137524 2.89512e-08
2.29599973483847 37338.8 0.0192188 5.40912e-08
2.35199973483847 42303.7 0.0268423 1.01982e-07
2.40799973483847 47914.4 0.0374969 1.93973e-07
2.46399973483847 54252.8 0.052428 3.70985e-07
2.51999973483847 61408 0.0734182 7.12345e-07
2.57599973483847 69502.2 0.103032 1.37026e-06
2.63199973483847 78677.8 0.144963 2.63542e-06
2.68799973483847 89091 0.20455 5.05912e-06
2.74399973483847 100886 0.289525 9.68014e-06
2.79999973483847 114166 0.411106 1.84434e-05
2.85599973483847 129002 0.58559 3.49707e-05
2.91199973483847 145474 0.836698 6.59698e-05
2.96799973483847 163822 1.19899 0.000123815
3.02399973483847 184655 1.72273 0.0002312
3.07999973483847 208790 2.48074 0.000429355
3.13599973483847 236709 3.57798 0.000792862
3.19199973483847 268411 5.16548 0.00145584
3.24799973483847 303872 7.46056 0.00265784
3.30399973483847 343400 10.7758 0.00482576
3.35999973483847 387546 15.5599 0.00871086
3.41599973483847 436883 22.4542 0.0156229
3.47199973483847 491892 32.3744 0.0278336
3.52799973483847 553036 46.6231 0.0492368
3.58399973483847 620950 67.049 0.0864085
3.63999973483847 696620 96.2665 0.150303
3.69599973483847 781434 137.956 0.258872
3.75199973483847 877089 197.277 0.441333
3.80799973483847 985429 281.414 0.744047
3.86399973483847 1.10829e+06 400.324 1.24125
3.91999973483847 1.24737e+06 567.717 2.04988
3.97599973483847 1.40415e+06 802.372 3.35757
4.03199973483847 1.57998e+06 1129.86 5.46809
4.08799973483847 1.77621e+06 1584.82 8.89689
4.14399973483847 1.99432e+06 2213.86 14.5401
4.19999973483847 2.236e+06 3079.32 24.014
4.25599973483847 2.50336e+06 4263.9 40.3093
4.31199973483847 2.79888e+06 5876.38 68.9745
4.36799973483847 3.12543e+06 8058.59 120.185
4.42399973483847 3.48621e+06 10993.3 212.207
4.47999973483847 3.88469e+06 14913.5 376.622
4.53599973483847 4.32446e+06 20112.1 665.526
4.59199973483847 4.80922e+06 26951.8 1160.38
4.64799973483847 5.34262e+06 35874.6 1980.3
4.70399973483847 5.92817e+06 47408.8 3285.91
4.75999973483847 6.56915e+06 62172.6 5272.82
4.81599973483847 7.26863e+06 80871 8148.63
4.87199973483847 8.02958e+06 104282 12090.4
4.92799973483847 8.85489e+06 133226 17186.2
4.98399973483847 9.747e+06 168516 23380.4
5.03999973483847 1.07072e+07 210871 30449.8
5.09599973483847 1.17349e+07 260794 38036.9
5.15199973483847 1.28288e+07 318422 45741.9
5.20799973483847 1.39878e+07 383339 53237.3
5.26399973483847 1.52125e+07 454418 60333.8
5.31999973483847 1.65021e+07 529701 66927.1
5.37599973483847 1.78519e+07 606375 72835.3
5.43199973483847 1.92534e+07 680927 77642.1
5.48799973483847 2.06952e+07 749462 80707
5.54399973483847 2.21652e+07 808149 81429.4
5.59999973483847 2.36495e+07 853724 79674.7
5.65599973483847 2.51342e+07 883950 76095.2
5.71199973483847 2.66062e+07 897935 72090.3
5.76799973483847 2.80536e+07 896229 69342.8
5.82399973483847 2.94635e+07 880775 69171.2
5.87999973483847 3.08205e+07 854677 72052.9
5.93599973483847 3.21095e+07 821878 77545.6
5.99199973483847 3.33153e+07 786773 84567.8
6.04799973483847 3.4423e+07 753781 91820.5
6.10399973483847 3.54196e+07 726911 98150.9
6.15999973483847 3.62966e+07 709393 102778
6.21599973483847 3.70488e+07 703398 105398
6.27199973483847 3.7674e+07 709905 106197
6.32799973483847 3.81729e+07 728740 105743
6.38399973483847 3.85491e+07 758761 104800
6.43999973483847 3.88078e+07 798156 104071
6.49599973483847 3.89544e+07 844802 103974
6.55199973483847 3.8996e+07 896608 104529
6.60799973483847 3.894e+07 951820 105424
6.66399973483847 3.87932e+07 1.00922e+06 106194
6.71999973483847 3.85626e+07 1.06823e+06 106422
6.77599973483847 3.82553e+07 1.1289e+06 105890
6.83199973483847 3.78783e+07 1.19175e+06 104654
6.88799973483847 3.74389e+07 1.25761e+06 103056
6.94399973483847 3.69453e+07 1.32741e+06 101669
6.99999973483847 3.64055e+07 1.4019e+06 101161
7.05599973483847 3.58267e+07 1.48155e+06 102141
7.11199973483847 3.52159e+07 1.56637e+06 105005
7.16799973483847 3.45798e+07 1.65593e+06 109840
7.22399973483847 3.39256e+07 1.7493e+06 116421
7.27999973483847 3.32604e+07 1.84512e+06 124259
7.33599973483847 3.25902e+07 1.9417e+06 132706
7.39199973483847 3.19195e+07 2.03711e+06 141078
7.44799973483847 3.12518e+07 2.12926e+06 148779
7.50399973483847 3.05898e+07 2.21603e+06 155382
7.55999973483847 2.99364e+07 2.29538e+06 160664
7.61599973483847 2.9294e+07 2.36542e+06 164583
7.67199973483847 2.86645e+07 2.42455e+06 167212
7.72799973483847 2.80495e+07 2.47158e+06 168692
7.78399973483847 2.74503e+07 2.5058e+06 169205
7.83999973483847 2.68678e+07 2.52706e+06 168979
7.89599973483847 2.63027e+07 2.53586e+06 168303
7.95199973483847 2.57554e+07 2.53334e+06 167505
8.00799973483847 2.52258e+07 2.52117e+06 166897
8.06399973483847 2.47142e+07 2.50153e+06 166713
8.11999973483847 2.42207e+07 2.47689e+06 167051
8.17599973483847 2.37458e+07 2.44982e+06 167871
8.23199973483847 2.329e+07 2.42285e+06 169025
8.28799973483847 2.28536e+07 2.39822e+06 170323
8.34399973483847 2.24366e+07 2.37776e+06 171584
8.39999973483847 2.2039e+07 2.36282e+06 172674
8.45599973483847 2.1661e+07 2.35424e+06 173517
8.51199973483847 2.13031e+07 2.35232e+06 174091
8.56799973483847 2.09659e+07 2.35693e+06 174426
8.62399973483847 2.06503e+07 2.36755e+06 174591
8.67999973483847 2.03572e+07 2.38336e+06 174689
8.73599973483847 2.00874e+07 2.40328e+06 174842
8.79199973483847 1.9842e+07 2.42611e+06 175157
8.84799973483847 1.96223e+07 2.45053e+06 175702
8.90399973483847 1.94295e+07 2.47525e+06 176493
8.95999973483847 1.92649e+07 2.49905e+06 177496
9.01599973483847 1.91294e+07 2.5209e+06 178650
9.07199973483847 1.90236e+07 2.54002e+06 179875
9.12799973483847 1.89476e+07 2.55593e+06 181084
9.18399973483847 1.89017e+07 2.56842e+06 182191
9.23999973483847 1.88861e+07 2.57753e+06 183119
9.29599973483847 1.8901e+07 2.58343e+06 183818
9.35199973483847 1.8946e+07 2.58635e+06 184266
9.40799973483847 1.90196e+07 2.58645e+06 184480
9.46399973483847 1.91202e+07 2.58378e+06 184504
9.51999973483847 1.92456e+07 2.57818e+06 184399
9.57599973483847 1.93938e+07 2.56937e+06 184229
9.63199973483847 1.95629e+07 2.55698e+06 184058
9.68799973483847 1.97508e+07 2.54069e+06 183952
9.74399973483847 1.99549e+07 2.52035e+06 183988
9.79999973483847 2.01727e+07 2.49615e+06 184248
9.85599973483847 2.04018e+07 2.46867e+06 184806
9.91199973483847 2.06393e+07 2.43887e+06 185706
9.96799973483847 2.08823e+07 2.40808e+06 186941
10.0239997348385 2.11284e+07 2.37787e+06 188474
10.0799997348385 2.13761e+07 2.34988e+06 190268
10.1359997348385 2.16244e+07 2.32575e+06 192319
10.1919997348385 2.18729e+07 2.30696e+06 194663
10.2479997348385 2.21208e+07 2.29475e+06 197331
10.3039997348385 2.23672e+07 2.29011e+06 200290
10.3599997348385 2.2611e+07 2.29368e+06 203404
10.4159997348385 2.28509e+07 2.30579e+06 206461
10.4719997348385 2.30853e+07 2.32638e+06 209228
10.5279997348385 2.33136e+07 2.35505e+06 211502
10.5839997348385 2.35357e+07 2.39097e+06 213118
10.6399997348385 2.37514e+07 2.43291e+06 213937
10.6959997348385 2.39607e+07 2.47932e+06 213851
10.7519997348385 2.41633e+07 2.52834e+06 212832
10.8079997348385 2.43579e+07 2.578e+06 210983
10.8639997348385 2.45421e+07 2.62632e+06 208549
10.9199997348385 2.47132e+07 2.67142e+06 205868
10.9759997348385 2.48687e+07 2.71172e+06 203311
11.0319997348385 2.50062e+07 2.74598e+06 201217
11.0879997348385 2.51233e+07 2.77337e+06 199869
11.1439997348385 2.52175e+07 2.79352e+06 199470
11.1999997348385 2.52866e+07 2.80652e+06 200117
11.2559997348385 2.53291e+07 2.81291e+06 201779
11.3119997348385 2.53444e+07 2.81357e+06 204272
11.3679997348385 2.53322e+07 2.80967e+06 207274
11.4239997348385 2.52923e+07 2.80252e+06 210373
11.4799997348385 2.52243e+07 2.79348e+06 213132
11.5359997348385 2.51281e+07 2.78385e+06 215168
11.5919997348385 2.50038e+07 2.77476e+06 216209
11.6479997348385 2.48526e+07 2.76715e+06 216151
11.7039997348385 2.46765e+07 2.7617e+06 215084
11.7599997348385 2.44773e+07 2.75888e+06 213289
11.8159997348385 2.42571e+07 2.7589e+06 211195
11.8719997348385 2.40177e+07 2.7618e+06 209299
11.9279997348385 2.37607e+07 2.76741e+06 208057
11.9839997348385 2.3488e+07 2.77543e+06 207802
