-2.65637118685023e-07 9959.45 0 0
0.0559997343628813 9959.45 6.2595e-28 3.62089e-28
0.111999734362881 9959.41 1.79502e-24 2.12405e-27
0.167999734362881 9959.2 7.78462e-21 6.67829e-27
0.223999734362881 9958.44 1.32671e-18 1.75825e-26
0.279999734362881 9956.38 5.82074e-17 4.09426e-26
0.335999734362881 9951.52 1.19639e-15 7.08914e-26
0.391999734362881 9941.19 1.51231e-14 1.20695e-25
0.447999734362881 9920.78 1.36383e-13 3.22375e-25
0.503999734362881 9882.94 9.60431e-13 3.43292e-24
0.559999734362881 9816.96 5.6024e-12 5.46408e-23
0.615999734362881 9709.33 2.81633e-11 7.34723e-22
0.671999734362881 9546.57 1.25225e-10 8.18017e-21
0.727999734362881 9320.72 4.99882e-10 7.68296e-20
0.783999734362881 9035.49 1.80182e-09 1.23643e-14
0.839999734362881 8708.8 5.86089e-09 1.23638e-14
0.895999734362881 8367.59 1.7184e-08 2.15904e-14
0.951999734362881 8037.45 4.55445e-08 6.80805e-14
1.00799973436288 7734.12 1.10089e-07 6.84554e-14
1.06399973436288 7462.58 2.45531e-07 6.96144e-14
1.11999973436288 7223.26 5.1136e-07 7.27314e-14
1.17599973436288 7018.28 1.0048e-06 8.09217e-14
1.23199973436288 6852.37 1.87853e-06 1.01479e-13
1.28799973436288 6730.06 3.36412e-06 1.49593e-13
1.34399973436288 6654.97 5.80287e-06 2.87206e-13
1.39999973436288 6632.54 9.68551e-06 5.28731e-13
1.45599973436288 6669.35 1.57023e-05 1.00302e-12
1.51199973436288 6769.89 2.48059e-05 1.94721e-12
1.56799973436288 6938.76 3.82897e-05 3.79415e-12
1.62399973436288 7182.84 5.7888e-05 7.19404e-12
1.67999973436288 7506.46 8.58968e-05 1.3167e-11
1.73599973436288 7913.03 0.000125325 2.45705e-11
1.79199973436288 8409.46 0.000180087 4.21574e-11
1.84799973436288 8999.81 0.000255235 7.25964e-11
1.90399973436288 9687.11 0.000357267 1.20704e-10
1.95999973436288 10478.8 0.000494491 1.9696e-10
2.01599973436288 11379 0.000677513 3.17637e-10
2.07199973436288 12392.1 0.000919827 5.08197e-10
2.12799973436288 13526.6 0.00123856 8.07599e-10
2.18399973436288 14787.9 0.00165541 1.27762e-09
2.23999973436288 16183.1 0.0021979 2.02496e-09
2.29599973436288 17722.4 0.00290083 3.16469e-09
2.35199973436288 19413.5 0.00380829 4.90884e-09
2.40799973436288 21266.4 0.00497592 7.60124e-09
2.46399973436288 23292.7 0.0064742 1.17391e-08
2.51999973436288 25504.3 0.0083922 1.80667e-08
2.57599973436288 27919.3 0.0108426 2.77571e-08
2.63199973436288 30558.7 0.0139683 4.26072e-08
2.68799973436288 33443.1 0.01795 6.52033e-08
2.74399973436288 36587.5 0.0230172 9.96591e-08
2.79999973436288 39994.1 0.0294608 1.52158e-07
2.85599973436288 43661.3 0.0376518 2.32064e-07
2.91199973436288 47601.2 0.048064 3.5368e-07
2.96799973436288 51857.4 0.0613043 5.38828e-07
3.02399973436288 56505.7 0.0781508 8.20912e-07
3.07999973436288 61630.7 0.0995985 1.25089e-06
3.13599973436288 67290.1 0.126919 1.90616e-06
3.19199973436288 73504.4 0.16174 2.90409e-06
3.24799973436288 80275.1 0.206144 4.42275e-06
3.30399973436288 87604.9 0.262821 6.73373e-06
3.35999973436288 95504.4 0.335244 1.02524e-05
3.41599973436288 103991 0.427907 1.5616e-05
3.47199973436288 113090 0.546639 2.38035e-05
3.52799973436288 122844 0.699012 3.63201e-05
3.58399973436288 133318 0.894875 5.54925e-05
3.63999973436288 144610 1.14707 8.49247e-05
3.69599973436288 156854 1.47229 0.000130202
3.75199973436288 170213 1.89224 0.000199969
3.80799973436288 184863 2.43504 0.000307607
3.86399973436288 200986 3.13708 0.000473791
3.91999973436288 218744 4.04531 0.000730405
3.97599973436288 238281 5.22021 0.00112657
4.03199973436288 259725 6.73969 0.00173786
4.08799973436288 283174 8.70393 0.00268036
4.14399973436288 308725 11.2419 0.00413225
4.19999973436288 336486 14.5198 0.00636702
4.25599973436288 366579 18.7513 0.0098028
4.31199973436288 399156 24.2115 0.015078
4.36799973436288 434412 31.2547 0.0231647
4.42399973436288 472579 40.3364 0.0355375
4.47999973436288 513922 52.0412 0.0544218
4.53599973436288 558748 67.1188 0.0831587
4.59199973436288 607390 86.5297 0.126742
4.64799973436288 660201 111.501 0.192591
4.70399973436288 717559 143.602 0.291693
4.75999973436288 779863 184.836 0.440259
4.81599973436288 847551 237.748 0.662093
4.87199973436288 921102 305.575 0.992136
4.92799973436288 1.00106e+06 392.423 1.48166
4.98399973436288 1.08803e+06 503.499 2.20607
5.03999973436288 1.18264e+06 645.37 3.2763
5.09599973436288 1.28546e+06 826.296 4.8562
5.15199973436288 1.3971e+06 1056.67 7.18916
5.20799973436288 1.51838e+06 1349.51 10.6369
5.26399973436288 1.65055e+06 1721.01 15.7376
5.31999973436288 1.7952e+06 2191.27 23.2917
5.37599973436288 1.95375e+06 2785.12 34.4852
5.43199973436288 2.12722e+06 3532.98 51.0621
5.48799973436288 2.31642e+06 4471.96 75.552
5.54399973436288 2.52215e+06 5646.81 111.572
5.59999973436288 2.74524e+06 7111.74 164.243
5.65599973436288 2.98666e+06 8931.4 240.609
5.71199973436288 3.24782e+06 11182.1 350.057
5.76799973436288 3.53068e+06 13953.5 504.822
5.82399973436288 3.83726e+06 17350 720.38
5.87999973436288 4.16907e+06 21489 1015.3
5.93599973436288 4.52731e+06 26503.3 1410.98
5.99199973436288 4.91278e+06 32537.1 1930.69
6.04799973436288 5.32555e+06 39745.8 2599.03
6.10399973436288 5.76525e+06 48290.4 3439.83
6.15999973436288 6.2314e+06 58328.6 4474.6
6.21599973436288 6.72362e+06 70003.5 5718.49
6.27199973436288 7.24144e+06 83417.6 7174.97
6.32799973436288 7.78443e+06 98620.9 8833.01
6.38399973436288 8.35227e+06 115602 10666.5
6.43999973436288 8.94471e+06 134273 12634.6
6.49599973436288 9.5612e+06 154452 14677.6
6.55199973436288 1.0201e+07 175855 16715.7
6.60799973436288 1.0863e+07 198092 18649.9
6.66399973436288 1.15456e+07 220665 20363
6.71999973436288 1.22468e+07 242991 21728.5
6.77599973436288 1.29638e+07 264419 22626.8
6.83199973436288 1.36936e+07 284268 22968
6.88799973436288 1.44328e+07 301877 22718.8
6.94399973436288 1.5178e+07 316643 21924.1
6.99999973436288 1.59255e+07 328078 20719.5
7.05599973436288 1.66717e+07 335839 19322.8
7.11199973436288 1.74127e+07 339773 18008.5
7.16799973436288 1.81447e+07 339929 17063.1
7.22399973436288 1.88638e+07 336567 16729.8
7.27999973436288 1.95665e+07 330138 17156.7
7.33599973436288 2.02493e+07 321272 18361.4
7.39199973436288 2.09088e+07 310724 20222.4
7.44799973436288 2.15416e+07 299340 22504.8
7.50399973436288 2.21444e+07 287997 24910.7
7.55999973436288 2.27142e+07 277553 27142.5
7.61599973436288 2.32481e+07 268794 28961.2
7.67199973436288 2.37439e+07 262386 30225.1
7.72799973436288 2.41994e+07 258840 30906.4
7.78399973436288 2.46131e+07 258482 31084.8
7.83999973436288 2.49835e+07 261444 30922.5
7.89599973436288 2.53097e+07 267670 30625.2
7.95199973436288 2.55912e+07 276930 30397.2
8.00799973436288 2.58278e+07 288853 30400.7
8.06399973436288 2.60197e+07 302965 30725.8
8.11999973436288 2.61675e+07 318735 31378.6
8.17599973436288 2.62719e+07 335616 32287.2
8.23199973436288 2.63342e+07 353091 33324.6
8.28799973436288 2.63556e+07 370701 34341.3
8.34399973436288 2.63376e+07 388074 35200.2
8.39999973436288 2.62819e+07 404939 35807.4
8.45599973436288 2.61904e+07 421129 36133.3
8.51199973436288 2.6065e+07 436581 36219.8
8.56799973436288 2.5908e+07 451325 36171.4
8.62399973436288 2.57217e+07 465465 36131.1
8.67999973436288 2.55083e+07 479160 36248.3
8.73599973436288 2.52703e+07 492597 36651.5
8.79199973436288 2.50102e+07 505964 37435.2
8.84799973436288 2.47303e+07 519429 38663.3
8.90399973436288 2.4433e+07 533123 40380
8.95999973436288 2.41205e+07 547129 42616.1
9.01599973436288 2.37948e+07 561476 45386.4
9.07199973436288 2.34578e+07 576148 48675.9
9.12799973436288 2.31117e+07 591083 52425.9
9.18399973436288 2.27583e+07 606196 56525.8
9.23999973436288 2.24001e+07 621383 60818.3
9.29599973436288 2.20391e+07 636530 65119
9.35199973436288 2.16768e+07 651518 69245
9.40799973436288 2.13147e+07 666224 73045.6
9.46399973436288 2.09541e+07 680514 76420.2
9.51999973436288 2.05966e+07 694240 79324.3
9.57599973436288 2.02441e+07 707238 81761.3
9.63199973436288 1.98984e+07 719322 83765.4
9.68799973436288 1.95603e+07 730289 85380.9
9.74399973436288 1.923e+07 739934 86649.9
9.79999973436288 1.89076e+07 748056 87604.8
9.85599973436288 1.85925e+07 754481 88270.8
9.91199973436288 1.8284e+07 759067 88672.4
9.96799973436288 1.79816e+07 761727 88844
10.0239997343629 1.76853e+07 762427 88837.6
10.0799997343629 1.7395e+07 761185 88723.3
10.1359997343629 1.7111e+07 758081 88582.3
10.1919997343629 1.68329e+07 753247 88495.4
10.2479997343629 1.65604e+07 746865 88531.7
10.3039997343629 1.62932e+07 739159 88742.2
10.3599997343629 1.60304e+07 730384 89159.3
10.4159997343629 1.57716e+07 720810 89802.3
10.4719997343629 1.55165e+07 710714 90679.1
10.5279997343629 1.52649e+07 700371 91786.5
10.5839997343629 1.50172e+07 690046 93104.5
10.6399997343629 1.47737e+07 679985 94591.1
10.6959997343629 1.45351e+07 670409 96180.6
10.7519997343629 1.43018e+07 661509 97788
10.8079997343629 1.40742e+07 653442 99318.5
10.8639997343629 1.38525e+07 646334 100681
10.9199997343629 1.3637e+07 640272 101804
10.9759997343629 1.3428e+07 635306 102644
11.0319997343629 1.32258e+07 631447 103193
11.0879997343629 1.30308e+07 628663 103470
11.1439997343629 1.28434e+07 626880 103514
11.1999997343629 1.26641e+07 625982 103372
11.2559997343629 1.24937e+07 625814 103093
11.3119997343629 1.23331e+07 626183 102718
11.3679997343629 1.21831e+07 626870 102281
11.4239997343629 1.20447e+07 627636 101807
11.4799997343629 1.19183e+07 628235 101315
11.5359997343629 1.18046e+07 628424 100819
11.5919997343629 1.17039e+07 627981 100329
11.6479997343629 1.16166e+07 626711 99853.7
11.7039997343629 1.1543e+07 624459 99403.7
11.7599997343629 1.14832e+07 621113 98985.5
11.8159997343629 1.14374e+07 616605 98601.2
11.8719997343629 1.14054e+07 610917 98246.5
11.9279997343629 1.13872e+07 604069 97913.5
11.9839997343629 1.13827e+07 596124 97595.3
