-5.30323059430417e-07 7741.27 0 0
0.111999469676941 7741.27 1.06961e-27 1.31493e-27
0.223999469676941 7740.93 1.48887e-19 1.2558e-26
0.335999469676941 7737.47 8.17906e-16 6.68354e-26
0.447999469676941 7715.64 1.75238e-13 1.83813e-25
0.55999946967694 7609.91 1.01183e-11 9.62279e-23
0.67199946967694 7254.95 2.81322e-10 8.65803e-16
0.78399946967694 6528.56 4.58372e-09 8.66329e-16
0.89599946967694 5643.69 4.63124e-08 3.91903e-15
1.00799946967694 4906.84 3.08467e-07 5.34208e-15
1.11999946967694 4333.16 1.49371e-06 1.98273e-14
1.23199946967694 3940.68 5.7572e-06 1.11656e-13
1.34399946967694 3939.51 1.8744e-05 6.00866e-13
1.45599946967694 4368.85 5.35953e-05 2.87999e-12
1.56799946967694 5257.38 0.000138771 1.2579e-11
1.67999946967694 6844.38 0.000332842 5.08173e-11
1.79199946967694 9122.12 0.000751874 1.91133e-10
1.90399946967694 12091.3 0.00162319 6.82104e-10
2.01599946967694 15819.8 0.00339025 2.35596e-09
2.12799946967694 20444.3 0.0069211 8.04874e-09
2.23999946967694 27723.5 0.0139093 2.75355e-08
2.35199946967694 38970.1 0.0275854 9.55679e-08
2.46399946967694 53142 0.0541282 3.39817e-07
2.57599946967694 69557.2 0.105815 1.23761e-06
2.68799946967694 89450 0.207869 4.57231e-06
2.79999946967694 114336 0.412908 1.68816e-05
2.91199946967694 145983 0.831959 6.14468e-05
3.02399946967694 186250 1.70067 0.000219285
3.13599946967694 236898 3.52042 0.000767481
3.24799946967694 300542 7.35501 0.00263497
3.35999946967694 379638 15.4456 0.00887244
3.47199946967694 477039 32.4721 0.0292399
3.58399946967694 600110 68.0806 0.0937674
3.69599946967694 760359 141.756 0.290173
3.80799946967694 968823 291.944 0.858108
3.91999946967694 1.23418e+06 592.82 2.41277
4.03199946967694 1.56508e+06 1184.46 6.47364
4.14399946967694 1.97239e+06 2325.65 16.8328
4.25599946967694 2.47451e+06 4482.29 43.9953
4.36799946967694 3.09634e+06 8465.19 120.963
4.47999946967694 3.8656e+06 15628.4 355.601
4.59199946967694 4.81635e+06 28121.9 1071
4.70399946967694 5.98515e+06 49148.5 3070.12
4.81599946967694 7.40317e+06 83112.3 7860.62
4.92799946967694 9.0977e+06 135464 17228.4
5.03999946967694 1.10873e+07 211891 31572.8
5.15199946967694 1.33567e+07 316269 48184.6
5.26399946967694 1.5861e+07 446893 62618
5.37599946967694 1.85643e+07 591907 72430.6
5.48799946967694 2.14312e+07 727585 76675.7
5.59999946967694 2.44004e+07 824590 73269.4
5.71199946967694 2.73836e+07 861703 64625.3
5.82399946967694 3.02543e+07 837884 61315.1
5.93599946967694 3.28859e+07 773538 69652.5
6.04799946967694 3.51765e+07 701510 83331.9
6.15999946967694 3.70338e+07 654169 92851.4
6.27199946967694 3.84057e+07 651926 94984.5
6.38399946967694 3.92864e+07 697619 93030.7
6.49599946967694 3.96887e+07 779783 91772.5
6.60799946967694 3.96461e+07 882642 92537.4
6.71999946967694 3.92072e+07 995829 93066
6.83199946967694 3.84333e+07 1.11782e+06 91284.3
6.94399946967694 3.73876e+07 1.25253e+06 88962.2
7.05599946967694 3.6125e+07 1.40374e+06 91456.8
7.16799946967694 3.46915e+07 1.5718e+06 102451
7.27999946967694 3.31266e+07 1.75282e+06 119500
7.39199946967694 3.14641e+07 1.93884e+06 136601
7.50399946967694 2.97316e+07 2.11888e+06 149103
7.61599946967694 2.79492e+07 2.28132e+06 155691
7.72799946967694 2.61326e+07 2.41626e+06 158017
7.83999946967694 2.42963e+07 2.51673e+06 158954
7.95199946967694 2.24497e+07 2.57965e+06 160897
8.06399946967694 2.06038e+07 2.60719e+06 164797
8.17599946967694 1.8776e+07 2.6078e+06 169171
8.28799946967694 1.69807e+07 2.5955e+06 171251
8.39999946967694 1.52241e+07 2.58699e+06 170119
8.51199946967694 1.35197e+07 2.59796e+06 167311
8.62399946967694 1.18935e+07 2.63995e+06 164965
8.73599946967694 1.03705e+07 2.71858e+06 164243
8.84799946967694 8.97299e+06 2.83327e+06 164618
8.95999946967694 7.7211e+06 2.97881e+06 164243
9.07199946967694 6.62988e+06 3.14826e+06 161639
9.18399946967694 5.71306e+06 3.33495e+06 156753
9.29599946967694 4.98096e+06 3.53175e+06 150127
9.40799946967694 4.44062e+06 3.72955e+06 142545
9.51999946967694 4.10328e+06 3.9182e+06 135664
9.63199946967694 3.97831e+06 4.09003e+06 131238
9.74399946967694 4.06485e+06 4.24229e+06 130289
9.85599946967694 4.3543e+06 4.37568e+06 133595
9.96799946967694 4.84805e+06 4.4903e+06 141943
10.0799994696769 5.55702e+06 4.58283e+06 155625
10.1919994696769 6.47573e+06 4.64768e+06 174004
10.3039994696769 7.58764e+06 4.68065e+06 195335
10.4159994696769 8.87613e+06 4.68153e+06 216943
10.5279994696769 1.03218e+07 4.65362e+06 235763
10.6399994696769 1.18959e+07 4.60103e+06 248832
10.7519994696769 1.35684e+07 4.52617e+06 253897
10.8639994696769 1.53115e+07 4.42915e+06 250152
10.9759994696769 1.7093e+07 4.30876e+06 239010
11.0879994696769 1.88806e+07 4.16455e+06 224151
11.1999994696769 2.06394e+07 3.9994e+06 209997
11.3119994696769 2.23352e+07 3.82122e+06 199855
11.4239994696769 2.39417e+07 3.64316e+06 195296
11.5359994696769 2.5438e+07 3.48236e+06 196443
11.6479994696769 2.68037e+07 3.35771e+06 201897
11.7599994696769 2.80187e+07 3.28692e+06 208301
11.8719994696769 2.9069e+07 3.28322e+06 211560
11.9839994696769 2.99473e+07 3.35281e+06 209513
