-2.65150932563839e-07 9960.19 0 0
0.0559997348490674 9960.19 2.09854e-27 1.34974e-27
0.111999734849067 9960.15 1.58237e-24 5.35631e-20
0.167999734849067 9959.94 7.70663e-21 5.35612e-20
0.223999734849067 9959.19 1.32074e-18 5.35548e-20
0.279999734849067 9957.12 5.80313e-17 5.35487e-20
0.335999734849067 9952.26 1.1935e-15 7.57465e-17
0.391999734849067 9941.91 1.50907e-14 1.77625e-16
0.447999734849067 9921.49 1.36106e-13 1.77624e-16
0.503999734849067 9883.64 9.58474e-13 3.03882e-16
0.559999734849067 9817.66 5.59049e-12 4.63349e-16
0.615999734849067 9710.09 2.8099e-11 5.04843e-16
0.671999734849067 9547.51 1.24912e-10 5.67078e-16
0.727999734849067 9321.97 4.98508e-10 6.68387e-16
0.783999734849067 9037.19 1.7963e-09 8.01818e-16
0.839999734849067 8711 5.84163e-09 8.06107e-16
0.895999734849067 8370.19 1.71251e-08 7.35312e-15
0.951999734849067 8040.26 4.53859e-08 7.45798e-15
1.00799973484907 7736.91 1.09698e-07 7.91817e-15
1.06399973484907 7465.18 2.44656e-07 8.96659e-15
1.11999973484907 7225.54 5.09553e-07 1.20627e-14
1.17599973484907 7020.13 1.00129e-06 2.03883e-14
1.23199973484907 6853.65 1.87208e-06 4.09224e-14
1.28799973484907 6730.67 3.35279e-06 8.91225e-14
1.34399973484907 6654.86 5.78388e-06 2.03751e-13
1.39999973484907 6631.62 9.65501e-06 4.78512e-13
1.45599973484907 6667.55 1.5655e-05 1.78075e-12
1.51199973484907 6767.15 2.4734e-05 3.20433e-12
1.56799973484907 6935.03 3.81825e-05 5.71906e-12
1.62399973484907 7178.03 5.77311e-05 1.01896e-11
1.67999973484907 7500.52 8.56711e-05 1.72531e-11
1.73599973484907 7905.92 0.000125005 3.03252e-11
1.79199973484907 8401.09 0.000179634 5.11537e-11
1.84799973484907 8990.16 0.000254603 9.87079e-11
1.90399973484907 9676.14 0.000356396 1.56871e-10
1.95999973484907 10466.4 0.000493289 2.49699e-10
2.01599973484907 11365.2 0.000675864 3.96227e-10
2.07199973484907 12376.8 0.000917578 6.28379e-10
2.12799973484907 13509.7 0.00123551 9.91783e-10
2.18399973484907 14769.2 0.00165129 1.55993e-09
2.23999973484907 16162.6 0.00219234 2.44391e-09
2.29599973484907 17700 0.00289336 3.79698e-09
2.35199973484907 19388.9 0.00379827 5.88267e-09
2.40799973484907 21239.6 0.00496253 9.10296e-09
2.46399973484907 23263.3 0.00645621 1.40322e-08
2.51999973484907 25472 0.00836803 2.15866e-08
2.57599973484907 27883.5 0.0108101 3.3117e-08
2.63199973484907 30518.8 0.0139246 5.05738e-08
2.68799973484907 33398.7 0.0178915 7.69786e-08
2.74399973484907 36538.9 0.0229389 1.16926e-07
2.79999973484907 39942.3 0.0293566 1.77098e-07
2.85599973484907 43607 0.0375133 2.67401e-07
2.91199973484907 47543.7 0.0478803 4.02972e-07
2.96799973484907 51793.8 0.0610612 6.06568e-07
3.02399973484907 56431.5 0.0778301 9.12401e-07
3.07999973484907 61542.2 0.0991769 1.37223e-06
3.13599973484907 67186.3 0.126367 2.0639e-06
3.19199973484907 73386.6 0.161017 3.10462e-06
3.24799973484907 80145.4 0.205202 4.67203e-06
3.30399973484907 87465.1 0.261594 7.03611e-06
3.35999973484907 95355.9 0.333643 1.06089e-05
3.41599973484907 103835 0.425818 1.60216e-05
3.47199973484907 112927 0.543912 2.42436e-05
3.52799973484907 122672 0.695451 3.67662e-05
3.58399973484907 133136 0.890226 5.5896e-05
3.63999973484907 144413 1.141 8.52065e-05
3.69599973484907 156633 1.46439 0.000130241
3.75199973484907 169958 1.88198 0.000199591
3.80799973484907 184563 2.42176 0.000306559
3.86399973484907 200630 3.11995 0.00047172
3.91999973484907 218323 4.02335 0.00072682
3.97599973484907 237789 5.19222 0.00112074
4.03199973484907 259155 6.70421 0.00172859
4.08799973484907 282520 8.6592 0.0026656
4.14399973484907 307980 11.1859 0.00410825
4.19999973484907 335639 14.4502 0.00632688
4.25599973484907 365616 18.6657 0.00973399
4.31199973484907 398055 24.107 0.0149573
4.36799973484907 433142 31.1276 0.0229499
4.42399973484907 471101 40.1816 0.0351529
4.47999973484907 512189 51.8514 0.053736
4.53599973484907 556698 66.8822 0.0819521
4.59199973484907 604946 86.2236 0.124656
4.64799973484907 657269 111.084 0.189066
4.70399973484907 714021 143.001 0.285886
4.75999973484907 775573 183.918 0.430913
4.81599973484907 842327 236.282 0.64738
4.87199973484907 914722 303.179 0.969543
4.92799973484907 993257 388.501 1.448
4.98399973484907 1.0785e+06 497.153 2.15772
5.03999973484907 1.17102e+06 635.288 3.20977
5.09599973484907 1.27139e+06 810.605 4.76907
5.15199973484907 1.38013e+06 1032.73 7.08096
5.20799973484907 1.49798e+06 1313.66 10.5092
5.26399973484907 1.62611e+06 1668.24 15.5919
5.31999973484907 1.76603e+06 2114.84 23.1213
5.37599973484907 1.91917e+06 2676.04 34.2546
5.43199973484907 2.08658e+06 3379.39 50.6616
5.48799973484907 2.26906e+06 4258.39 74.7092
5.54399973484907 2.46737e+06 5353.36 109.709
5.59999973484907 2.68234e+06 6712.97 160.219
5.65599973484907 2.91488e+06 8395.24 232.349
5.71199973484907 3.16629e+06 10468.3 334.009
5.76799973484907 3.43846e+06 13012.4 475.266
5.82399973484907 3.73345e+06 16119.8 668.486
5.87999973484907 4.05288e+06 19895.3 928.223
5.93599973484907 4.39802e+06 24456.9 1270.81
5.99199973484907 4.76984e+06 29933 1713.87
6.04799973484907 5.1686e+06 36462.4 2275.44
6.10399973484907 5.59402e+06 44187.4 2972.78
6.15999973484907 6.04572e+06 53247.6 3821.26
6.21599973484907 6.52338e+06 63775.6 4833.49
6.27199973484907 7.02674e+06 75883.1 6018.42
6.32799973484907 7.55554e+06 89651.7 7380.58
6.38399973484907 8.10968e+06 105113 8916.96
6.43999973484907 8.68907e+06 122238 10615.6
6.49599973484907 9.29336e+06 140915 12448.4
6.55199973484907 9.92193e+06 160943 14364.9
6.60799973484907 1.05739e+07 182018 16287
6.66399973484907 1.12478e+07 203727 18105.8
6.71999973484907 1.19416e+07 225563 19687.1
6.77599973484907 1.26529e+07 246931 20886.3
6.83199973484907 1.33783e+07 267176 21574.4
6.88799973484907 1.41146e+07 285631 21671
6.94399973484907 1.48581e+07 301651 21174.6
6.99999973484907 1.56052e+07 314668 20185.1
7.05599973484907 1.63521e+07 324238 18903.7
7.11199973484907 1.70946e+07 330086 17612.4
7.16799973484907 1.78287e+07 332139 16628.4
7.22399973484907 1.85505e+07 330550 16242
7.27999973484907 1.92561e+07 325696 16652.5
7.33599973484907 1.99419e+07 318170 17919.2
7.39199973484907 2.06044e+07 308735 19940.6
7.44799973484907 2.124e+07 298285 22473.8
7.50399973484907 2.18453e+07 287773 25186.2
7.55999973484907 2.24172e+07 278147 27729.9
7.61599973484907 2.29529e+07 270275 29816.5
7.67199973484907 2.34499e+07 264886 31274.4
7.72799973484907 2.39062e+07 262515 32074.8
7.78399973484907 2.43201e+07 263476 32322.9
7.83999973484907 2.46903e+07 267848 32217.9
7.89599973484907 2.50158e+07 275487 31995.2
7.95199973484907 2.52961e+07 286056 31868.2
8.00799973484907 2.55312e+07 299072 31985.2
8.06399973484907 2.57213e+07 313967 32409.6
8.11999973484907 2.5867e+07 330139 33123.8
8.17599973484907 2.59691e+07 347016 34049.1
8.23199973484907 2.60288e+07 364094 35070.7
8.28799973484907 2.60475e+07 380975 36063.8
8.34399973484907 2.60268e+07 397378 36916.3
8.39999973484907 2.59684e+07 413137 37548.7
8.45599973484907 2.58741e+07 428195 37929.6
8.51199973484907 2.57461e+07 442576 38085.2
8.56799973484907 2.55865e+07 456371 38096.5
8.62399973484907 2.53977e+07 469708 38086.7
8.67999973484907 2.5182e+07 482734 38199.4
8.73599973484907 2.49419e+07 495600 38574.9
8.79199973484907 2.46799e+07 508447 39330.4
8.84799973484907 2.43986e+07 521397 40547.7
8.90399973484907 2.41001e+07 534545 42269.6
8.95999973484907 2.37868e+07 547955 44501.8
9.01599973484907 2.34608e+07 561657 47218.5
9.07199973484907 2.3124e+07 575639 50366.4
9.12799973484907 2.27783e+07 589852 53867
9.18399973484907 2.24257e+07 604212 57619.6
9.23999973484907 2.20684e+07 618600 61503.8
9.29599973484907 2.17083e+07 632879 65388
9.35199973484907 2.13471e+07 646894 69142
9.40799973484907 2.09862e+07 660485 72650.3
9.46399973484907 2.06268e+07 673495 75821.7
9.51999973484907 2.02703e+07 685771 78596.6
9.57599973484907 1.99187e+07 697169 80949.1
9.63199973484907 1.95736e+07 707552 82883.9
9.68799973484907 1.92364e+07 716788 84427.2
9.74399973484907 1.89072e+07 724754 85619.1
9.79999973484907 1.85864e+07 731344 86507.4
9.85599973484907 1.82736e+07 736466 87144.1
9.91199973484907 1.79681e+07 740039 87582.5
9.96799973484907 1.76694e+07 742017 87877.2
10.0239997348491 1.73773e+07 742376 88079.4
10.0799997348491 1.70919e+07 741132 88236.7
10.1359997348491 1.68133e+07 738343 88392.1
10.1919997348491 1.65413e+07 734109 88585.3
10.2479997348491 1.62755e+07 728574 88856.7
10.3039997348491 1.60154e+07 721922 89249.1
10.3599997348491 1.57604e+07 714371 89807.1
10.4159997348491 1.55098e+07 706152 90571.1
10.4719997348491 1.5263e+07 697504 91568.8
10.5279997348491 1.50199e+07 688665 92806.3
10.5839997348491 1.47805e+07 679865 94261.8
10.6399997348491 1.45452e+07 671316 95883.2
10.6959997348491 1.43145e+07 663208 97593.3
10.7519997348491 1.40886e+07 655705 99300.4
10.8079997348491 1.38681e+07 648947 100911
10.8639997348491 1.36532e+07 643041 102342
10.9199997348491 1.34441e+07 638063 103536
10.9759997348491 1.32409e+07 634054 104464
11.0319997348491 1.30442e+07 631021 105124
11.0879997348491 1.28542e+07 628931 105542
11.1439997348491 1.26714e+07 627713 105752
11.1999997348491 1.24963e+07 627265 105799
11.2559997348491 1.23296e+07 627449 105723
11.3119997348491 1.2172e+07 628094 105561
11.3679997348491 1.20247e+07 629009 105345
11.4239997348491 1.18883e+07 629980 105100
11.4799997348491 1.17637e+07 630786 104845
11.5359997348491 1.16512e+07 631204 104597
11.5919997348491 1.15515e+07 631023 104364
11.6479997348491 1.14649e+07 630054 104151
11.7039997348491 1.13916e+07 628136 103953
11.7599997348491 1.13319e+07 625151 103762
11.8159997348491 1.1286e+07 621022 103561
11.8719997348491 1.12537e+07 615723 103332
11.9279997348491 1.12351e+07 609272 103059
11.9839997348491 1.123e+07 601732 102736
