-2.65637118685023e-07 9959.45 0 0
0.0559997343628813 9959.45 6.2595e-28 3.62089e-28
0.111999734362881 9959.5 1.95517e-24 2.42638e-27
0.167999734362881 9959.49 7.93251e-21 8.91508e-27
0.223999734362881 9959.08 1.33365e-18 2.32105e-26
0.279999734362881 9957.54 5.82279e-17 5.20629e-26
0.335999734362881 9953.43 1.19408e-15 1.02444e-25
0.391999734362881 9944.13 1.50751e-14 1.63514e-25
0.447999734362881 9925.1 1.35842e-13 2.82262e-25
0.503999734362881 9889.05 9.5601e-13 2.84167e-24
0.559999734362881 9825.28 5.57285e-12 5.09591e-23
0.615999734362881 9720.23 2.79909e-11 7.1357e-22
0.671999734362881 9560.27 1.24321e-10 8.0404e-21
0.727999734362881 9337.11 4.95617e-10 7.56911e-20
0.783999734362881 9054.14 1.78423e-09 1.27728e-14
0.839999734362881 8728.98 5.79986e-09 1.2772e-14
0.895999734362881 8388.52 1.7012e-08 2.23793e-14
0.951999734362881 8058.46 4.51618e-08 6.96026e-14
1.00799973436288 7754.73 1.09452e-07 6.99753e-14
1.06399973436288 7482.48 2.44913e-07 7.11421e-14
1.11999973436288 7242.22 5.1194e-07 7.43026e-14
1.17599973436288 7036.19 1.00984e-06 8.26713e-14
1.23199973436288 6869.2 1.89562e-06 1.03854e-13
1.28799973436288 6745.92 3.40899e-06 1.53851e-13
1.34399973436288 6670.12 5.90593e-06 2.98626e-13
1.39999973436288 6647.43 9.90216e-06 5.52342e-13
1.45599973436288 6684.71 1.6129e-05 1.04758e-12
1.51199973436288 6786.7 2.56039e-05 2.02898e-12
1.56799973436288 6958.37 3.97214e-05 3.97393e-12
1.62399973436288 7207.01 6.03684e-05 7.6055e-12
1.67999973436288 7537.38 9.00691e-05 1.4046e-11
1.73599973436288 7953.44 0.000132166 2.63582e-11
1.79199973436288 8462.73 0.000191055 4.63604e-11
1.84799973436288 9069.97 0.000272475 8.16352e-11
1.90399973436288 9778.95 0.000383892 1.40047e-10
1.95999973436288 10598 0.000534972 2.36423e-10
2.01599973436288 11532.1 0.0007382 3.95026e-10
2.07199973436288 12586.9 0.00100967 6.53933e-10
2.12799973436288 13771.8 0.00137004 1.07245e-09
2.18399973436288 15093.6 0.00184587 1.74505e-09
2.23999973436288 16561 0.00247122 2.83009e-09
2.29599973436288 18185.5 0.00328979 4.526e-09
2.35199973436288 19976.5 0.00435759 7.17514e-09
2.40799973436288 21946.1 0.0057463 1.1326e-08
2.46399973436288 24107.7 0.00754785 1.781e-08
2.51999973436288 26475.5 0.00988 2.78989e-08
2.57599973436288 29070.4 0.0128938 4.35494e-08
2.63199973436288 31916.2 0.0167831 6.78338e-08
2.68799973436288 35037 0.0217968 1.0532e-07
2.74399973436288 38450.8 0.028255 1.63235e-07
2.79999973436288 42162.3 0.036569 2.52655e-07
2.85599973436288 46172.1 0.04727 3.90597e-07
2.91199973436288 50494.6 0.0610447 6.03454e-07
2.96799973436288 55177.9 0.0787834 9.3204e-07
3.02399973436288 60306.5 0.101641 1.43979e-06
3.07999973436288 65977.4 0.131111 2.22492e-06
3.13599973436288 72258 0.169125 3.4391e-06
3.19199973436288 79172.6 0.21818 5.31684e-06
3.24799973436288 86724.4 0.281507 8.22085e-06
3.30399973436288 94920.3 0.363312 1.2714e-05
3.35999973436288 103778 0.469072 1.96724e-05
3.41599973436288 113323 0.60593 3.04601e-05
3.47199973436288 123588 0.783209 4.72047e-05
3.52799973436288 134620 1.01309 7.32251e-05
3.58399973436288 146498 1.31152 0.000113718
3.63999973436288 159330 1.69936 0.000176825
3.69599973436288 173267 2.20387 0.000275302
3.75199973436288 188495 2.86062 0.000429094
3.80799973436288 205218 3.71588 0.000669366
3.86399973436288 223644 4.82974 0.00104472
3.91999973436288 243965 6.28001 0.00163071
3.97599973436288 266350 8.16723 0.00254468
4.03199973436288 290950 10.6212 0.00396851
4.08799973436288 317886 13.8095 0.0061835
4.14399973436288 347277 17.9478 0.00962412
4.19999973436288 379256 23.3147 0.0149612
4.25599973436288 413971 30.2691 0.023226
4.31199973436288 451606 39.2729 0.0360011
4.36799973436288 492393 50.9212 0.0557064
4.42399973436288 536608 65.9792 0.0860265
4.47999973436288 584569 85.4291 0.132539
4.53599973436288 636636 110.529 0.203634
4.59199973436288 693205 142.89 0.311861
4.64799973436288 754695 184.568 0.47585
4.70399973436288 821553 238.186 0.723108
4.75999973436288 894253 307.085 1.09402
4.81599973436288 973310 395.506 1.64747
4.87199973436288 1.05929e+06 508.813 2.46901
4.92799973436288 1.15282e+06 653.8 3.68262
4.98399973436288 1.25462e+06 839.039 5.46799
5.03999973436288 1.36541e+06 1075.29 8.08507
5.09599973436288 1.48589e+06 1376.02 11.911
5.15199973436288 1.61674e+06 1758.06 17.4961
5.20799973436288 1.7589e+06 2242.31 25.6442
5.26399973436288 1.9138e+06 2854.61 37.5314
5.31999973436288 2.08321e+06 3626.7 54.8795
5.37599973436288 2.26876e+06 4597.37 80.2034
5.43199973436288 2.47164e+06 5813.56 117.152
5.48799973436288 2.69278e+06 7331.76 170.936
5.54399973436288 2.93308e+06 9218.92 248.878
5.59999973436288 3.19347e+06 11554.7 361.144
5.65599973436288 3.47503e+06 14432 521.396
5.71199973436288 3.77923e+06 17957.7 747.28
5.76799973436288 4.1082e+06 22254 1060.85
5.82399973436288 4.46407e+06 27458.3 1488.62
5.87999973436288 4.84843e+06 33718.5 2060.04
5.93599973436288 5.26247e+06 41193.5 2805.91
5.99199973436288 5.70689e+06 50044.1 3754.21
6.04799973436288 6.18156e+06 60428.5 4927.34
6.10399973436288 6.68571e+06 72490 6337.13
6.15999973436288 7.21847e+06 86346 7982.39
6.21599973436288 7.77909e+06 102077 9846.46
6.27199973436288 8.3668e+06 119707 11894.5
6.32799973436288 8.98073e+06 139165 14064.1
6.38399973436288 9.61993e+06 160247 16261.3
6.43999973436288 1.02834e+07 182630 18373.8
6.49599973436288 1.09698e+07 205866 20276.5
6.55199973436288 1.16776e+07 229395 21839.2
6.60799973436288 1.24048e+07 252563 22941.2
6.66399973436288 1.3149e+07 274646 23487.1
6.71999973436288 1.39071e+07 294902 23427.2
6.77599973436288 1.46756e+07 312616 22779.7
6.83199973436288 1.54504e+07 327160 21644.2
6.88799973436288 1.62275e+07 338048 20204.5
6.94399973436288 1.70027e+07 344975 18707.7
6.99999973436288 1.77718e+07 347860 17430
7.05599973436288 1.85308e+07 346841 16626.9
7.11199973436288 1.92754e+07 342284 16487.3
7.16799973436288 2.00015e+07 334753 17093.7
7.22399973436288 2.07053e+07 324971 18403.3
7.27999973436288 2.13833e+07 313770 20251.5
7.33599973436288 2.20322e+07 302036 22381.7
7.39199973436288 2.26489e+07 290644 24495.5
7.44799973436288 2.32303e+07 280413 26317.6
7.50399973436288 2.37737e+07 272052 27654.9
7.55999973436288 2.42767e+07 266132 28433.8
7.61599973436288 2.47371e+07 263058 28704.7
7.67199973436288 2.51535e+07 263063 28612.1
7.72799973436288 2.55245e+07 266207 28345.8
7.78399973436288 2.58494e+07 272385 28091.2
7.83999973436288 2.61275e+07 281355 27990.6
7.89599973436288 2.63589e+07 292762 28122.3
7.95199973436288 2.65437e+07 306175 28494.2
8.00799973436288 2.66827e+07 321119 29051.1
8.06399973436288 2.67768e+07 337118 29694
8.11999973436288 2.68272e+07 353726 30309
8.17599973436288 2.68356e+07 370555 30799.2
8.23199973436288 2.68035e+07 387299 31111
8.28799973436288 2.67328e+07 403746 31245
8.34399973436288 2.66256e+07 419781 31250.3
8.39999973436288 2.64838e+07 435379 31208.3
8.45599973436288 2.63099e+07 450588 31214.8
8.51199973436288 2.6106e+07 465512 31368
8.56799973436288 2.58747e+07 480285 31763
8.62399973436288 2.56185e+07 495051 32491.4
8.67999973436288 2.53399e+07 509940 33637.9
8.73599973436288 2.50414e+07 525056 35270.1
8.79199973436288 2.47257e+07 540464 37423.6
8.84799973436288 2.43953e+07 556185 40088.9
8.90399973436288 2.40524e+07 572197 43206
8.95999973436288 2.36993e+07 588438 46669.6
9.01599973436288 2.33379e+07 604811 50344.2
9.07199973436288 2.29702e+07 621191 54082.1
9.12799973436288 2.25981e+07 637427 57743.5
9.18399973436288 2.22235e+07 653349 61211.9
9.23999973436288 2.18485e+07 668769 64403.5
9.29599973436288 2.14749e+07 683491 67269.8
9.35199973436288 2.11041e+07 697310 69792.2
9.40799973436288 2.07374e+07 710029 71975.7
9.46399973436288 2.03758e+07 721459 73837.8
9.51999973436288 2.00207e+07 731432 75402.4
9.57599973436288 1.96736e+07 739813 76695.6
9.63199973436288 1.93361e+07 746500 77743.7
9.68799973436288 1.90086e+07 751429 78571.1
9.74399973436288 1.86912e+07 754588 79200.8
9.79999973436288 1.83834e+07 756000 79655.8
9.85599973436288 1.80847e+07 755733 79962.4
9.91199973436288 1.77941e+07 753877 80152.3
9.96799973436288 1.75107e+07 750551 80267.8
10.0239997343629 1.72343e+07 745893 80359.4
10.0799997343629 1.69647e+07 740059 80482.5
10.1359997343629 1.67017e+07 733222 80691
10.1919997343629 1.64449e+07 725568 81032.6
10.2479997343629 1.61939e+07 717297 81542.7
10.3039997343629 1.5948e+07 708617 82240.1
10.3599997343629 1.57066e+07 699739 83120.4
10.4159997343629 1.5469e+07 690871 84155.4
10.4719997343629 1.52349e+07 682206 85293.3
10.5279997343629 1.50044e+07 673927 86465.5
10.5839997343629 1.47777e+07 666191 87595.6
10.6399997343629 1.45554e+07 659124 88610
10.6959997343629 1.43383e+07 652820 89447.1
10.7519997343629 1.41269e+07 647329 90064.5
10.8079997343629 1.39218e+07 642658 90441.5
10.8639997343629 1.37236e+07 638768 90578.9
10.9199997343629 1.35325e+07 635574 90495.4
10.9759997343629 1.33491e+07 632954 90221.9
11.0319997343629 1.31738e+07 630754 89796.2
11.0879997343629 1.30071e+07 628792 89258.3
11.1439997343629 1.28496e+07 626879 88647.9
11.1999997343629 1.27017e+07 624822 88001.3
11.2559997343629 1.25641e+07 622438 87349.7
11.3119997343629 1.24375e+07 619563 86716.3
11.3679997343629 1.23229e+07 616057 86116.6
11.4239997343629 1.2221e+07 611813 85558.7
11.4799997343629 1.21321e+07 606754 85046.1
11.5359997343629 1.20567e+07 600835 84578.4
11.5919997343629 1.19949e+07 594042 84151.4
11.6479997343629 1.19469e+07 586389 83758.4
11.7039997343629 1.19128e+07 577917 83393.5
11.7599997343629 1.18925e+07 568691 83056.8
11.8159997343629 1.18859e+07 558801 82760.8
11.8719997343629 1.18928e+07 548357 82532.6
11.9279997343629 1.19127e+07 537487 82413
11.9839997343629 1.19453e+07 526331 82450
