0 2.558461109e-09 3.5472 0.28192 -0.0053095 2.57386338e-09 3.54221 0.282344 -0.0110578 0
0.056 2.558461264e-09 3.54868 0.28192 -0.021097 2.573865088e-09 3.53739 0.285355 0.0970051 0
0.112 2.558461419e-09 3.55192 0.281921 -0.0368846 2.573866791e-09 3.5205 0.295907 0.204308 0
0.168 2.558461574e-09 3.55694 0.281921 -0.0526721 2.573868483e-09 3.49168 0.31392 0.31001 0
0.224 2.558461729e-09 3.56372 0.281921 -0.0684597 2.573870158e-09 3.45114 0.339251 0.413283 0
0.28 2.558461884e-09 3.57227 0.281921 -0.0842472 2.573871808e-09 3.39922 0.371702 0.513318 0
0.336 2.558462038e-09 3.58259 0.281921 -0.100035 2.573873427e-09 3.33631 0.411019 0.609331 0
0.392 2.558462192e-09 3.59468 0.281921 -0.115822 2.573875008e-09 3.2629 0.456893 0.70057 0
0.448 2.558462344e-09 3.60854 0.281921 -0.13161 2.573876545e-09 3.17958 0.508967 0.78632 0
0.504 2.558462494e-09 3.62416 0.281921 -0.147397 2.573878031e-09 3.08699 0.56683 0.86591 0
0.56 2.558462639e-09 3.64155 0.281921 -0.163185 2.573879459e-09 2.98587 0.630031 0.938716 0
0.616 2.558462779e-09 3.66072 0.281921 -0.178973 2.573880824e-09 2.87699 0.698074 1.00417 0
0.672 2.558462912e-09 3.68164 0.281921 -0.19476 2.573882119e-09 2.76122 0.770425 1.06175 0
0.728 2.558463038e-09 3.70434 0.281921 -0.210548 2.573883341e-09 2.63947 0.846519 1.11102 0
0.784 2.558463158e-09 3.72881 0.281921 -0.226335 2.573884487e-09 2.51268 0.925758 1.15158 0
0.84 2.558463274e-09 3.75504 0.281921 -0.242123 2.573885559e-09 2.38185 1.00752 1.18312 0
0.896 2.558463391e-09 3.78304 0.281921 -0.25791 2.573886556e-09 2.248 1.09117 1.20539 0
0.952 2.558463509e-09 3.81281 0.281921 -0.273698 2.57388748e-09 2.11219 1.17605 1.21821 0
1.008 2.558463632e-09 3.84435 0.281921 -0.289485 2.57388833e-09 1.97548 1.26149 1.2215 0
1.064 2.558463757e-09 3.87766 0.281921 -0.305273 2.573889107e-09 1.83893 1.34683 1.21521 0
1.12 2.558463886e-09 3.91273 0.281921 -0.321061 2.573889811e-09 1.70363 1.43139 1.1994 0
1.176 2.558464019e-09 3.94957 0.281921 -0.336848 2.573890442e-09 1.57062 1.51452 1.17419 0
1.232 2.558464157e-09 3.98818 0.281921 -0.352636 2.573891002e-09 1.44095 1.59556 1.13979 0
1.288 2.5584643e-09 4.02856 0.281921 -0.368423 2.573891495e-09 1.31564 1.67387 1.09645 0
1.344 2.558464449e-09 4.07071 0.281921 -0.384211 2.573891922e-09 1.19567 1.74885 1.04453 0
1.4 2.558464604e-09 4.11463 0.281921 -0.399998 2.573892288e-09 1.08197 1.81991 0.984423 0
1.456 2.558464767e-09 4.16031 0.281921 -0.415786 2.573892596e-09 0.975443 1.88649 0.916602 0
1.512 2.558464937e-09 4.20776 0.281921 -0.431574 2.573892852e-09 0.876919 1.94806 0.841601 0
1.568 2.558465115e-09 4.25698 0.281921 -0.447361 2.573893059e-09 0.78717 2.00415 0.760006 0
1.624 2.558465302e-09 4.30797 0.281921 -0.463149 2.573893223e-09 0.7069 2.05432 0.672457 0
1.68 2.558465498e-09 4.36073 0.281921 -0.478936 2.57389335e-09 0.636736 2.09817 0.579639 0
1.736 2.558465705e-09 4.41525 0.281921 -0.494724 2.573893446e-09 0.57723 2.13536 0.48228 0
1.792 2.558465922e-09 4.47154 0.281921 -0.510511 2.573893517e-09 0.528847 2.1656 0.381143 0
1.848 2.55846615e-09 4.5296 0.281921 -0.526299 2.57389357e-09 0.491966 2.18865 0.277019 0
1.904 2.55846639e-09 4.58943 0.281921 -0.542087 2.57389361e-09 0.466875 2.20433 0.170725 0
1.96 2.558466642e-09 4.65103 0.281921 -0.557874 2.573893646e-09 0.453773 2.21252 0.0630942 0
2.016 2.558466906e-09 4.7144 0.281921 -0.573662 2.573893684e-09 0.452761 2.21315 -0.0450314 0
2.072 2.558467184e-09 4.77953 0.281921 -0.589449 2.573893731e-09 0.463847 2.20622 -0.152804 0
2.128 2.558467476e-09 4.84643 0.281921 -0.605237 2.573893795e-09 0.486944 2.19179 -0.25938 0
2.184 2.558467783e-09 4.9151 0.281921 -0.621024 2.573893884e-09 0.521872 2.16996 -0.363923 0
2.24 2.558468106e-09 4.98554 0.281921 -0.636812 2.573894004e-09 0.568357 2.14091 -0.465615 0
2.296 2.558468447e-09 5.05775 0.281921 -0.6526 2.573894165e-09 0.626034 2.10486 -0.56366 0
2.352 2.558468805e-09 5.13172 0.281921 -0.668387 2.573894373e-09 0.694451 2.0621 -0.657288 0
2.408 2.558469183e-09 5.20746 0.281921 -0.684175 2.573894636e-09 0.773074 2.01296 -0.745767 0
2.464 2.558469582e-09 5.28497 0.281921 -0.699962 2.573894961e-09 0.861285 1.95783 -0.828402 0
2.52 2.558470004e-09 5.36425 0.281921 -0.71575 2.573895356e-09 0.958393 1.89714 -0.904548 0
2.576 2.55847045e-09 5.4453 0.281921 -0.731537 2.573895829e-09 1.06364 1.83136 -0.973607 0
2.632 2.558470923e-09 5.52812 0.281921 -0.747325 2.573896386e-09 1.1762 1.76102 -1.03504 0
2.688 2.558471424e-09 5.6127 0.281922 -0.763113 2.573897036e-09 1.29518 1.68665 -1.08836 0
2.744 2.558471957e-09 5.69905 0.281922 -0.7789 2.573897787e-09 1.41967 1.60885 -1.13315 0
2.8 2.558472521e-09 5.78717 0.281922 -0.794688 2.57389864e-09 1.54868 1.52822 -1.16907 0
2.856 2.558473114e-09 5.87706 0.281922 -0.810475 2.5738996e-09 1.6812 1.4454 -1.19583 0
2.912 2.558473744e-09 5.96871 0.281922 -0.826263 2.573900668e-09 1.81619 1.36103 -1.21322 0
2.968 2.558474409e-09 6.06214 0.281922 -0.84205 2.573901857e-09 1.9526 1.27578 -1.2211 0
3.024 2.558475126e-09 6.15733 0.281922 -0.857838 2.573903179e-09 2.08936 1.19031 -1.21942 0
3.08 2.5584759e-09 6.25429 0.281922 -0.873626 2.573904642e-09 2.22539 1.10529 -1.20818 0
3.136 2.558476739e-09 6.35302 0.281922 -0.889413 2.573906251e-09 2.35963 1.02139 -1.18748 0
3.192 2.558477642e-09 6.45351 0.281922 -0.905201 2.573908009e-09 2.49104 0.939262 -1.15747 0
3.248 2.558478607e-09 6.55578 0.281922 -0.920988 2.57390991e-09 2.61857 0.859557 -1.1184 0
3.304 2.558479617e-09 6.65981 0.281922 -0.936776 2.573911957e-09 2.74123 0.782896 -1.07056 0
3.36 2.558480718e-09 6.76561 0.281922 -0.952563 2.573914137e-09 2.85805 0.709879 -1.01433 0
3.416 2.558481882e-09 6.87318 0.281922 -0.968351 2.573916458e-09 2.96813 0.641079 -0.950162 0
3.472 2.558483101e-09 6.98251 0.281922 -0.984138 2.573918913e-09 3.07061 0.577034 -0.878547 0
3.528 2.558484394e-09 7.09362 0.281923 -0.999926 2.573921495e-09 3.16467 0.518246 -0.800048 0
3.584 2.558485791e-09 7.20649 0.281923 -1.01571 2.573924214e-09 3.24958 0.465177 -0.715281 0
3.64 2.558487312e-09 7.32113 0.281923 -1.0315 2.573927074e-09 3.32467 0.418241 -0.624911 0
3.696 2.55848891e-09 7.43754 0.281923 -1.04729 2.573930089e-09 3.38937 0.377806 -0.529645 0
3.752 2.558490626e-09 7.55571 0.281923 -1.06308 2.573933257e-09 3.44315 0.34419 -0.430229 0
3.808 2.558492509e-09 7.67566 0.281923 -1.07886 2.573936526e-09 3.4856 0.317655 -0.327442 0
3.864 2.558494626e-09 7.79737 0.281923 -1.09465 2.573940036e-09 3.51639 0.298409 -0.222091 0
3.92 2.558496871e-09 7.92084 0.281923 -1.11044 2.573943674e-09 3.53528 0.286604 -0.114999 0
3.976 2.558499324e-09 8.04609 0.281924 -1.12622 2.573947501e-09 3.54211 0.282332 -0.00700724 0
4.032 2.558502089e-09 8.1731 0.281924 -1.14201 2.57395148e-09 3.53683 0.285625 0.10104 0
4.088 2.558504965e-09 8.30188 0.281924 -1.1578 2.573955546e-09 3.51949 0.296459 0.208295 0
4.144 2.558508074e-09 8.43243 0.281924 -1.17359 2.573959745e-09 3.49022 0.314749 0.313918 0
4.2 2.558511263e-09 8.56475 0.281924 -1.18937 2.573964038e-09 3.44926 0.340351 0.417081 0
4.256 2.558514832e-09 8.69883 0.281925 -1.20516 2.573968386e-09 3.39691 0.373064 0.516976 0
4.312 2.558518813e-09 8.83468 0.281925 -1.22095 2.573972939e-09 3.33359 0.412633 0.612821 0
4.368 2.55852293e-09 8.97229 0.281925 -1.23673 2.573977548e-09 3.2598 0.458747 0.703864 0
4.424 2.558527498e-09 9.11167 0.281925 -1.25252 2.573981911e-09 3.17612 0.511045 0.789392 0
4.48 2.558531921e-09 9.25282 0.281926 -1.26831 2.573986215e-09 3.0832 0.569117 0.868736 0
4.536 2.55853735e-09 9.39574 0.281926 -1.2841 2.57399082e-09 2.98177 0.632509 0.941273 0
4.592 2.558542801e-09 9.54042 0.281926 -1.29988 2.57399529e-09 2.87262 0.700723 1.00644 0
4.648 2.558549296e-09 9.68687 0.281927 -1.31567 2.573999767e-09 2.75661 0.773226 1.06371 0
4.704 2.558556341e-09 9.83508 0.281927 -1.33146 2.574004328e-09 2.63465 0.84945 1.11266 0
4.76 2.558564196e-09 9.98506 0.281927 -1.34724 2.574009148e-09 2.50769 0.928796 1.15288 0
4.816 2.558572714e-09 10.1368 0.281928 -1.36303 2.574013906e-09 2.37673 1.01064 1.18407 0
4.872 2.558581959e-09 10.2903 0.281928 -1.37881 2.574018579e-09 2.2428 1.09435 1.20599 0
4.928 2.558592003e-09 10.4456 0.281929 -1.3946 2.574023153e-09 2.10694 1.17927 1.21846 0
4.984 2.558602919e-09 10.6026 0.281929 -1.41038 2.574027617e-09 1.97021 1.26472 1.22138 0
5.04 2.558614774e-09 10.7614 0.28193 -1.42617 2.574031958e-09 1.8337 1.35004 1.21473 0
5.096 2.558627633e-09 10.922 0.28193 -1.44195 2.574036124e-09 1.69846 1.43457 1.19856 0
5.152 2.55864159e-09 11.0843 0.281931 -1.45774 2.5740401e-09 1.56556 1.51763 1.17301 0
5.208 2.558656777e-09 11.2484 0.281931 -1.47352 2.574043904e-09 1.43605 1.59858 1.13826 0
5.264 2.558673368e-09 11.4142 0.281932 -1.48931 2.574047627e-09 1.31092 1.67679 1.0946 0
5.32 2.558691547e-09 11.5818 0.281933 -1.50509 2.574051345e-09 1.19117 1.75164 1.04235 0
5.376 2.558711463e-09 11.7512 0.281933 -1.52087 2.574055084e-09 1.07774 1.82254 0.981947 0
5.432 2.558733227e-09 11.9223 0.281934 -1.53665 2.574058829e-09 0.971502 1.88894 0.913845 0
5.488 2.558756956e-09 12.0952 0.281935 -1.55244 2.574062563e-09 0.873301 1.95033 0.838583 0
5.544 2.558782762e-09 12.2698 0.281936 -1.56822 2.574066302e-09 0.783902 2.00621 0.756751 0
5.6 2.558810744e-09 12.4462 0.281937 -1.584 2.574070049e-09 0.704007 2.05615 0.668989 0
5.656 2.558841032e-09 12.6244 0.281938 -1.59978 2.574073958e-09 0.634242 2.09976 0.575986 0
5.712 2.558873902e-09 12.8042 0.281939 -1.61555 2.574078231e-09 0.575153 2.1367 0.478469 0
5.768 2.558909608e-09 12.9859 0.28194 -1.63133 2.574083096e-09 0.527203 2.16668 0.377203 0
5.824 2.558948372e-09 13.1693 0.281941 -1.64711 2.574088809e-09 0.490768 2.18946 0.272981 0
5.88 2.55899035e-09 13.3544 0.281942 -1.66288 2.574095597e-09 0.466133 2.20487 0.16662 0
5.936 2.55903565e-09 13.5413 0.281944 -1.67866 2.574103704e-09 0.453491 2.21278 0.058953 0
5.992 2.559084429e-09 13.7299 0.281945 -1.69443 2.57411344e-09 0.452942 2.21313 -0.0491758 0
6.048 2.559136718e-09 13.9203 0.281946 -1.7102 2.574125073e-09 0.464488 2.20592 -0.156919 0
6.104 2.559192542e-09 14.1124 0.281948 -1.72597 2.574138956e-09 0.488041 2.1912 -0.263433 0
6.16 2.559251859e-09 14.3063 0.281949 -1.74174 2.574155551e-09 0.523415 2.1691 -0.367882 0
6.216 2.559314679e-09 14.5019 0.281951 -1.7575 2.574175296e-09 0.570331 2.13978 -0.469448 0
6.272 2.559380955e-09 14.6993 0.281952 -1.77327 2.574198813e-09 0.628424 2.10347 -0.567334 0
6.328 2.559450735e-09 14.8983 0.281954 -1.78904 2.574226624e-09 0.697236 2.06045 -0.660774 0
6.384 2.559524007e-09 15.0992 0.281956 -1.8048 2.574259328e-09 0.776227 2.01108 -0.749034 0
6.44 2.559600693e-09 15.3017 0.281958 -1.82056 2.574297619e-09 0.864778 1.95572 -0.831422 0
6.496 2.559680716e-09 15.506 0.28196 -1.83632 2.57434199e-09 0.962194 1.89482 -0.907293 0
6.552 2.559763958e-09 15.7121 0.281962 -1.85208 2.57439301e-09 1.06771 1.82885 -0.976052 0
6.608 2.559850226e-09 15.9199 0.281964 -1.86784 2.574451079e-09 1.1805 1.75832 -1.03716 0
6.664 2.559939272e-09 16.1294 0.281967 -1.8836 2.574516542e-09 1.29967 1.6838 -1.09013 0
6.72 2.560030712e-09 16.3407 0.281969 -1.89936 2.57458954e-09 1.4243 1.60586 -1.13456 0
6.776 2.560124028e-09 16.5537 0.281972 -1.91512 2.574670089e-09 1.5534 1.52512 -1.1701 0
6.832 2.560218693e-09 16.7684 0.281975 -1.93087 2.574758105e-09 1.68596 1.44221 -1.19645 0
6.888 2.560314194e-09 16.9849 0.281978 -1.94663 2.574853308e-09 1.82093 1.35778 -1.21343 0
6.944 2.560410026e-09 17.2032 0.281981 -1.96239 2.574955266e-09 1.95727 1.27248 -1.2209 0
7 2.560505691e-09 17.4232 0.281985 -1.97815 2.575063575e-09 2.0939 1.187 -1.21879 0
7.056 2.560600657e-09 17.645 0.281988 -1.99391 2.57517744e-09 2.22974 1.102 -1.20713 0
7.112 2.560694373e-09 17.8686 0.281992 -2.00968 2.575296092e-09 2.36374 1.01814 -1.18601 0
7.168 2.560786335e-09 18.0939 0.281996 -2.02544 2.575418586e-09 2.49484 0.936086 -1.15559 0
7.224 2.560876044e-09 18.321 0.282001 -2.04121 2.57554388e-09 2.62201 0.856481 -1.11611 0
7.28 2.560963095e-09 18.5498 0.282005 -2.05698 2.575670799e-09 2.74427 0.779947 -1.06789 0
7.336 2.561047125e-09 18.7805 0.28201 -2.07275 2.575798171e-09 2.86064 0.707085 -1.01129 0
7.392 2.561127779e-09 19.0129 0.282014 -2.08852 2.575924851e-09 2.97022 0.638466 -0.946775 0
7.448 2.561204686e-09 19.2472 0.282019 -2.1043 2.57604956e-09 3.07215 0.574629 -0.87484 0
7.504 2.561277457e-09 19.4832 0.282024 -2.12008 2.576170985e-09 3.16563 0.516073 -0.796051 0
7.56 2.561345731e-09 19.721 0.282029 -2.13586 2.576287848e-09 3.24994 0.463258 -0.711027 0
7.616 2.561409263e-09 19.9606 0.282034 -2.15164 2.576398955e-09 3.32441 0.416598 -0.620435 0
7.672 2.561467886e-09 20.202 0.282039 -2.16743 2.576503102e-09 3.38846 0.376457 -0.524986 0
7.728 2.561521443e-09 20.4452 0.282044 -2.18322 2.576599208e-09 3.44159 0.343152 -0.425426 0
7.784 2.561569859e-09 20.6902 0.282049 -2.19901 2.576686327e-09 3.48338 0.316942 -0.322537 0
7.84 2.561613031e-09 20.937 0.282055 -2.21481 2.576763585e-09 3.51352 0.298033 -0.217125 0
7.896 2.561650772e-09 21.1857 0.28206 -2.23061 2.576830249e-09 3.53176 0.286572 -0.110015 0
7.952 2.561682944e-09 21.4361 0.282065 -2.24642 2.57688564e-09 3.53796 0.28265 -0.00204735 0
8.008 2.561709507e-09 21.6884 0.28207 -2.26222 2.576929234e-09 3.53208 0.286296 0.105933 0
8.064 2.561730412e-09 21.9425 0.282076 -2.27803 2.576960614e-09 3.51416 0.297483 0.21308 0
8.12 2.561745684e-09 22.1984 0.282081 -2.29385 2.576979517e-09 3.48435 0.316122 0.318555 0
8.176 2.561755361e-09 22.4561 0.282086 -2.30966 2.576985864e-09 3.44287 0.342067 0.421532 0
8.232 2.561759529e-09 22.7156 0.282091 -2.32548 2.576979717e-09 3.39005 0.375114 0.521204 0
8.288 2.56175825e-09 22.977 0.282097 -2.34131 2.57696125e-09 3.3263 0.415005 0.616791 0
8.344 2.561751641e-09 23.2401 0.282102 -2.35713 2.576930853e-09 3.25213 0.461427 0.707544 0
8.4 2.561739892e-09 23.5051 0.282107 -2.37296 2.576889063e-09 3.16811 0.514015 0.792753 0
8.456 2.561723321e-09 23.7719 0.282111 -2.38879 2.576836571e-09 3.0749 0.572359 0.87175 0
8.512 2.561702202e-09 24.0406 0.282116 -2.40463 2.576774114e-09 2.97323 0.636001 0.943916 0
8.568 2.561676818e-09 24.311 0.282121 -2.42046 2.576702588e-09 2.86389 0.704442 1.00869 0
8.624 2.561647432e-09 24.5833 0.282125 -2.4363 2.576622982e-09 2.74775 0.777146 1.06555 0
8.68 2.561614385e-09 24.8573 0.282129 -2.45214 2.576536403e-09 2.6257 0.853543 1.11407 0
8.736 2.561578124e-09 25.1332 0.282133 -2.46798 2.576444066e-09 2.4987 0.933035 1.15385 0
8.792 2.561538992e-09 25.4109 0.282137 -2.48382 2.576347096e-09 2.36776 1.015 1.1846 0
8.848 2.561497251e-09 25.6904 0.28214 -2.49966 2.576246643e-09 2.23388 1.09879 1.20606 0
8.904 2.561453189e-09 25.9717 0.282144 -2.5155 2.576143855e-09 2.09813 1.18376 1.21806 0
8.96 2.561407127e-09 26.2548 0.282147 -2.53134 2.57603995e-09 1.96156 1.26923 1.22052 0
9.016 2.561359362e-09 26.5397 0.28215 -2.54719 2.575935967e-09 1.82525 1.35454 1.21341 0
9.072 2.561310017e-09 26.8264 0.282152 -2.56303 2.575832967e-09 1.69026 1.43902 1.19679 0
9.128 2.561259385e-09 27.1148 0.282155 -2.57887 2.575731939e-09 1.55765 1.522 1.17079 0
9.184 2.56120779e-09 27.4051 0.282157 -2.59471 2.575633905e-09 1.42846 1.60284 1.1356 0
9.24 2.561155484e-09 27.6972 0.282159 -2.61056 2.575539833e-09 1.30371 1.6809 1.09152 0
9.296 2.561102604e-09 27.991 0.282161 -2.6264 2.575450523e-09 1.18438 1.75557 1.03887 0
9.352 2.561049293e-09 28.2866 0.282162 -2.64224 2.575366762e-09 1.07139 1.82626 0.978078 0
9.408 2.560995611e-09 28.584 0.282164 -2.65808 2.575289169e-09 0.965641 1.89242 0.909615 0
9.464 2.560941679e-09 28.8832 0.282165 -2.67392 2.575218233e-09 0.867959 1.95353 0.834019 0
9.52 2.560887686e-09 29.1842 0.282166 -2.68976 2.57515451e-09 0.779111 2.00912 0.751881 0
9.576 2.560834008e-09 29.487 0.282167 -2.7056 2.575098493e-09 0.699794 2.05874 0.663847 0
9.632 2.560780774e-09 29.7915 0.282168 -2.72143 2.575050477e-09 0.630632 2.102 0.570605 0
9.688 2.560728052e-09 30.0978 0.282169 -2.73727 2.575010586e-09 0.572168 2.13857 0.472888 0
9.744 2.560675777e-09 30.4059 0.282169 -2.75311 2.574978866e-09 0.52486 2.16817 0.371462 0
9.8 2.5606239e-09 30.7157 0.28217 -2.76894 2.57495526e-09 0.48908 2.19055 0.267123 0
9.856 2.5605725e-09 31.0274 0.28217 -2.78478 2.574939535e-09 0.46511 2.20554 0.160687 0
9.912 2.560521556e-09 31.3408 0.28217 -2.80061 2.574931422e-09 0.453138 2.21303 0.0529918 0
9.968 2.560471135e-09 31.656 0.28217 -2.81645 2.574930469e-09 0.453257 2.21296 -0.0551197 0
10.024 2.560421317e-09 31.9729 0.28217 -2.83228 2.574936238e-09 0.465468 2.20532 -0.162799 0
10.08 2.560372228e-09 32.2916 0.28217 -2.84811 2.574948243e-09 0.489673 2.19017 -0.269202 0
10.136 2.56032399e-09 32.6121 0.282169 -2.86394 2.574965793e-09 0.525684 2.16765 -0.373494 0
10.192 2.560276535e-09 32.9344 0.282168 -2.87976 2.574988287e-09 0.573218 2.13791 -0.474858 0
10.248 2.560229858e-09 33.2584 0.282168 -2.89559 2.57501497e-09 0.631902 2.1012 -0.572497 0
10.304 2.560183987e-09 33.5842 0.282167 -2.91141 2.57504512e-09 0.701276 2.0578 -0.665648 0
10.36 2.560139001e-09 33.9117 0.282166 -2.92724 2.575077966e-09 0.780795 2.00806 -0.753579 0
10.416 2.56009498e-09 34.2411 0.282164 -2.94306 2.57511285e-09 0.869837 1.95236 -0.835602 0
10.472 2.560052127e-09 34.5721 0.282163 -2.95888 2.575149121e-09 0.967701 1.89114 -0.911073 0
10.528 2.560010416e-09 34.905 0.282161 -2.9747 2.575186077e-09 1.07362 1.82488 -0.979402 0
10.584 2.559969804e-09 35.2396 0.28216 -2.99052 2.575223269e-09 1.18677 1.7541 -1.04005 0
10.64 2.559930386e-09 35.576 0.282158 -3.00633 2.575260239e-09 1.30626 1.67935 -1.09255 0
10.696 2.559892194e-09 35.9141 0.282156 -3.02215 2.575296584e-09 1.43114 1.60123 -1.13648 0
10.752 2.559855292e-09 36.254 0.282154 -3.03796 2.575331915e-09 1.56046 1.52034 -1.17151 0
10.808 2.559819749e-09 36.5956 0.282151 -3.05377 2.575365875e-09 1.69318 1.43733 -1.19735 0
10.864 2.559785493e-09 36.939 0.282149 -3.06958 2.575398209e-09 1.82827 1.35283 -1.21381 0
10.92 2.559752516e-09 37.2842 0.282146 -3.08538 2.57542865e-09 1.96467 1.26751 -1.22075 0
10.976 2.559720961e-09 37.6311 0.282143 -3.10118 2.575456991e-09 2.10131 1.18204 -1.21813 0
11.032 2.559690992e-09 37.9797 0.28214 -3.11699 2.575483111e-09 2.23713 1.0971 -1.20596 0
11.088 2.559662666e-09 38.3302 0.282137 -3.13279 2.575506891e-09 2.37105 1.01333 -1.18434 0
11.144 2.559636029e-09 38.6823 0.282133 -3.14858 2.575528374e-09 2.50204 0.931416 -1.15344 0
11.2 2.559611101e-09 39.0362 0.28213 -3.16438 2.575547477e-09 2.62905 0.85198 -1.11351 0
11.256 2.559588052e-09 39.3919 0.282126 -3.18017 2.575564272e-09 2.7511 0.775651 -1.06484 0
11.312 2.559566997e-09 39.7492 0.282123 -3.19596 2.575578759e-09 2.86723 0.703025 -1.00784 0
11.368 2.559548034e-09 40.1084 0.282119 -3.21175 2.575591038e-09 2.97653 0.634672 -0.942932 0
11.424 2.559531308e-09 40.4692 0.282115 -3.22754 2.575601172e-09 3.07814 0.571128 -0.870639 0
11.48 2.559516727e-09 40.8318 0.282111 -3.24332 2.575609199e-09 3.17128 0.512889 -0.791525 0
11.536 2.559504323e-09 41.1962 0.282107 -3.2591 2.575615136e-09 3.2552 0.460411 -0.706208 0
11.592 2.559494049e-09 41.5622 0.282103 -3.27488 2.575618984e-09 3.32925 0.414107 -0.615357 0
11.648 2.559485985e-09 41.93 0.282099 -3.29066 2.575620758e-09 3.39285 0.374338 -0.519685 0
11.704 2.559480119e-09 42.2996 0.282095 -3.30644 2.575620492e-09 3.4455 0.341416 -0.41994 0
11.76 2.559476476e-09 42.6708 0.282092 -3.32221 2.575618189e-09 3.4868 0.315599 -0.316905 0
11.816 2.559475014e-09 43.0438 0.282088 -3.33798 2.57561381e-09 3.51641 0.297089 -0.211386 0
11.872 2.559475749e-09 43.4186 0.282084 -3.35376 2.575607377e-09 3.5341 0.28603 -0.104209 0
11.928 2.55947858e-09 43.795 0.28208 -3.36953 2.575598857e-09 3.53974 0.282511 0.00378414 0
11.984 2.559483419e-09 44.1732 0.282077 -3.3853 2.575588235e-09 3.53328 0.286558 0.111749 0
