-0.003 0
0.032 4.98292e-13
0.067 1.01841e-12
0.102 1.55938e-12
0.137 2.09969e-12
0.172 2.65727e-12
0.207 3.24839e-12
0.242 3.90012e-12
0.277 4.66366e-12
0.312 5.61012e-12
0.347 6.84096e-12
0.382 8.49738e-12
0.417 1.07827e-11
0.452 1.39951e-11
0.487 1.85492e-11
0.522 2.50469e-11
0.557 3.43477e-11
0.592 4.77744e-11
0.627 6.72821e-11
0.662 9.57892e-11
0.697 1.37884e-10
0.732 2.00375e-10
0.767 2.93628e-10
0.802 4.33545e-10
0.837 6.44404e-10
0.872 9.63906e-10
0.907 1.45025e-09
0.942 2.19321e-09
0.977 3.33163e-09
1.012 5.08025e-09
1.047 7.77219e-09
1.082 1.1928e-08
1.117 1.83665e-08
1.152 2.83812e-08
1.187 4.40285e-08
1.222 6.85746e-08
1.257 1.07239e-07
1.292 1.68359e-07
1.327 2.65215e-07
1.362 4.18993e-07
1.397 6.63429e-07
1.432 1.05194e-06
1.467 1.66858e-06
1.502 2.64491e-06
1.537 4.1855e-06
1.572 6.60566e-06
1.607 1.03846e-05
1.642 1.62339e-05
1.677 2.51701e-05
1.712 3.85544e-05
1.747 5.80166e-05
1.782 8.51455e-05
1.817 0.000120888
1.852 0.00016484
1.887 0.000214818
1.922 0.000267072
1.957 0.000317226
1.992 0.000361728
2.027 0.00039904
2.062 0.00042974
2.097 0.000455638
2.132 0.000478701
2.167 0.000500409
2.202 0.000521728
2.237 0.000543464
2.272 0.000566458
2.307 0.00059132
2.342 0.000617957
2.377 0.000645576
2.412 0.000673248
2.447 0.000700484
2.482 0.000727397
2.517 0.000754486
2.552 0.000782224
2.587 0.000810773
2.622 0.000839971
2.657 0.000869581
2.692 0.000899636
2.727 0.000930626
2.762 0.000963332
2.797 0.000998425
2.832 0.00103627
2.867 0.00107711
2.902 0.00112107
2.937 0.00116789
2.972 0.00121653
3.007 0.00126542
3.042 0.0013134
3.077 0.00136073
3.112 0.00140918
3.147 0.00146077
3.182 0.00151624
3.217 0.00157494
3.252 0.00163636
3.287 0.00170131
3.322 0.00177154
3.357 0.00184847
3.392 0.00193241
3.427 0.00202303
3.462 0.00212044
3.497 0.00222564
3.532 0.00233994
3.567 0.00246483
3.602 0.00260249
3.637 0.00275625
3.672 0.00293025
3.707 0.00312809
3.742 0.00335174
3.777 0.00360236
3.812 0.00388262
3.847 0.0041974
3.882 0.00455231
3.917 0.00495337
3.952 0.00540756
3.987 0.00592304
4.022 0.00650869
4.057 0.0071739
4.092 0.0079298
4.127 0.00879084
4.162 0.00977461
4.197 0.0109001
4.232 0.0121869
4.267 0.0136579
4.302 0.0153427
4.337 0.0172772
4.372 0.0195032
4.407 0.0220675
4.442 0.0250237
4.477 0.0284344
4.512 0.0323745
4.547 0.0369332
4.582 0.0422157
4.617 0.0483436
4.652 0.0554563
4.687 0.0637173
4.722 0.0733204
4.757 0.0844916
4.792 0.097488
4.827 0.112597
4.862 0.130146
4.897 0.150519
4.932 0.174186
4.967 0.201711
