0 9.25836198e-09 4.24717 1.55792 2.36997 9.292642293e-09 0.27866 3.59 0.0197505 0
0.035 9.258629107e-09 4.08306 1.55796 2.31544 9.29293924e-09 0.268908 3.95922 0.2543 0
0.07 9.258896249e-09 3.92278 1.55801 2.26091 9.293236221e-09 0.244132 4.89772 0.44237 0
0.105 9.259163407e-09 3.76631 1.55805 2.20638 9.293529224e-09 0.20886 6.23403 0.54958 0
0.14 9.259430581e-09 3.61366 1.5581 2.15185 9.293814929e-09 0.169537 7.72397 0.556326 0
0.175 9.259697771e-09 3.46484 1.55814 2.09731 9.294091476e-09 0.133352 9.09519 0.461366 0
0.21 9.259964977e-09 3.31984 1.55819 2.04278 9.294358898e-09 0.106918 10.097 0.282055 0
0.245 9.260232199e-09 3.17866 1.55823 1.98824 9.294619107e-09 0.0950686 10.5463 0.0511705 0
0.28 9.260499437e-09 3.0413 1.55828 1.9337 9.294875493e-09 0.0999687 10.3607 -0.189076 0
0.315 9.26076669e-09 2.90777 1.55832 1.87916 9.295132267e-09 0.120722 9.57432 -0.394753 0
0.35 9.261033959e-09 2.77805 1.55837 1.82462 9.295393706e-09 0.153533 8.33077 -0.528247 0
0.385 9.261301245e-09 2.65216 1.55841 1.77008 9.295663428e-09 0.1924 6.8575 -0.565137 0
0.42 9.261568546e-09 2.53009 1.55846 1.71553 9.295943758e-09 0.230214 5.42397 -0.49867 0
0.455 9.261835863e-09 2.41184 1.5585 1.66098 9.296235254e-09 0.260058 4.29242 -0.340995 0
0.49 9.262103197e-09 2.29741 1.55855 1.60643 9.296536458e-09 0.276472 3.66991 -0.120947 0
0.525 9.262370547e-09 2.18681 1.55859 1.55188 9.296843992e-09 0.276453 3.67041 0.121228 0
0.56 9.262637914e-09 2.08002 1.55864 1.49733 9.297153054e-09 0.260003 4.29395 0.341229 0
0.595 9.262905299e-09 1.97706 1.55868 1.44278 9.297458302e-09 0.230129 5.42655 0.498807 0
0.63 9.263172702e-09 1.87792 1.55873 1.38823 9.297754954e-09 0.192297 6.86111 0.56513 0
0.665 9.263440126e-09 1.7826 1.55877 1.33367 9.298039837e-09 0.153427 8.33522 0.528058 0
0.7 9.263707571e-09 1.6911 1.55882 1.27911 9.298312113e-09 0.120628 9.5792 0.394366 0
0.735 9.263975044e-09 1.60343 1.55886 1.22455 9.298573475e-09 0.0999028 10.3654 0.188509 0
0.77 9.264242548e-09 1.51957 1.55891 1.16999 9.298827813e-09 0.0950415 10.55 -0.051847 0
0.805 9.264510093e-09 1.43954 1.55895 1.11543 9.299080443e-09 0.106933 10.0991 -0.28272 0
0.84 9.264777693e-09 1.36333 1.559 1.06086 9.299337128e-09 0.133402 9.09518 -0.461855 0
0.875 9.265045374e-09 1.29094 1.55904 1.0063 9.299603065e-09 0.169601 7.72196 -0.556463 0
0.91 9.265313176e-09 1.22237 1.55909 0.95173 9.299882007e-09 0.208905 6.23078 -0.549219 0
0.945 9.265581169e-09 1.15763 1.55913 0.897161 9.300175595e-09 0.244118 4.89464 -0.441443 0
0.98 9.265849465e-09 1.0967 1.55918 0.842591 9.300483006e-09 0.268794 3.95819 -0.252857 0
1.015 9.266118249e-09 1.0396 1.55923 0.788019 9.300801e-09 0.278414 3.59294 -0.0179796 0
1.05 9.26638782e-09 0.986321 1.55927 0.733445 9.301124428e-09 0.271215 3.86588 0.22019 0
1.085 9.266658657e-09 0.936862 1.55932 0.67887 9.30144722e-09 0.248515 4.72714 0.418047 0
1.12 9.266931541e-09 0.891225 1.55936 0.624293 9.301763699e-09 0.214468 6.01913 0.539363 0
1.155 9.267207715e-09 0.849408 1.55941 0.569714 9.302069994e-09 0.175308 7.50536 0.561919 0
1.19 9.267489187e-09 0.811414 1.55945 0.515134 9.302365326e-09 0.138204 8.91374 0.481578 0
1.225 9.26777916e-09 0.77724 1.5595 0.460551 9.30265294e-09 0.109949 9.98639 0.313045 0
1.26 9.268082818e-09 0.746887 1.55955 0.405967 9.302940928e-09 0.0957171 10.5269 0.0871785 0
1.295 9.268408426e-09 0.720354 1.55961 0.351381 9.30324286e-09 0.0981131 10.4361 -0.15466 0
1.33 9.268769074e-09 0.69764 1.55967 0.296792 9.303579063e-09 0.116698 9.73073 -0.368176 0
1.365 9.269185277e-09 0.678744 1.55973 0.2422 9.303978462e-09 0.148065 8.53988 -0.514253 0
1.4 9.269688435e-09 0.663665 1.55982 0.187604 9.304482259e-09 0.186466 7.08167 -0.566123 0
1.435 9.270326129e-09 0.652398 1.55992 0.133004 9.305149908e-09 0.224863 5.62329 -0.514266 0
1.47 9.271170079e-09 0.64494 1.56006 0.078397 9.306069154e-09 0.256212 4.43205 -0.368166 0
1.505 9.272327264e-09 0.641284 1.56025 0.0237813 9.30736873e-09 0.27476 3.7265 -0.154579 0
1.54 9.273955153e-09 0.641418 1.56053 -0.0308465 9.309231789e-09 0.277095 3.63641 0.0873594 0
1.575 9.276283065e-09 0.645329 1.56092 -0.085491 9.311905958e-09 0.262773 4.17909 0.31329 0
1.61 9.279635883e-09 0.652992 1.5615 -0.140159 9.315701534e-09 0.234404 5.25622 0.481746 0
1.645 9.284461075e-09 0.664375 1.56233 -0.194859 9.320985981e-09 0.197181 6.67188 0.561752 0
1.68 9.291346531e-09 0.679433 1.56351 -0.249604 9.32817978e-09 0.157924 8.16837 0.538499 0
1.715 9.301001814e-09 0.698108 1.56518 -0.304408 9.337765809e-09 0.123838 9.47301 0.416078 0
1.75 9.314160756e-09 0.720335 1.56745 -0.35929 9.350299555e-09 0.101185 10.3474 0.216786 0
1.785 9.331370377e-09 0.746056 1.57042 -0.414268 9.366344507e-09 0.0941212 10.6301 -0.0228457 0
1.82 9.352659249e-09 0.77525 1.57407 -0.469358 9.386299519e-09 0.103919 10.2663 -0.258573 0
1.855 9.377218886e-09 0.807961 1.57826 -0.524569 9.409984623e-09 0.128699 9.31858 -0.446425 0
1.89 9.403271685e-09 0.844325 1.58266 -0.579895 9.436314149e-09 0.163761 7.95924 -0.55083 0
1.925 9.42839932e-09 0.884551 1.58682 -0.635316 9.463369327e-09 0.202448 6.44204 -0.55152 0
1.96 9.450168771e-09 0.928874 1.59032 -0.690801 9.488421586e-09 0.237414 5.05677 -0.447826 0
1.995 9.466739015e-09 0.977503 1.59283 -0.746322 9.508336255e-09 0.262037 4.07249 -0.259123 0
2.03 9.477381032e-09 1.03056 1.59427 -0.801866 9.52102151e-09 0.27165 3.68285 -0.0211373 0
2.065 9.482643951e-09 1.08805 1.59477 -0.85743 9.52663131e-09 0.264385 3.96692 0.220888 0
2.1 9.483991576e-09 1.14986 1.59463 -0.913016 9.527192096e-09 0.241541 4.87307 0.420767 0
2.135 9.483095987e-09 1.21583 1.59418 -0.96863 9.525206456e-09 0.207397 6.22893 0.54024 0
2.17 9.481168751e-09 1.28583 1.59365 -1.02429 9.522464513e-09 0.168434 7.77513 0.556413 0
2.205 9.47863727e-09 1.35984 1.59316 -1.08001 9.519533891e-09 0.132097 9.21557 0.466211 0
2.24 9.475219011e-09 1.4379 1.59271 -1.13585 9.515995025e-09 0.105346 10.2742 0.286957 0
2.275 9.470354759e-09 1.52012 1.59225 -1.19181 9.511120605e-09 0.0933019 10.748 0.0530029 0
2.31 9.463626273e-09 1.60662 1.59167 -1.24788 9.504401088e-09 0.0982752 10.5463 -0.190881 0
2.345 9.454906916e-09 1.69746 1.59087 -1.30401 9.49571591e-09 0.11933 9.70841 -0.398121 0
2.38 9.444159899e-09 1.79269 1.58975 -1.36012 9.485162737e-09 0.152474 8.39591 -0.529301 0
2.415 9.431146231e-09 1.8924 1.58824 -1.41619 9.472910597e-09 0.191437 6.86018 -0.559725 0
2.45 9.415428192e-09 1.99674 1.58629 -1.47221 9.459109426e-09 0.228873 5.3932 -0.484107 0
2.485 9.39676446e-09 2.10582 1.58391 -1.52821 9.444051957e-09 0.257769 4.27037 -0.31744 0
2.52 9.375571061e-09 2.21964 1.58118 -1.58419 9.428256954e-09 0.272767 3.69708 -0.0918645 0
2.555 9.35333667e-09 2.3379 1.57823 -1.64004 9.412710401e-09 0.271151 3.77071 0.149765 0
2.59 9.332774725e-09 2.45993 1.57525 -1.69558 9.398931975e-09 0.253323 4.46544 0.362212 0
2.625 9.317462365e-09 2.58468 1.57247 -1.75052 9.388555526e-09 0.222694 5.64213 0.506425 0
2.66 9.310901739e-09 2.71098 1.57018 -1.80464 9.382969231e-09 0.185016 7.07936 0.55659 0
2.695 9.315180924e-09 2.83789 1.56864 -1.85786 9.383193431e-09 0.147292 8.51591 0.504303 0
2.73 9.329926627e-09 2.96519 1.568 -1.91034 9.389801812e-09 0.116486 9.69436 0.359525 0
2.765 9.352387399e-09 3.09345 1.56822 -1.96245 9.402777794e-09 0.0982687 10.4012 0.148695 0
2.8 9.378645243e-09 3.2238 1.56915 -2.0146 9.421326222e-09 0.0959791 10.5026 -0.0896343 0
2.835 9.404965029e-09 3.35744 1.57054 -2.06712 9.443990245e-09 0.109995 9.97278 -0.31137 0
2.87 9.428687024e-09 3.49536 1.57214 -2.12019 9.468883988e-09 0.137636 8.90436 -0.474931 0
2.905 9.448496431e-09 3.63817 1.57373 -2.17382 9.494120732e-09 0.173652 7.49609 -0.54928 0
2.94 9.464161765e-09 3.78608 1.57517 -2.22794 9.518066085e-09 0.211204 6.01554 -0.520101 0
2.975 9.476044588e-09 3.93909 1.57639 -2.28244 9.539619091e-09 0.243158 4.74688 -0.392736 0
3.01 9.484786452e-09 4.09708 1.57736 -2.33721 9.558440858e-09 0.263429 3.93501 -0.191303 0
3.045 9.491032812e-09 4.25985 1.57807 -2.39214 9.574690557e-09 0.268147 3.73713 0.0458083 0
3.08 9.495267546e-09 4.42729 1.57853 -2.44716 9.588318925e-09 0.256412 4.19134 0.273335 0
3.115 9.497868831e-09 4.59928 1.57874 -2.50222 9.598697031e-09 0.230481 5.20956 0.448002 0
3.15 9.499323876e-09 4.77565 1.57874 -2.55725 9.60519226e-09 0.195297 6.59628 0.536872 0
3.185 9.500312901e-09 4.95607 1.57855 -2.61217 9.608007284e-09 0.157523 8.0876 0.523436 0
3.22 9.501530142e-09 5.14019 1.57823 -2.66691 9.608264961e-09 0.124295 9.40109 0.410496 0
3.255 9.503312236e-09 5.3278 1.57785 -2.72148 9.607354054e-09 0.10189 10.2878 0.219605 0
3.29 9.505519022e-09 5.51896 1.57746 -2.77595 9.606330113e-09 0.0945473 10.5785 -0.0128653 0
3.325 9.507675624e-09 5.71391 1.57712 -2.83046 9.605990066e-09 0.103638 10.2163 -0.242481 0
3.36 9.509276118e-09 5.91297 1.57688 -2.88515 9.607188544e-09 0.127381 9.26968 -0.425188 0
3.395 9.510100812e-09 6.11633 1.57676 -2.94007 9.611023376e-09 0.161164 7.92074 -0.52587 0
3.43 9.510257905e-09 6.32397 1.57674 -2.9952 9.61848358e-09 0.198425 6.4304 -0.525315 0
3.465 9.510124092e-09 6.53566 1.57677 -3.05045 9.630016758e-09 0.231942 5.08674 -0.424063 0
3.5 9.510324588e-09 6.75098 1.57679 -3.10563 9.645492458e-09 0.255248 4.14763 -0.242227 0
3.535 9.511421364e-09 6.9695 1.57678 -3.1606 9.664143847e-09 0.263899 3.79022 -0.0153911 0
3.57 9.513516009e-09 7.1911 1.57675 -3.21536 9.684317657e-09 0.256329 4.07743 0.212511 0
3.605 9.516060039e-09 7.41614 1.57676 -3.27009 9.703262029e-09 0.234121 4.94741 0.397857 0
3.64 9.518184917e-09 7.64529 1.57692 -3.32506 9.717723849e-09 0.201639 6.22785 0.505746 0
3.675 9.519355851e-09 7.87903 1.57726 -3.38043 9.725385138e-09 0.165126 7.671 0.51641 0
3.71 9.51971729e-09 8.11731 1.57777 -3.43616 9.725991328e-09 0.131498 9.00132 0.428548 0
3.745 9.519797208e-09 8.35972 1.57837 -3.4921 9.721171472e-09 0.107086 9.96636 0.259339 0
3.78 9.519935955e-09 8.60601 1.57904 -3.54813 9.713461742e-09 0.0964751 10.383 0.0412695 0
3.815 9.519945535e-09 8.85634 1.57977 -3.6043 9.705696107e-09 0.101632 10.172 -0.183845 0
3.85 9.519255045e-09 9.11126 1.58061 -3.66078 9.700571167e-09 0.121499 9.374 -0.37273 0
3.885 9.517330814e-09 9.37138 1.58157 -3.71772 9.700371037e-09 0.152168 8.14334 -0.489033 0
3.92 9.514122557e-09 9.63683 1.58265 -3.77515 9.706706527e-09 0.187625 6.71918 -0.510573 0
3.955 9.510093446e-09 9.90725 1.5838 -3.8329 9.720296585e-09 0.220938 5.37807 -0.433842 0
3.99 9.505985228e-09 10.1819 1.58494 -3.89072 9.740741272e-09 0.245644 4.37801 -0.274647 0
4.025 9.50254161e-09 10.46 1.58597 -3.94833 9.766465921e-09 0.257037 3.90679 -0.064723 0
4.06 9.500306538e-09 10.7409 1.58681 -4.00547 9.79479047e-09 0.253069 4.04628 0.15488 0
4.095 9.499524507e-09 11.0242 1.58738 -4.06196 9.822230161e-09 0.234688 4.75951 0.342051 0
4.13 9.500078733e-09 11.3098 1.58765 -4.11776 9.845096869e-09 0.205567 5.90154 0.461696 0
4.165 9.501531948e-09 11.5982 1.58763 -4.17297 9.860368877e-09 0.171337 7.24968 0.492072 0
4.2 9.503322821e-09 11.89 1.58739 -4.22778 9.866445723e-09 0.138492 8.54587 0.428413 0
4.235 9.504853779e-09 12.186 1.58703 -4.28246 9.863448492e-09 0.113204 9.54375 0.283538 0
4.27 9.505592784e-09 12.4867 1.58667 -4.33732 9.853252684e-09 0.100192 10.0538 0.0854553 0
4.305 9.505231188e-09 12.7927 1.58639 -4.39252 9.839393746e-09 0.101845 9.9791 -0.127753 0
4.34 9.503801576e-09 13.1041 1.5862 -4.44811 9.826532814e-09 0.11775 9.33548 -0.315051 0
4.375 9.501659702e-09 13.4204 1.58606 -4.50395 9.819360938e-09 0.144732 8.24939 -0.440397 0
4.41 9.499402419e-09 13.7409 1.58592 -4.55981 9.821413561e-09 0.177448 6.93359 -0.479947 0
4.445 9.497649816e-09 14.0646 1.58571 -4.61545 9.834447319e-09 0.209453 5.64435 -0.426877 0
4.48 9.496739936e-09 14.3909 1.58543 -4.67075 9.858148705e-09 0.234507 4.62953 -0.29267 0
4.515 9.496656463e-09 14.7199 1.58511 -4.72576 9.890169516e-09 0.247836 4.07903 -0.104539 0
4.55 9.497062916e-09 15.052 1.58483 -4.78069 9.926423921e-09 0.247052 4.08852 0.100386 0
4.585 9.497470018e-09 15.3879 1.58467 -4.83579 9.961751131e-09 0.232548 4.64377 0.282668 0
4.62 9.49748027e-09 15.7284 1.58469 -4.89128 9.990997621e-09 0.207307 5.62759 0.408213 0
4.655 9.497007754e-09 16.0735 1.58486 -4.94715 1.001041388e-08 0.176238 6.84568 0.454389 0
4.69 9.496375381e-09 16.4229 1.58512 -5.00322 1.001858511e-08 0.145222 8.06457 0.413708 0
4.725 9.496137724e-09 16.7755 1.58536 -5.05917 1.001633432e-08 0.120049 9.05393 0.294814 0
4.76 9.49664598e-09 17.1306 1.58552 -5.11479 1.000601293e-08 0.105384 9.62762 0.120822 0
4.795 9.497689071e-09 17.4887 1.58561 -5.17014 9.991112125e-09 0.103911 9.6775 -0.0748284 0
4.83 9.498706486e-09 17.8507 1.58569 -5.22547 9.976366427e-09 0.115799 9.195 -0.254507 0
4.865 9.499169155e-09 18.2175 1.58581 -5.28105 9.967100574e-09 0.13863 8.27495 -0.383606 0
4.9 9.498950195e-09 18.5896 1.58599 -5.33694 9.967703359e-09 0.167841 7.09842 -0.437496 0
4.935 9.498355387e-09 18.9663 1.5862 -5.39299 9.98033639e-09 0.19764 5.89621 -0.406607 0
4.97 9.497890787e-09 19.3467 1.58638 -5.44896 1.000470548e-08 0.222195 4.90089 -0.298255 0
