0 1.11287e+15
2.43009e-05 -2.91054e+14
4.86019e-05 -1.32537e+14
7.29028e-05 3.45176e+13
9.72038e-05 -9.59616e+12
0.000121505 -1.48944e+13
0.000145806 -4.919e+12
0.000170107 -4.28074e+12
0.000194408 -4.41936e+12
0.000218708 -3.49964e+12
0.000243009 -2.9408e+12
0.00026731 -2.62593e+12
0.000291611 -2.32623e+12
0.000315912 -2.0743e+12
0.000340213 -1.87506e+12
0.000364514 -1.70767e+12
0.000388815 -1.56511e+12
0.000413116 -1.44406e+12
0.000437417 -1.34022e+12
0.000461718 -1.25024e+12
0.000486019 -1.17167e+12
0.00051032 -1.10243e+12
0.000534621 -1.04083e+12
0.000558922 -9.85549e+11
0.000583223 -9.35574e+11
0.000607523 -8.9015e+11
0.000631824 -8.48738e+11
0.000656125 -8.10956e+11
0.000680426 -7.7652e+11
0.000704727 -7.45196e+11
0.000729028 -7.16753e+11
0.000753329 -6.90937e+11
0.00077763 -6.67463e+11
0.000801931 -6.46015e+11
0.000826232 -6.26273e+11
0.000850533 -6.07929e+11
0.000874834 -5.9072e+11
0.000899135 -5.74447e+11
0.000923436 -5.58982e+11
0.000947737 -5.44274e+11
0.000972038 -5.30327e+11
0.000996339 -5.17186e+11
0.00102064 -5.04902e+11
0.00104494 -4.93514e+11
0.00106924 -4.83024e+11
0.00109354 -4.73384e+11
0.00111784 -4.64504e+11
0.00114214 -4.56256e+11
0.00116645 -4.48496e+11
0.00119075 -4.41087e+11
0.00121505 -4.33916e+11
0.00123935 -4.26916e+11
0.00126365 -4.20067e+11
0.00128795 -4.13398e+11
0.00131225 -4.06969e+11
0.00133655 -4.0086e+11
0.00136085 -3.95144e+11
0.00138515 -3.89871e+11
0.00140945 -3.85054e+11
0.00143376 -3.80665e+11
0.00145806 -3.76637e+11
0.00148236 -3.72876e+11
0.00150666 -3.69283e+11
0.00153096 -3.65764e+11
0.00155526 -3.62258e+11
0.00157956 -3.58737e+11
0.00160386 -3.55216e+11
0.00162816 -3.51745e+11
0.00165246 -3.48396e+11
0.00167676 -3.45245e+11
0.00170107 -3.42359e+11
0.00172537 -3.39776e+11
0.00174967 -3.37498e+11
0.00177397 -3.35491e+11
0.00179827 -3.33689e+11
0.00182257 -3.32013e+11
0.00184687 -3.30378e+11
0.00187117 -3.28718e+11
0.00189547 -3.26996e+11
0.00191977 -3.25208e+11
0.00194408 -3.23388e+11
0.00196838 -3.21595e+11
0.00199268 -3.19904e+11
0.00201698 -3.18386e+11
0.00204128 -3.17094e+11
0.00206558 -3.16053e+11
0.00208988 -3.1525e+11
0.00211418 -3.14643e+11
0.00213848 -3.14165e+11
0.00216278 -3.13739e+11
0.00218708 -3.13295e+11
0.00221139 -3.12782e+11
0.00223569 -3.12184e+11
0.00225999 -3.11515e+11
0.00228429 -3.10823e+11
0.00230859 -3.10175e+11
0.00233289 -3.09645e+11
0.00235719 -3.09297e+11
0.00238149 -3.09173e+11
0.00240579 -3.09282e+11
0.00243009 -3.09599e+11
0.00245439 -3.10071e+11
0.0024787 -3.10629e+11
0.002503 -3.11198e+11
0.0025273 -3.11718e+11
0.0025516 -3.12156e+11
0.0025759 -3.12511e+11
0.0026002 -3.12816e+11
0.0026245 -3.13131e+11
0.0026488 -3.13529e+11
0.0026731 -3.14086e+11
0.0026974 -3.14858e+11
0.00272171 -3.15875e+11
0.00274601 -3.17132e+11
0.00277031 -3.1859e+11
0.00279461 -3.20187e+11
0.00281891 -3.21848e+11
0.00284321 -3.23504e+11
0.00286751 -3.25105e+11
0.00289181 -3.26635e+11
0.00291611 -3.28111e+11
0.00294041 -3.29584e+11
0.00296471 -3.31129e+11
0.00298902 -3.32829e+11
0.00301332 -3.34758e+11
0.00303762 -3.36969e+11
0.00306192 -3.39478e+11
0.00308622 -3.42267e+11
0.00311052 -3.45283e+11
0.00313482 -3.48454e+11
0.00315912 -3.51702e+11
0.00318342 -3.54965e+11
0.00320772 -3.58207e+11
0.00323202 -3.61431e+11
0.00325633 -3.64679e+11
0.00328063 -3.68027e+11
0.00330493 -3.7157e+11
0.00332923 -3.75404e+11
0.00335353 -3.7961e+11
0.00337783 -3.84238e+11
0.00340213 -3.89293e+11
0.00342643 -3.94746e+11
0.00345073 -4.00532e+11
0.00347503 -4.06574e+11
0.00349934 -4.12796e+11
0.00352364 -4.1915e+11
0.00354794 -4.25624e+11
0.00357224 -4.32257e+11
0.00359654 -4.39133e+11
0.00362084 -4.46371e+11
0.00364514 -4.54105e+11
0.00366944 -4.62468e+11
0.00369374 -4.71562e+11
0.00371804 -4.81454e+11
0.00374234 -4.92158e+11
0.00376665 -5.03649e+11
0.00379095 -5.15871e+11
0.00381525 -5.28767e+11
0.00383955 -5.42295e+11
0.00386385 -5.56462e+11
0.00388815 -5.71337e+11
0.00391245 -5.87056e+11
0.00393675 -6.03823e+11
0.00396105 -6.21891e+11
0.00398535 -6.41535e+11
0.00400965 -6.63033e+11
0.00403396 -6.86636e+11
0.00405826 -7.1256e+11
0.00408256 -7.40979e+11
0.00410686 -7.72049e+11
0.00413116 -8.05931e+11
0.00415546 -8.42837e+11
0.00417976 -8.83074e+11
0.00420406 -9.27098e+11
0.00422836 -9.75547e+11
0.00425266 -1.02928e+12
0.00427697 -1.08939e+12
0.00430127 -1.15724e+12
0.00432557 -1.23446e+12
0.00434987 -1.32301e+12
0.00437417 -1.42513e+12
0.00439847 -1.54378e+12
0.00442277 -1.68299e+12
0.00444707 -1.84613e+12
0.00447137 -2.03842e+12
0.00449567 -2.27891e+12
0.00451997 -2.57255e+12
0.00454428 -2.87868e+12
0.00456858 -3.36133e+12
0.00459288 -4.27253e+12
0.00461718 -4.4267e+12
0.00464148 -4.31143e+12
0.00466578 -1.26702e+13
0.00469008 -1.44665e+13
0.00471438 3.03132e+13
0.00473868 -7.31135e+13
0.00476298 -3.52825e+14
0.00478728 9.55365e+14
0.00481159 -1.48509e+14
0.00483589 -2.00692e+14
0.00486019 3.22322e+13
0.00488449 -2.63329e+12
0.00490879 -1.68094e+13
0.00493309 -5.89903e+12
0.00495739 -4.12106e+12
0.00498169 -4.5282e+12
0.00500599 -3.65318e+12
0.00503029 -3.00774e+12
0.0050546 -2.67729e+12
0.0050789 -2.37411e+12
0.0051032 -2.11142e+12
0.0051275 -1.9052e+12
0.0051518 -1.73396e+12
0.0051761 -1.58828e+12
0.0052004 -1.46473e+12
0.0052247 -1.35887e+12
0.005249 -1.267e+12
0.0052733 -1.18653e+12
0.0052976 -1.11538e+12
0.00532191 -1.0519e+12
0.00534621 -9.94854e+11
0.00537051 -9.43334e+11
0.00539481 -8.96674e+11
0.00541911 -8.54382e+11
0.00544341 -8.16074e+11
0.00546771 -7.81417e+11
0.00549201 -7.5008e+11
0.00551631 -7.21719e+11
0.00554061 -6.95966e+11
0.00556492 -6.7244e+11
0.00558922 -6.50771e+11
0.00561352 -6.30627e+11
0.00563782 -6.11734e+11
0.00566212 -5.93897e+11
0.00568642 -5.77e+11
0.00571072 -5.61004e+11
0.00573502 -5.4592e+11
0.00575932 -5.31789e+11
0.00578362 -5.18651e+11
0.00580792 -5.06521e+11
0.00583223 -4.95369e+11
0.00585653 -4.8512e+11
0.00588083 -4.75653e+11
0.00590513 -4.66822e+11
0.00592943 -4.58472e+11
0.00595373 -4.50468e+11
