-0.003 -702.435
-0.0029757 -696.327
-0.0029514 -690.614
-0.0029271 -685.274
-0.0029028 -680.284
-0.0028785 -675.627
-0.00285419 -671.283
-0.00282989 -667.24
-0.00280559 -663.484
-0.00278129 -660.003
-0.00275699 -656.787
-0.00273269 -653.827
-0.00270839 -651.114
-0.00268409 -648.641
-0.00265979 -646.4
-0.00263549 -644.384
-0.00261118 -642.588
-0.00258688 -641.005
-0.00256258 -639.632
-0.00253828 -638.463
-0.00251398 -637.497
-0.00248968 -636.731
-0.00246538 -636.164
-0.00244108 -635.794
-0.00241678 -635.622
-0.00239248 -635.647
-0.00236818 -635.869
-0.00234387 -636.29
-0.00231957 -636.91
-0.00229527 -637.73
-0.00227097 -638.751
-0.00224667 -639.975
-0.00222237 -641.406
-0.00219807 -643.046
-0.00217377 -644.901
-0.00214947 -646.976
-0.00212517 -649.276
-0.00210087 -651.811
-0.00207656 -654.586
-0.00205226 -657.61
-0.00202796 -660.893
-0.00200366 -664.445
-0.00197936 -668.276
-0.00195506 -672.398
-0.00193076 -676.824
-0.00190646 -681.569
-0.00188216 -686.65
-0.00185786 -692.087
-0.00183355 -697.901
-0.00180925 -704.117
-0.00178495 -710.762
-0.00176065 -717.868
-0.00173635 -725.47
-0.00171205 -733.607
-0.00168775 -742.326
-0.00166345 -751.679
-0.00163915 -761.729
-0.00161485 -772.545
-0.00159055 -784.216
-0.00156624 -796.854
-0.00154194 -810.587
-0.00151764 -825.522
-0.00149334 -841.989
-0.00146904 -860.481
-0.00144474 -880.262
-0.00142044 -902.083
-0.00139614 -934.757
-0.00137184 -966.317
-0.00134754 -959.987
-0.00132324 -1101.66
-0.00129893 -1417.65
-0.00127463 -499.499
-0.00125033 -382.54
-0.00122603 -267.868
-0.00120173 -156.721
-0.00117743 -45.3605
-0.00115313 61.1984
-0.00112883 126.489
-0.00110453 223.406
-0.00108023 487.37
-0.00105592 749.692
-0.00103162 1008.26
-0.00100732 1262.08
-0.000983022 1520.82
-0.000958721 1760.5
-0.00093442 1916.57
-0.000910119 2232.35
-0.000885818 2770.32
-0.000861517 3307.84
-0.000837216 3843.71
-0.000812915 4379.01
-0.000788615 4916.99
-0.000764314 5435.69
-0.000740013 5932.21
-0.000715712 6561.47
-0.000691411 7189.7
-0.00066711 7816.92
-0.000642809 8443.09
-0.000618508 9062.16
-0.000594207 9674.13
-0.000569906 10308.9
-0.000545605 10880.4
-0.000521304 11229
-0.000497003 12164.3
-0.000472702 13528.2
-0.000448401 14893
-0.0004241 16270.4
-0.0003998 17798
-0.000375499 19252.1
-0.000351198 20037.5
-0.000326897 20827.8
-0.000302596 21626.6
-0.000278295 22436.1
-0.000253994 23241.6
-0.000229693 24077.6
-0.000205392 25051.2
-0.000181091 25802
-0.00015679 26161.1
-0.000132489 26526.1
-0.000108188 26905.4
-8.38873e-05 27292.9
-5.95864e-05 27657.8
-3.52854e-05 28151.8
-1.09845e-05 28851.1
1.33164e-05 28591.8
3.76174e-05 28335.3
6.19183e-05 28086.1
8.62193e-05 27844.4
0.00011052 27590.6
0.000134821 27384.5
0.000159122 27331.9
0.000183423 26882.2
0.000207724 26172.1
0.000232025 25462.8
0.000256326 24761
0.000280627 24064.1
0.000304928 23340.3
0.000329229 22697.1
0.00035353 22267.6
0.000377831 21108.2
0.000402131 19770.8
0.000426432 18443.6
0.000450733 17071.3
0.000475034 15492.5
0.000499335 14281.1
0.000523636 13649
0.000547937 13015.4
0.000572238 12380.1
0.000596539 11743
0.00062084 11102.7
0.000645141 10459.8
0.000669442 9819.66
0.000693743 9160.22
0.000718044 8461.95
0.000742345 7906.33
0.000766646 7348.29
0.000790946 6785.3
0.000815247 6217
0.000839548 5654.63
0.000863849 5065.36
0.00088815 4384.97
0.000912451 3922.13
0.000936752 3633.92
0.000961053 3344.41
0.000985354 3051.85
0.00100965 2756.65
0.00103396 2466.64
0.00105826 2155.2
0.00108256 1787.06
0.00110686 1596.08
0.00113116 1458.16
0.00115546 1326.21
0.00117976 1187.53
0.00120406 1016.06
0.00122836 968.397
0.00125266 1004.58
0.00127697 0
0.00130127 0
0.00132557 0
0.00134987 0
0.00137417 0
0.00139847 0
0.00142277 0
0.00144707 0
0.00147137 0
0.00149567 0
0.00151997 0
0.00154428 0
0.00156858 0
0.00159288 0
0.00161718 0
0.00164148 0
0.00166578 0
0.00169008 0
0.00171438 0
0.00173868 0
0.00176298 0
0.00178728 0
0.00181159 0
0.00183589 0
0.00186019 0
0.00188449 0
0.00190879 0
0.00193309 0
0.00195739 0
0.00198169 0
0.00200599 0
0.00203029 0
0.0020546 0
0.0020789 0
0.0021032 0
0.0021275 0
0.0021518 0
0.0021761 0
0.0022004 0
0.0022247 0
0.002249 0
0.0022733 0
0.0022976 0
0.00232191 0
0.00234621 0
0.00237051 0
0.00239481 0
0.00241911 0
0.00244341 0
0.00246771 0
0.00249201 0
0.00251631 0
0.00254061 0
0.00256492 0
0.00258922 0
0.00261352 0
0.00263782 0
0.00266212 0
0.00268642 0
0.00271072 0
0.00273502 0
0.00275932 0
0.00278362 0
0.00280792 0
0.00283223 0
0.00285653 0
0.00288083 0
0.00290513 0
0.00292943 0
0.00295373 0
