-0.003 0
-0.0029757 0
-0.0029514 0
-0.0029271 0
-0.0029028 0
-0.0028785 0
-0.00285419 0
-0.00282989 0
-0.00280559 0
-0.00278129 0
-0.00275699 0
-0.00273269 0
-0.00270839 0
-0.00268409 0
-0.00265979 0
-0.00263549 0
-0.00261118 0
-0.00258688 0
-0.00256258 0
-0.00253828 0
-0.00251398 0
-0.00248968 0
-0.00246538 0
-0.00244108 0
-0.00241678 0
-0.00239248 0
-0.00236818 0
-0.00234387 0
-0.00231957 0
-0.00229527 0
-0.00227097 0
-0.00224667 0
-0.00222237 0
-0.00219807 0
-0.00217377 0
-0.00214947 0
-0.00212517 0
-0.00210087 0
-0.00207656 0
-0.00205226 0
-0.00202796 0
-0.00200366 0
-0.00197936 0
-0.00195506 0
-0.00193076 0
-0.00190646 0
-0.00188216 0
-0.00185786 0
-0.00183355 0
-0.00180925 0
-0.00178495 0
-0.00176065 0
-0.00173635 0
-0.00171205 0
-0.00168775 0
-0.00166345 0
-0.00163915 0
-0.00161485 0
-0.00159055 0
-0.00156624 0
-0.00154194 0
-0.00151764 0
-0.00149334 0
-0.00146904 0
-0.00144474 0
-0.00142044 0
-0.00139614 0
-0.00137184 0
-0.00134754 0
-0.00132324 0
-0.00129893 0
-0.00127463 19.3435
-0.00125033 23.6134
-0.00122603 27.8833
-0.00120173 32.1532
-0.00117743 36.4231
-0.00115313 40.6929
-0.00112883 44.9628
-0.00110453 50.6851
-0.00108023 59.5844
-0.00105592 68.4837
-0.00103162 77.3831
-0.00100732 86.2824
-0.000983022 95.1818
-0.000958721 104.081
-0.00093442 112.98
-0.000910119 125.99
-0.000885818 143.192
-0.000861517 160.393
-0.000837216 177.595
-0.000812915 194.796
-0.000788615 211.998
-0.000764314 229.199
-0.000740013 246.643
-0.000715712 266.598
-0.000691411 286.552
-0.00066711 306.506
-0.000642809 326.461
-0.000618508 346.415
-0.000594207 366.37
-0.000569906 386.324
-0.000545605 406.278
-0.000521304 426.233
-0.000497003 459.124
-0.000472702 499.834
-0.000448401 540.543
-0.0004241 581.252
-0.0003998 621.962
-0.000375499 657.887
-0.000351198 681.117
-0.000326897 704.348
-0.000302596 727.579
-0.000278295 750.81
-0.000253994 774.04
-0.000229693 797.271
-0.000205392 820.502
-0.000181091 837.491
-0.00015679 847.007
-0.000132489 856.522
-0.000108188 866.038
-8.38873e-05 875.554
-5.95864e-05 885.07
-3.52854e-05 894.585
-1.09845e-05 903.188
1.33164e-05 893.672
3.76174e-05 884.156
6.19183e-05 874.641
8.62193e-05 865.125
0.00011052 855.609
0.000134821 846.093
0.000159122 836.578
0.000183423 818.273
0.000207724 795.042
0.000232025 771.811
0.000256326 748.58
0.000280627 725.35
0.000304928 702.119
0.000329229 678.888
0.00035353 655.657
0.000377831 618.055
0.000402131 577.346
0.000426432 536.636
0.000450733 495.927
0.000475034 455.218
0.000499335 424.318
0.000523636 404.364
0.000547937 384.409
0.000572238 364.455
0.000596539 344.5
0.00062084 324.546
0.000645141 304.592
0.000669442 284.637
0.000693743 264.683
0.000718044 244.75
0.000742345 227.549
0.000766646 210.347
0.000790946 193.146
0.000815247 175.944
0.000839548 158.743
0.000863849 141.541
0.00088815 124.339
0.000912451 112.126
0.000936752 103.227
0.000961053 94.3278
0.000985354 85.4284
0.00100965 76.5291
0.00103396 67.6298
0.00105826 58.7304
0.00108256 49.8311
0.00110686 44.5531
0.00113116 40.2832
0.00115546 36.0133
0.00117976 31.7434
0.00120406 27.4735
0.00122836 23.2037
0.00125266 18.9338
0.00127697 0
0.00130127 0
0.00132557 0
0.00134987 0
0.00137417 0
0.00139847 0
0.00142277 0
0.00144707 0
0.00147137 0
0.00149567 0
0.00151997 0
0.00154428 0
0.00156858 0
0.00159288 0
0.00161718 0
0.00164148 0
0.00166578 0
0.00169008 0
0.00171438 0
0.00173868 0
0.00176298 0
0.00178728 0
0.00181159 0
0.00183589 0
0.00186019 0
0.00188449 0
0.00190879 0
0.00193309 0
0.00195739 0
0.00198169 0
0.00200599 0
0.00203029 0
0.0020546 0
0.0020789 0
0.0021032 0
0.0021275 0
0.0021518 0
0.0021761 0
0.0022004 0
0.0022247 0
0.002249 0
0.0022733 0
0.0022976 0
0.00232191 0
0.00234621 0
0.00237051 0
0.00239481 0
0.00241911 0
0.00244341 0
0.00246771 0
0.00249201 0
0.00251631 0
0.00254061 0
0.00256492 0
0.00258922 0
0.00261352 0
0.00263782 0
0.00266212 0
0.00268642 0
0.00271072 0
0.00273502 0
0.00275932 0
0.00278362 0
0.00280792 0
0.00283223 0
0.00285653 0
0.00288083 0
0.00290513 0
0.00292943 0
0.00295373 0
