0 2.3483 0
0.035 2.3483 0
0.07 2.3483 0
0.105 2.3483 0
0.14 2.3483 0
0.175 2.3483 0
0.21 2.3483 0
0.245 2.3483 0
0.28 2.3483 0
0.315 2.3483 0
0.35 2.3483 0
0.385 2.3483 0
0.42 2.3483 0
0.455 2.3483 0
0.49 2.3483 0
0.525 2.3483 0
0.56 2.3483 0
0.595 2.3483 0
0.63 2.3483 0
0.665 2.3483 0
0.7 2.3483 0
0.735 2.3483 0
0.77 2.3483 0
0.805 2.3483 0
0.84 2.3483 0
0.875 2.3483 0
0.91 2.3483 0
0.945 2.3483 0
0.98 2.3483 0
1.015 2.3483 0
1.05 2.3483 0
1.085 2.3483 0
1.12 2.3483 0
1.155 2.3483 0
1.19 2.3483 0
1.225 2.3483 0
1.26 2.3483 0
1.295 2.3483 0
1.33 2.3483 0
1.365 2.3483 0
1.4 2.3483 0
1.435 2.3483 0
1.47 2.3483 0
1.505 2.3483 0
1.54 2.3483 0
1.575 2.3483 0
1.61 2.3483 0
1.645 2.3483 0
1.68 2.3483 0
1.715 2.3483 0
1.75 2.3483 0
1.785 2.3483 0
1.82 2.3483 0
1.855 2.3483 0
1.89 2.3483 0
1.925 2.3483 0
1.96 2.3483 0
1.995 2.3483 0
2.03 2.3483 0
2.065 2.3483 0
2.1 2.3483 0
2.135 2.3483 0
2.17 2.3483 0
2.205 2.3483 0
2.24 2.3483 0
2.275 2.3483 0
2.31 2.3483 0
2.345 2.3483 0
2.38 2.3483 0
2.415 2.3483 0
2.45 2.3483 0
2.485 2.3483 0
2.52 2.3483 0
2.555 2.3483 0
2.59 2.3483 0
2.625 2.3483 0
2.66 2.3483 0
2.695 2.3483 0
2.73 2.3483 0
2.765 2.3483 0
2.8 2.3483 0
2.835 2.3483 0
2.87 2.3483 0
2.905 2.3483 0
2.94 2.3483 0
2.975 2.3483 0
3.01 2.3483 0
3.045 2.3483 0
3.08 2.3483 0
3.115 2.3483 0
3.15 2.3483 0
3.185 2.3483 0
3.22 2.3483 0
3.255 2.3483 0
3.29 2.3483 0
3.325 2.3483 0
3.36 2.3483 0
3.395 2.3483 0
3.43 2.3483 0
3.465 2.3483 0
3.5 2.3483 0
3.535 2.3483 0
3.57 2.3483 0
3.605 2.3483 0
3.64 2.3483 0
3.675 2.3483 0
3.71 2.3483 0
3.745 2.3483 0
3.78 2.3483 0
3.815 2.3483 0
3.85 2.3483 0
3.885 2.3483 0
3.92 2.3483 0
3.955 2.3483 0
3.99 2.3483 0
4.025 2.3483 0
4.06 2.3483 0
4.095 2.3483 0
4.13 2.3483 0
4.165 2.3483 0
4.2 2.3483 0
4.235 2.3483 0
4.27 2.3483 0
4.305 2.3483 0
4.34 2.3483 0
4.375 2.3483 0
4.41 2.3483 0
4.445 2.3483 0
4.48 2.3483 0
4.515 2.3483 0
4.55 2.3483 0
4.585 2.3483 0
4.62 2.3483 0
4.655 2.3483 0
4.69 2.3483 0
4.725 2.3483 0
4.76 2.3483 0
4.795 2.3483 0
4.83 2.3483 0
4.865 2.3483 0
4.9 2.3483 0
4.935 2.3483 0
4.97 2.3483 0
