-1.21504695140781e-05 0
0.0349878495304859 0.0102836
0.0699878495304859 0.0163751
0.104987849530486 0.0195779
0.139987849530486 0.0211518
0.174987849530486 0.022537
0.209987849530486 0.023856
0.244987849530486 0.0250923
0.279987849530486 0.0264566
0.314987849530486 0.0280466
0.349987849530486 0.0299647
0.384987849530486 0.0322051
0.419987849530486 0.0347321
0.454987849530486 0.0376487
0.489987849530486 0.0411744
0.524987849530486 0.0462364
0.559987849530486 0.0532815
0.594987849530486 0.0595866
0.629987849530486 0.0650672
0.664987849530486 0.0737986
0.699987849530486 0.0854158
0.734987849530486 0.0997055
0.769987849530486 0.11658
0.804987849530486 0.136807
0.839987849530486 0.161329
0.874987849530486 0.191544
0.909987849530486 0.229739
0.944987849530486 0.276961
0.979987849530486 0.335705
1.01498784953049 0.406741
1.04998784953049 0.500005
1.08498784953049 0.631532
1.11998784953049 0.785788
1.15498784953049 0.962433
1.18998784953049 1.18815
1.22498784953049 1.46868
1.25998784953049 1.82488
1.29498784953049 2.27244
1.32998784953049 2.83542
1.36498784953049 3.56073
1.39998784953049 4.48233
1.43498784953049 5.63618
1.46998784953049 7.08405
1.50498784953049 8.91642
1.53998784953049 11.2341
1.57498784953049 14.1736
1.60998784953049 17.8761
1.64498784953049 22.4107
1.67998784953049 28.2139
1.71498784953049 35.7139
1.74998784953049 45.2772
1.78498784953049 57.408
1.81998784953049 72.7674
1.85498784953049 92.1861
1.88998784953049 116.722
1.92498784953049 147.715
1.95998784953049 186.774
1.99498784953049 236.138
2.02998784953049 298.479
2.06498784953049 377.097
2.09998784953049 476.178
2.13498784953049 600.981
2.16998784953049 757.902
2.20498784953049 955.601
2.23998784953049 1203.9
2.27498784953049 1514.46
2.30998784953049 1902.37
2.34498784953049 2386.12
2.37998784953049 2988.48
2.41498784953049 3738.09
2.44998784953049 4669.67
2.48498784953049 5825.77
2.51998784953049 7260.06
2.55498784953049 9039.2
2.58998784953049 11245.1
2.62498784953049 13979
2.65998784953049 17364.1
2.69498784953049 21551.7
2.72998784953049 26725.6
2.76498784953049 33106
2.79998784953049 40953.5
2.83498784953049 50581.6
2.86998784953049 62370.2
2.90498784953049 76780.7
2.93998784953049 94375.8
2.97498784953049 115839
3.00998784953049 142000
3.04498784953049 173878
3.07998784953049 212697
3.11498784953049 259934
3.14998784953049 317350
3.18498784953049 387039
3.21998784953049 471458
3.25498784953049 573431
3.28998784953049 696157
3.32498784953049 843221
3.35998784953049 1.01867e+06
3.39498784953049 1.22703e+06
3.42998784953049 1.47336e+06
3.46498784953049 1.76323e+06
3.49998784953049 2.10258e+06
3.53498784953049 2.49763e+06
3.56998784953049 2.95457e+06
3.60498784953049 3.4791e+06
3.63998784953049 4.07593e+06
3.67498784953049 4.74773e+06
3.70998784953049 5.49444e+06
3.74498784953049 6.31202e+06
3.77998784953049 7.19149e+06
3.81498784953049 8.11866e+06
3.84998784953049 9.0743e+06
3.88498784953049 1.00359e+07
3.91998784953049 1.09787e+07
3.95498784953049 1.18783e+07
3.98998784953049 1.27119e+07
4.02498784953049 1.3459e+07
4.05998784953049 1.41039e+07
4.09498784953049 1.46349e+07
4.12998784953049 1.50449e+07
4.16498784953049 1.53315e+07
4.19998784953049 1.5496e+07
4.23498784953049 1.55433e+07
4.26998784953049 1.54807e+07
4.30498784953049 1.53171e+07
4.33998784953049 1.50631e+07
4.37498784953049 1.47298e+07
4.40998784953049 1.43292e+07
4.44498784953049 1.3873e+07
4.47998784953049 1.33725e+07
4.51498784953049 1.28376e+07
4.54998784953049 1.22771e+07
4.58498784953049 1.16978e+07
4.61998784953049 1.11051e+07
4.65498784953049 1.05024e+07
4.68998784953049 9.89205e+06
4.72498784953049 9.27517e+06
4.75998784953049 8.65252e+06
4.79498784953049 8.02466e+06
4.82998784953049 7.3928e+06
4.86498784953049 6.75914e+06
4.89998784953049 6.1277e+06
4.93498784953049 5.50393e+06
4.96998784953049 4.89461e+06
