-1.21504695140781e-05 0
0.0349878495304859 0.104981
0.0699878495304859 0.214982
0.104987849530486 0.326406
0.139987849530486 0.447309
0.174987849530486 0.579878
0.209987849530486 0.736828
0.244987849530486 0.926524
0.279987849530486 1.1683
0.314987849530486 1.48127
0.349987849530486 1.90328
0.384987849530486 2.47446
0.419987849530486 3.25987
0.454987849530486 4.3472
0.489987849530486 5.86764
0.524987849530486 8.01254
0.559987849530486 11.093
0.594987849530486 15.5449
0.629987849530486 21.3797
0.664987849530486 29.1495
0.699987849530486 40.3367
0.734987849530486 56.3394
0.769987849530486 79.0441
0.804987849530486 111.334
0.839987849530486 156.848
0.874987849530486 221.059
0.909987849530486 311.855
0.944987849530486 440.244
0.979987849530486 622.306
1.01498784953049 880.159
1.04998784953049 1245.15
1.08498784953049 1762.61
1.11998784953049 2498.99
1.15498784953049 3548.26
1.18998784953049 5038.69
1.22498784953049 7153.5
1.25998784953049 10172.7
1.29498784953049 14487
1.32998784953049 20655.9
1.36498784953049 29483.9
1.39998784953049 42128.8
1.43498784953049 60251.8
1.46998784953049 86222.4
1.50498784953049 123385
1.53998784953049 176503
1.57498784953049 252356
1.60998784953049 360567
1.64498784953049 514858
1.67998784953049 734671
1.71498784953049 1.04735e+06
1.74998784953049 1.4911e+06
1.78498784953049 2.11855e+06
1.81998784953049 3.00036e+06
1.85498784953049 4.22918e+06
1.88998784953049 5.92182e+06
1.92498784953049 8.21751e+06
1.95998784953049 1.12651e+07
1.99498784953049 1.51964e+07
2.02998784953049 2.00808e+07
2.06498784953049 2.58695e+07
2.09998784953049 3.23478e+07
2.13498784953049 3.91241e+07
2.16998784953049 4.56865e+07
2.20498784953049 5.15201e+07
2.23998784953049 5.62301e+07
2.27498784953049 5.96132e+07
2.30998784953049 6.16593e+07
2.34498784953049 6.25034e+07
2.37998784953049 6.23571e+07
2.41498784953049 6.14524e+07
2.44998784953049 6.00137e+07
2.48498784953049 5.82367e+07
2.51998784953049 5.6282e+07
2.55498784953049 5.42678e+07
2.58998784953049 5.22746e+07
2.62498784953049 5.03528e+07
2.65998784953049 4.85358e+07
2.69498784953049 4.6848e+07
2.72998784953049 4.53084e+07
2.76498784953049 4.39332e+07
2.79998784953049 4.27317e+07
2.83498784953049 4.17081e+07
2.86998784953049 4.08677e+07
2.90498784953049 4.02093e+07
2.93998784953049 3.97067e+07
2.97498784953049 3.92951e+07
3.00998784953049 3.88657e+07
3.04498784953049 3.82731e+07
3.07998784953049 3.73667e+07
3.11498784953049 3.60245e+07
3.14998784953049 3.41814e+07
3.18498784953049 3.18483e+07
3.21998784953049 2.91127e+07
3.25498784953049 2.61202e+07
3.28998784953049 2.30487e+07
3.32498784953049 2.00727e+07
3.35998784953049 1.73409e+07
3.39498784953049 1.49667e+07
3.42998784953049 1.30283e+07
3.46498784953049 1.15742e+07
3.49998784953049 1.06362e+07
3.53498784953049 1.02414e+07
3.56998784953049 1.04211e+07
3.60498784953049 1.121e+07
3.63998784953049 1.26461e+07
3.67498784953049 1.47595e+07
3.70998784953049 1.75582e+07
3.74498784953049 2.1009e+07
3.77998784953049 2.50131e+07
3.81498784953049 2.93828e+07
3.84998784953049 3.3831e+07
3.88498784953049 3.79936e+07
3.91998784953049 4.14802e+07
3.95498784953049 4.39636e+07
3.98998784953049 4.52513e+07
4.02498784953049 4.53252e+07
4.05998784953049 4.43384e+07
4.09498784953049 4.25737e+07
4.12998784953049 4.03657e+07
4.16498784953049 3.80119e+07
4.19998784953049 3.57093e+07
4.23498784953049 3.35343e+07
4.26998784953049 3.14714e+07
4.30498784953049 2.94591e+07
4.33998784953049 2.74381e+07
4.37498784953049 2.53865e+07
4.40998784953049 2.33285e+07
4.44498784953049 2.13232e+07
4.47998784953049 1.94536e+07
4.51498784953049 1.78042e+07
4.54998784953049 1.64463e+07
4.58498784953049 1.54256e+07
4.61998784953049 1.4759e+07
4.65498784953049 1.44219e+07
4.68998784953049 1.43511e+07
4.72498784953049 1.44557e+07
4.75998784953049 1.46428e+07
4.79498784953049 1.48436e+07
4.82998784953049 1.5026e+07
4.86498784953049 1.51884e+07
4.89998784953049 1.53506e+07
4.93498784953049 1.55353e+07
4.96998784953049 1.57582e+07
