-1.21504695140781e-05 0
0.0349878495304859 0.0112841
0.0699878495304859 0.0225959
0.104987849530486 0.0350311
0.139987849530486 0.0493418
0.174987849530486 0.0651461
0.209987849530486 0.0828136
0.244987849530486 0.1024
0.279987849530486 0.124685
0.314987849530486 0.150529
0.349987849530486 0.181034
0.384987849530486 0.218318
0.419987849530486 0.264533
0.454987849530486 0.324698
0.489987849530486 0.406244
0.524987849530486 0.517841
0.559987849530486 0.672168
0.594987849530486 0.871165
0.629987849530486 1.12301
0.664987849530486 1.47507
0.699987849530486 1.96872
0.734987849530486 2.65201
0.769987849530486 3.60156
0.804987849530486 4.90512
0.839987849530486 6.68822
0.874987849530486 9.12781
0.909987849530486 12.4676
0.944987849530486 17.0483
0.979987849530486 23.328
1.01498784953049 31.9391
1.04998784953049 43.791
1.08498784953049 60.1429
1.11998784953049 82.5489
1.15498784953049 113.101
1.18998784953049 155.205
1.22498784953049 213.385
1.25998784953049 293.827
1.29498784953049 405.125
1.32998784953049 559.294
1.36498784953049 772.986
1.39998784953049 1069.09
1.43498784953049 1479.19
1.46998784953049 2047.37
1.50498784953049 2834.39
1.53998784953049 3924.89
1.57498784953049 5436.13
1.60998784953049 7530.02
1.64498784953049 10429.7
1.67998784953049 14451.4
1.71498784953049 20030.1
1.74998784953049 27761.3
1.78498784953049 38460.1
1.81998784953049 53246.4
1.85498784953049 73654.2
1.88998784953049 101783
1.92498784953049 140492
1.95998784953049 193655
1.99498784953049 266512
2.02998784953049 366119
2.06498784953049 501976
2.09998784953049 686842
2.13498784953049 937672
2.16998784953049 1.27696e+06
2.20498784953049 1.73413e+06
2.23998784953049 2.34685e+06
2.27498784953049 3.16246e+06
2.30998784953049 4.23861e+06
2.34498784953049 5.64312e+06
2.37998784953049 7.45104e+06
2.41498784953049 9.7389e+06
2.44998784953049 1.25724e+07
2.48498784953049 1.59882e+07
2.51998784953049 1.99725e+07
2.55498784953049 2.44379e+07
2.58998784953049 2.92105e+07
2.62498784953049 3.40353e+07
2.65998784953049 3.86056e+07
2.69498784953049 4.26174e+07
2.72998784953049 4.58239e+07
2.76498784953049 4.80777e+07
2.79998784953049 4.93434e+07
2.83498784953049 4.96803e+07
2.86998784953049 4.92131e+07
2.90498784953049 4.80958e+07
2.93998784953049 4.64902e+07
2.97498784953049 4.45494e+07
3.00998784953049 4.24148e+07
3.04498784953049 4.02094e+07
3.07998784953049 3.80353e+07
3.11498784953049 3.59697e+07
3.14998784953049 3.40609e+07
3.18498784953049 3.23277e+07
3.21998784953049 3.07603e+07
3.25498784953049 2.93235e+07
3.28998784953049 2.79671e+07
3.32498784953049 2.66372e+07
3.35998784953049 2.52861e+07
3.39498784953049 2.3883e+07
3.42998784953049 2.24159e+07
3.46498784953049 2.08923e+07
3.49998784953049 1.93354e+07
3.53498784953049 1.77785e+07
3.56998784953049 1.62599e+07
3.60498784953049 1.48176e+07
3.63998784953049 1.34864e+07
3.67498784953049 1.22993e+07
3.70998784953049 1.12915e+07
3.74498784953049 1.05022e+07
3.77998784953049 9.97687e+06
3.81498784953049 9.76528e+06
3.84998784953049 9.91649e+06
3.88498784953049 1.04709e+07
3.91998784953049 1.14518e+07
3.95498784953049 1.28584e+07
3.98998784953049 1.4659e+07
4.02498784953049 1.67914e+07
4.05998784953049 1.91637e+07
4.09498784953049 2.16617e+07
4.12998784953049 2.41559e+07
4.16498784953049 2.65115e+07
4.19998784953049 2.86004e+07
4.23498784953049 3.03098e+07
4.26998784953049 3.15504e+07
4.30498784953049 3.2262e+07
4.33998784953049 3.24146e+07
4.37498784953049 3.20094e+07
4.40998784953049 3.10759e+07
4.44498784953049 2.96709e+07
4.47998784953049 2.78749e+07
4.51498784953049 2.57868e+07
4.54998784953049 2.35174e+07
4.58498784953049 2.11776e+07
4.61998784953049 1.88679e+07
4.65498784953049 1.66672e+07
4.68998784953049 1.46279e+07
4.72498784953049 1.27745e+07
4.75998784953049 1.11096e+07
4.79498784953049 9.62435e+06
4.82998784953049 8.30983e+06
4.86498784953049 7.16511e+06
4.89998784953049 6.2005e+06
4.93498784953049 5.43333e+06
4.96998784953049 4.88099e+06
