0 9.30694277e-09 4.24142 1.53983 2.35182 9.28070032e-09 0.277184 3.60995 0.0249135 0
0.035 9.307165898e-09 4.07858 1.53987 2.29793 9.280955512e-09 0.267174 3.98902 0.25644 0
0.07 9.307389037e-09 3.91951 1.53991 2.24403 9.281276727e-09 0.242367 4.92872 0.441087 0
0.105 9.307612186e-09 3.76422 1.53994 2.19013 9.281644863e-09 0.207297 6.25732 0.545093 0
0.14 9.307835346e-09 3.61271 1.53998 2.13624 9.282032211e-09 0.168377 7.73197 0.549441 0
0.175 9.308058516e-09 3.46498 1.54002 2.08234 9.282407675e-09 0.13272 9.08308 0.453332 0
0.21 9.308281697e-09 3.32102 1.54005 2.02843 9.282742544e-09 0.106846 10.0636 0.274337 0
0.245 9.308504888e-09 3.18084 1.54009 1.97453 9.283015731e-09 0.0954838 10.4944 0.0451789 0
0.28 9.30872809e-09 3.04443 1.54013 1.92063 9.283217577e-09 0.10071 10.2965 -0.192245 0
0.315 9.308951302e-09 2.9118 1.54016 1.86672 9.283351584e-09 0.121569 9.50609 -0.394522 0
0.35 9.309174525e-09 2.78295 1.5402 1.81282 9.283433796e-09 0.154247 8.26771 -0.52466 0
0.385 9.309397759e-09 2.65787 1.54024 1.75891 9.283489922e-09 0.192767 6.80778 -0.55885 0
0.42 9.309621003e-09 2.53658 1.54028 1.705 9.283550662e-09 0.230083 5.39331 -0.490828 0
0.455 9.309844258e-09 2.41905 1.54031 1.65109 9.28364604e-09 0.259371 4.28308 -0.333023 0
0.49 9.310067525e-09 2.30531 1.54035 1.59718 9.283799763e-09 0.275269 3.68026 -0.114294 0
0.525 9.310290802e-09 2.19534 1.54039 1.54327 9.284024715e-09 0.27487 3.69525 0.125349 0
0.56 9.310514091e-09 2.08914 1.54042 1.48935 9.284320489e-09 0.258243 4.32541 0.342064 0
0.595 9.310737392e-09 1.98673 1.54046 1.43544 9.284673467e-09 0.228432 5.45552 0.496201 0
0.63 9.310960705e-09 1.88809 1.5405 1.38152 9.285059433e-09 0.190889 6.87889 0.559557 0
0.665 9.311184031e-09 1.79322 1.54053 1.3276 9.285448181e-09 0.152482 8.33515 0.520537 0
0.7 9.311407372e-09 1.70214 1.54057 1.27368 9.285809172e-09 0.120237 9.55789 0.386281 0
0.735 9.311630728e-09 1.61483 1.54061 1.21976 9.286117162e-09 0.100053 10.3234 0.181348 0
0.77 9.311854102e-09 1.53129 1.54065 1.16584 9.286356791e-09 0.0956215 10.4916 -0.0567701 0
0.805 9.312077498e-09 1.45154 1.54068 1.11192 9.28652534e-09 0.107753 10.0317 -0.284506 0
0.84 9.312300919e-09 1.37556 1.54072 1.05799 9.286633219e-09 0.134227 9.02778 -0.460186 0
0.875 9.312524372e-09 1.30335 1.54076 1.00407 9.286702108e-09 0.170199 7.66353 -0.551658 0
0.91 9.312747866e-09 1.23492 1.54079 0.950138 9.286761043e-09 0.209086 6.18858 -0.542169 0
0.945 9.312971414e-09 1.17027 1.54083 0.89621 9.286841105e-09 0.24377 4.87294 -0.433446 0
0.98 9.313195033e-09 1.1094 1.54087 0.84228 9.286969641e-09 0.2679 3.95748 -0.245379 0
1.015 9.31341875e-09 1.0523 1.5409 0.788349 9.287165091e-09 0.277059 3.6099 -0.0123884 0
1.05 9.313642598e-09 0.998979 1.54094 0.734417 9.287433468e-09 0.269568 3.89391 0.222874 0
1.085 9.31386663e-09 0.949434 1.54098 0.680483 9.287767195e-09 0.246797 4.75763 0.417337 0
1.12 9.31409092e-09 0.903666 1.54102 0.626548 9.288146562e-09 0.212916 6.04299 0.535395 0
1.155 9.314315572e-09 0.861674 1.54105 0.572612 9.288543497e-09 0.174126 7.51472 0.555432 0
1.19 9.314540724e-09 0.823459 1.54109 0.518675 9.288926891e-09 0.137528 8.9034 0.473779 0
1.225 9.314766591e-09 0.78902 1.54113 0.464736 9.289268455e-09 0.109822 9.95481 0.305383 0
1.26 9.314993488e-09 0.758357 1.54116 0.410796 9.289547989e-09 0.0960796 10.4764 0.0810722 0
1.295 9.315221878e-09 0.731471 1.5412 0.356854 9.289757172e-09 0.0988155 10.3728 -0.158087 0
1.33 9.315452421e-09 0.708362 1.54124 0.302911 9.28990126e-09 0.117528 9.66275 -0.368304 0
1.365 9.315686072e-09 0.689028 1.54128 0.248967 9.28999838e-09 0.148792 8.47632 -0.511084 0
1.4 9.315924185e-09 0.673471 1.54132 0.195021 9.290076673e-09 0.18688 7.03073 -0.56027 0
1.435 9.316168693e-09 0.661691 1.54136 0.141074 9.290169797e-09 0.224817 5.59073 -0.506842 0
1.47 9.316422311e-09 0.653686 1.5414 0.0871254 9.29031155e-09 0.255652 4.42013 -0.360577 0
1.505 9.316688899e-09 0.649456 1.54144 0.0331751 9.290530667e-09 0.273737 3.73344 -0.148256 0
1.54 9.316973972e-09 0.649003 1.54149 -0.020777 9.290846668e-09 0.275755 3.65659 0.0912276 0
1.575 9.317285351e-09 0.652324 1.54154 -0.0747311 9.291267416e-09 0.261335 4.20378 0.314 0
1.61 9.317634226e-09 0.659419 1.5416 -0.128687 9.291788691e-09 0.233119 5.27486 0.479242 0
1.645 9.318036578e-09 0.670287 1.54167 -0.182646 9.292396514e-09 0.196275 6.67372 0.556675 0
1.68 9.318515169e-09 0.684926 1.54175 -0.236608 9.293072189e-09 0.157553 8.14417 0.532107 0
1.715 9.319102473e-09 0.703334 1.54185 -0.290574 9.293801156e-09 0.124046 9.41689 0.410032 0
1.75 9.319844546e-09 0.725506 1.54197 -0.344545 9.294586189e-09 0.101892 10.2588 0.21281 0
1.785 9.320806497e-09 0.751437 1.54214 -0.398521 9.295464924e-09 0.0951498 10.5155 -0.0234262 0
1.82 9.322076782e-09 0.781118 1.54235 -0.452503 9.296529591e-09 0.105051 10.14 -0.255381 0
1.855 9.323768676e-09 0.814538 1.54264 -0.506494 9.297935876e-09 0.129775 9.20097 -0.440518 0
1.89 9.326022188e-09 0.851682 1.54301 -0.560494 9.299904717e-09 0.164778 7.87035 -0.544846 0
1.925 9.328995144e-09 0.892529 1.5435 -0.614505 9.302715675e-09 0.203618 6.39222 -0.549156 0
1.96 9.332844646e-09 0.937057 1.54412 -0.668528 9.306684085e-09 0.23914 5.03816 -0.452578 0
1.995 9.337690426e-09 0.985247 1.54489 -0.722567 9.312103827e-09 0.264783 4.0577 -0.272784 0
2.03 9.343559079e-09 1.03708 1.54582 -0.776624 9.319122499e-09 0.275799 3.63247 -0.0428064 0
2.065 9.350323007e-09 1.09257 1.54688 -0.830706 9.327556286e-09 0.270139 3.84256 0.195001 0
2.1 9.357657515e-09 1.15173 1.54802 -0.88482 9.336753423e-09 0.248841 4.65126 0.396765 0
2.135 9.365060676e-09 1.21463 1.54917 -0.938974 9.345660595e-09 0.215834 5.91125 0.525216 0
2.17 9.371950515e-09 1.28134 1.55025 -0.993174 9.353147411e-09 0.177209 7.39119 0.556587 0
2.205 9.37782326e-09 1.35193 1.55118 -1.04742 9.35849844e-09 0.140081 8.81803 0.485011 0
2.24 9.382366696e-09 1.42648 1.5519 -1.1017 9.361752846e-09 0.111282 9.92737 0.323633 0
2.275 9.385508854e-09 1.50501 1.55239 -1.15601 9.363599786e-09 0.0961169 10.5128 0.102267 0
2.31 9.387369608e-09 1.58752 1.55266 -1.21033 9.36491517e-09 0.0973763 10.4652 -0.138058 0
2.345 9.388160744e-09 1.67401 1.55274 -1.26464 9.366218761e-09 0.114814 9.79334 -0.352728 0
2.38 9.38811724e-09 1.76444 1.55267 -1.31894 9.367460292e-09 0.145188 8.62261 -0.501899 0
2.415 9.38745946e-09 1.8588 1.55249 -1.37323 9.368218226e-09 0.182863 7.17087 -0.55793 0
2.45 9.386364822e-09 1.95705 1.55224 -1.42751 9.368021182e-09 0.22086 5.70764 -0.51048 0
2.485 9.384977517e-09 2.05917 1.55194 -1.48179 9.366630333e-09 0.252147 4.50406 -0.368357 0
2.52 9.383401429e-09 2.16515 1.55161 -1.53606 9.364129785e-09 0.27093 3.78296 -0.15786 0
2.555 9.381713906e-09 2.27497 1.55128 -1.59032 9.360894968e-09 0.273722 3.67794 0.0820541 0
2.59 9.379966267e-09 2.38863 1.55096 -1.64458 9.357419169e-09 0.25999 4.20864 0.306929 0
2.625 9.378199083e-09 2.50611 1.55065 -1.69885 9.354161875e-09 0.23227 5.27684 0.475031 0
2.66 9.376446752e-09 2.62741 1.55038 -1.75313 9.351442334e-09 0.195701 6.68444 0.555115 0
2.695 9.374747145e-09 2.75251 1.55013 -1.80742 9.349416632e-09 0.157072 8.17019 0.532268 0
2.73 9.37314389e-09 2.88141 1.54992 -1.86171 9.348084963e-09 0.12356 9.4583 0.410696 0
2.765 9.371680365e-09 3.01409 1.54974 -1.916 9.347321373e-09 0.101393 10.3098 0.21294 0
2.8 9.37040109e-09 3.15054 1.54959 -1.97029 9.346877907e-09 0.0946904 10.567 -0.0243307 0
2.835 9.369355717e-09 3.29071 1.54946 -2.02456 9.346432298e-09 0.104704 10.1823 -0.257147 0
2.87 9.368583774e-09 3.43461 1.54934 -2.07879 9.345700605e-09 0.129588 9.227 -0.44239 0
2.905 9.368102948e-09 3.5822 1.54922 -2.13298 9.344563594e-09 0.164743 7.87796 -0.545747 0
2.94 9.367892759e-09 3.73349 1.5491 -2.18713 9.34312889e-09 0.203666 6.38471 -0.548041 0
2.975 9.367881689e-09 3.88848 1.54896 -2.24123 9.341739983e-09 0.239146 5.02378 -0.448792 0
3.01 9.367932626e-09 4.04724 1.54881 -2.2953 9.340825926e-09 0.264601 4.04743 -0.266372 0
3.045 9.367845359e-09 4.20984 1.54865 -2.34937 9.340641476e-09 0.27531 3.63663 -0.0346461 0
3.08 9.367386649e-09 4.3764 1.54847 -2.40348 9.341043672e-09 0.269298 3.86689 0.203337 0
3.115 9.366342852e-09 4.54704 1.54828 -2.45766 9.341462873e-09 0.247709 4.69409 0.403446 0
3.15 9.364587496e-09 4.72185 1.54808 -2.51193 9.341129873e-09 0.214569 5.96338 0.528733 0
3.185 9.362132298e-09 4.90084 1.54787 -2.56629 9.339446689e-09 0.176025 7.4387 0.556237 0
3.22 9.359129216e-09 5.08399 1.54764 -2.62072 9.336279829e-09 0.139194 8.84707 0.481101 0
3.255 9.355826549e-09 5.27118 1.5474 -2.67519 9.332030258e-09 0.110861 9.92879 0.317354 0
3.29 9.352517723e-09 5.46224 1.54716 -2.72964 9.327465892e-09 0.0962401 10.485 0.0952818 0
3.325 9.349463805e-09 5.65704 1.54691 -2.78405 9.323458939e-09 0.0980198 10.414 -0.144143 0
3.36 9.346845562e-09 5.85543 1.54667 -2.83838 9.320689207e-09 0.115864 9.72959 -0.356806 0
3.395 9.344772786e-09 6.05734 1.54646 -2.89266 9.319517658e-09 0.146473 8.55857 -0.503586 0
3.43 9.343283224e-09 6.26271 1.5463 -2.94687 9.320002371e-09 0.184195 7.11688 -0.557577 0
3.465 9.342379999e-09 6.4715 1.5462 -3.00104 9.321979118e-09 0.222073 5.66971 -0.50901 0
3.5 9.342054587e-09 6.6837 1.54617 -3.05518 9.325151155e-09 0.253137 4.48251 -0.367003 0
3.535 9.342309064e-09 6.89927 1.54621 -3.1093 9.32917845e-09 0.271681 3.77245 -0.157811 0
3.57 9.343159808e-09 7.11817 1.54633 -3.1634 9.333710331e-09 0.274311 3.66885 0.0800438 0
3.605 9.344649056e-09 7.34035 1.54653 -3.21747 9.338422789e-09 0.260559 4.18992 0.302859 0
3.64 9.34683206e-09 7.56573 1.5468 -3.27149 9.343064069e-09 0.232965 5.2397 0.469749 0
3.675 9.349762653e-09 7.79421 1.54712 -3.32544 9.347484373e-09 0.196601 6.62568 0.550103 0
3.71 9.35346547e-09 8.02574 1.54747 -3.37929 9.351643778e-09 0.158147 8.09381 0.529163 0
3.745 9.357909415e-09 8.26031 1.54785 -3.43303 9.355590012e-09 0.124668 9.37457 0.410741 0
3.78 9.362957763e-09 8.49798 1.54822 -3.48666 9.35939955e-09 0.102316 10.2321 0.21658 0
3.815 9.368338307e-09 8.73897 1.54859 -3.5402 9.36314333e-09 0.0952008 10.5074 -0.0175638 0
3.85 9.373628634e-09 8.98365 1.54892 -3.59374 9.366874847e-09 0.10462 10.1483 -0.248427 0
3.885 9.378317607e-09 9.23254 1.54923 -3.64738 9.370652045e-09 0.128812 9.22016 -0.433211 0
3.92 9.381907887e-09 9.48615 1.54951 -3.7012 9.374551644e-09 0.163273 7.89456 -0.537558 0
3.955 9.384059341e-09 9.74493 1.54975 -3.75529 9.37858114e-09 0.201586 6.41816 -0.542044 0
3.99 9.384663777e-09 10.0091 1.54995 -3.80966 9.382629597e-09 0.236622 5.06637 -0.445886 0
4.025 9.383853847e-09 10.2785 1.55009 -3.86427 9.386489951e-09 0.261872 4.09111 -0.267105 0
4.06 9.381941082e-09 10.5531 1.55016 -3.91906 9.389934252e-09 0.272659 3.67319 -0.0390886 0
4.095 9.379325732e-09 10.8323 1.55019 -3.97393 9.392790086e-09 0.267004 3.88873 0.195715 0
4.13 9.376391903e-09 11.1158 1.55018 -4.02883 9.394910573e-09 0.245982 4.69562 0.393747 0
4.165 9.373428877e-09 11.4033 1.55014 -4.08371 9.396120656e-09 0.213513 5.9423 0.518421 0
4.2 9.37060046e-09 11.6946 1.55008 -4.13854 9.396233581e-09 0.17563 7.39645 0.546844 0
4.235 9.367972478e-09 11.9895 1.55001 -4.19332 9.395149896e-09 0.139349 8.7883 0.473962 0
4.27 9.365551455e-09 12.2881 1.54992 -4.24802 9.392953785e-09 0.11138 9.86025 0.313424 0
4.305 9.363320895e-09 12.5904 1.54981 -4.30264 9.389945311e-09 0.0968899 10.4142 0.0950289 0
4.34 9.361271325e-09 12.8962 1.54967 -4.35717 9.386609349e-09 0.0985517 10.348 -0.140765 0
4.375 9.359387915e-09 13.2058 1.5495 -4.41161 9.383504194e-09 0.11605 9.67444 -0.350313 0
4.41 9.357669738e-09 13.5189 1.54931 -4.46599 9.381121391e-09 0.146137 8.51865 -0.494865 0
4.445 9.356125323e-09 13.8357 1.54912 -4.52031 9.379832341e-09 0.183234 7.09496 -0.547757 0
4.48 9.354769455e-09 14.1561 1.54895 -4.5746 9.379832458e-09 0.220466 5.66685 -0.499349 0
4.515 9.35362653e-09 14.4799 1.5488 -4.62888 9.381130527e-09 0.250945 4.49787 -0.358776 0
4.55 9.352722483e-09 14.8073 1.5487 -4.68316 9.383541379e-09 0.269045 3.80295 -0.1522 0
4.585 9.352079827e-09 15.138 1.54863 -4.73743 9.386707812e-09 0.271444 3.70884 0.0821022 0
4.62 9.35170193e-09 15.4722 1.5486 -4.79168 9.390141497e-09 0.257727 4.23126 0.300852 0
4.655 9.351561438e-09 15.8097 1.54859 -4.8459 9.393298491e-09 0.230456 5.2725 0.463764 0
4.69 9.351599089e-09 16.1508 1.54861 -4.90012 9.395690624e-09 0.194676 6.63976 0.540928 0
4.725 9.351739188e-09 16.4954 1.54863 -4.95432 9.397015105e-09 0.15699 8.08068 0.518252 0
4.76 9.351923168e-09 16.8438 1.54866 -5.00853 9.397241979e-09 0.124336 9.32962 0.400009 0
4.795 9.352132073e-09 17.1959 1.54869 -5.06272 9.396595212e-09 0.102723 10.1563 0.208052 0
4.83 9.352399387e-09 17.5517 1.5487 -5.11687 9.395470164e-09 0.0961268 10.408 -0.0221799 0
4.865 9.352783253e-09 17.911 1.5487 -5.17096 9.394369622e-09 0.105752 10.0384 -0.248156 0
4.9 9.353361135e-09 18.2738 1.54867 -5.22495 9.393851093e-09 0.129806 9.1157 -0.428101 0
4.935 9.354200803e-09 18.6398 1.54861 -5.2788 9.394458951e-09 0.16382 7.8108 -0.528743 0
4.97 9.355343124e-09 19.0088 1.54853 -5.33251 9.39661319e-09 0.201479 6.36548 -0.531519 0
