-0.0002 1.25331e-09
0.0558 1.25331e-09
0.1118 1.25338e-09
0.1678 1.25388e-09
0.2238 1.2556e-09
0.2798 1.25979e-09
0.3358 1.26821e-09
0.3918 1.28328e-09
0.4478 1.30815e-09
0.5038 1.34691e-09
0.5598 1.4047e-09
0.6158 1.48794e-09
0.6718 1.6045e-09
0.7278 1.76397e-09
0.7838 1.97787e-09
0.8398 2.25993e-09
0.8958 2.62636e-09
0.9518 3.09622e-09
1.0078 3.6917e-09
1.0638 4.43857e-09
1.1198 5.36658e-09
1.1758 6.51002e-09
1.2318 7.90829e-09
1.2878 9.60665e-09
1.3438 1.16571e-08
1.3998 1.41194e-08
1.4558 1.70624e-08
1.5118 2.05657e-08
1.5678 2.47214e-08
1.6238 2.96368e-08
1.6798 3.54369e-08
1.7358 4.22685e-08
1.7918 5.03043e-08
1.8478 5.97483e-08
1.9038 7.08421e-08
1.9598 8.3873e-08
2.0158 9.91832e-08
2.0718 1.17181e-07
2.1278 1.38354e-07
2.1838 1.63286e-07
2.2398 1.92675e-07
2.2958 2.27356e-07
2.3518 2.68329e-07
2.4078 3.16789e-07
2.4638 3.74163e-07
2.5198 4.42156e-07
2.5758 5.22801e-07
2.6318 6.1852e-07
2.6878 7.32194e-07
2.7438 8.67251e-07
2.7998 1.02776e-06
2.8558 1.21853e-06
2.9118 1.44529e-06
2.9678 1.71478e-06
3.0238 2.03498e-06
3.0798 2.4153e-06
3.1358 2.86682e-06
3.1918 3.40256e-06
3.2478 4.03779e-06
3.3038 4.7904e-06
3.3598 5.68126e-06
3.4158 6.73465e-06
3.4718 7.97868e-06
3.5278 9.44576e-06
3.5838 1.1173e-05
3.6398 1.32024e-05
3.6958 1.55814e-05
3.7518 1.8362e-05
3.8078 2.16011e-05
3.8638 2.53583e-05
3.9198 2.96944e-05
3.9758 3.46675e-05
4.0318 4.03282e-05
4.0878 4.67127e-05
4.1438 5.38347e-05
4.1998 6.16761e-05
4.2558 7.01786e-05
4.3118 7.92375e-05
4.3678 8.87001e-05
4.4238 9.83718e-05
4.4798 0.000108028
4.5358 0.000117432
4.5918 0.000126355
4.6478 0.000134591
4.7038 0.000141972
4.7598 0.000148373
4.8158 0.000153712
4.8718 0.000157948
4.9278 0.00016108
4.9838 0.000163136
5.0398 0.000164171
5.0958 0.000164266
5.1518 0.000163519
5.2078 0.000162043
5.2638 0.000159961
5.3198 0.000157407
5.3758 0.000154513
5.4318 0.000151409
5.4878 0.00014822
5.5438 0.000145056
5.5998 0.000142012
5.6558 0.000139165
5.7118 0.000136572
5.7678 0.000134273
5.8238 0.000132289
5.8798 0.000130629
5.9358 0.000129293
5.9918 0.000128275
6.0478 0.00012757
6.1038 0.00012717
6.1598 0.000127075
6.2158 0.000127284
6.2718 0.000127806
6.3278 0.000128651
6.3838 0.000129835
6.4398 0.000131376
6.4958 0.000133292
6.5518 0.000135603
6.6078 0.000138332
6.6638 0.0001415
6.7198 0.000145129
6.7758 0.000149238
6.8318 0.000153842
6.8878 0.000158942
6.9438 0.000164524
6.9998 0.000170549
7.0558 0.000176949
7.1118 0.00018362
7.1678 0.000190422
7.2238 0.000197189
7.2798 0.000203732
7.3358 0.000209868
7.3918 0.000215427
7.4478 0.000220279
7.5038 0.000224339
7.5598 0.000227567
7.6158 0.00022997
7.6718 0.00023158
7.7278 0.00023245
7.7838 0.000232638
7.8398 0.000232203
7.8958 0.000231204
7.9518 0.000229699
8.0078 0.000227751
8.0638 0.000225428
8.1198 0.000222802
8.1758 0.000219947
8.2318 0.000216939
8.2878 0.00021385
8.3438 0.000210749
8.3998 0.000207702
8.4558 0.000204764
8.5118 0.000201987
8.5678 0.000199414
8.6238 0.000197079
8.6798 0.000195008
8.7358 0.000193218
8.7918 0.000191718
8.8478 0.000190511
8.9038 0.000189598
8.9598 0.000188979
