-0.0002 1.25331e-09
0.0558 1.25331e-09
0.1118 1.25338e-09
0.1678 1.25388e-09
0.2238 1.2556e-09
0.2798 1.25979e-09
0.3358 1.26821e-09
0.3918 1.28328e-09
0.4478 1.30815e-09
0.5038 1.34691e-09
0.5598 1.4047e-09
0.6158 1.48793e-09
0.6718 1.60448e-09
0.7278 1.76393e-09
0.7838 1.97779e-09
0.8398 2.25978e-09
0.8958 2.6261e-09
0.9518 3.09577e-09
1.0078 3.69095e-09
1.0638 4.43735e-09
1.1198 5.36467e-09
1.1758 6.5071e-09
1.2318 7.90393e-09
1.2878 9.6003e-09
1.3438 1.1648e-08
1.3998 1.41066e-08
1.4558 1.70446e-08
1.5118 2.05413e-08
1.5678 2.46884e-08
1.6238 2.95925e-08
1.6798 3.53781e-08
1.7358 4.21912e-08
1.7918 5.02032e-08
1.8478 5.96168e-08
1.9038 7.06718e-08
1.9598 8.36529e-08
2.0158 9.88987e-08
2.0718 1.16813e-07
2.1278 1.37876e-07
2.1838 1.62662e-07
2.2398 1.91855e-07
2.2958 2.2627e-07
2.3518 2.66879e-07
2.4078 3.14833e-07
2.4638 3.71501e-07
2.5198 4.38502e-07
2.5758 5.17745e-07
2.6318 6.11475e-07
2.6878 7.22322e-07
2.7438 8.53352e-07
2.7998 1.00812e-06
2.8558 1.19073e-06
2.9118 1.40587e-06
2.9678 1.65885e-06
3.0238 1.95561e-06
3.0798 2.30271e-06
3.1358 2.70722e-06
3.1918 3.17657e-06
3.2478 3.71824e-06
3.3038 4.33934e-06
3.3598 5.04597e-06
3.4158 5.84239e-06
3.4718 6.73001e-06
3.5278 7.70629e-06
3.5838 8.76377e-06
3.6398 9.88927e-06
3.6958 1.10639e-05
3.7518 1.22638e-05
3.8078 1.34614e-05
3.8638 1.46278e-05
3.9198 1.57352e-05
3.9758 1.67585e-05
4.0318 1.76769e-05
4.0878 1.8475e-05
4.1438 1.91427e-05
4.1998 1.96746e-05
4.2558 2.00702e-05
4.3118 2.03327e-05
4.3678 2.04688e-05
4.4238 2.04881e-05
4.4798 2.04025e-05
4.5358 2.0226e-05
4.5918 1.99742e-05
4.6478 1.96634e-05
4.7038 1.93103e-05
4.7598 1.8931e-05
4.8158 1.85404e-05
4.8718 1.81521e-05
4.9278 1.77775e-05
4.9838 1.74259e-05
5.0398 1.71045e-05
5.0958 1.68178e-05
5.1518 1.65687e-05
5.2078 1.63584e-05
5.2638 1.61872e-05
5.3198 1.60548e-05
5.3758 1.59604e-05
5.4318 1.59037e-05
5.4878 1.58846e-05
5.5438 1.59035e-05
5.5998 1.59614e-05
5.6558 1.60598e-05
5.7118 1.62007e-05
5.7678 1.63865e-05
5.8238 1.66195e-05
5.8798 1.69022e-05
5.9358 1.72372e-05
5.9918 1.76271e-05
6.0478 1.80746e-05
6.1038 1.85824e-05
6.1598 1.91522e-05
6.2158 1.97845e-05
6.2718 2.04779e-05
6.3278 2.12278e-05
6.3838 2.20261e-05
6.4398 2.28602e-05
6.4958 2.37135e-05
6.5518 2.45657e-05
6.6078 2.5394e-05
6.6638 2.61759e-05
6.7198 2.68906e-05
6.7758 2.75215e-05
6.8318 2.8057e-05
6.8878 2.84912e-05
6.9438 2.88229e-05
6.9998 2.90541e-05
7.0558 2.91893e-05
7.1118 2.9234e-05
7.1678 2.9195e-05
7.2238 2.908e-05
7.2798 2.8898e-05
7.3358 2.86593e-05
7.3918 2.83747e-05
7.4478 2.80552e-05
7.5038 2.77113e-05
7.5598 2.73529e-05
7.6158 2.69889e-05
7.6718 2.66271e-05
7.7278 2.62745e-05
7.7838 2.59372e-05
7.8398 2.56206e-05
7.8958 2.53289e-05
7.9518 2.5066e-05
8.0078 2.48346e-05
8.0638 2.46369e-05
8.1198 2.44741e-05
8.1758 2.4347e-05
8.2318 2.42561e-05
8.2878 2.42018e-05
8.3438 2.41849e-05
8.3998 2.42065e-05
8.4558 2.4268e-05
8.5118 2.4371e-05
8.5678 2.45173e-05
8.6238 2.47086e-05
8.6798 2.49465e-05
8.7358 2.52323e-05
8.7918 2.55674e-05
8.8478 2.59529e-05
8.9038 2.63897e-05
8.9598 2.68787e-05
9.0158 2.74195e-05
9.0718 2.80106e-05
9.1278 2.86481e-05
9.1838 2.93249e-05
9.2398 3.003e-05
9.2958 3.07488e-05
9.3518 3.14633e-05
9.4078 3.21534e-05
9.4638 3.27982e-05
9.5198 3.33787e-05
9.5758 3.38794e-05
9.6318 3.42902e-05
9.6878 3.46071e-05
9.7438 3.48324e-05
9.7998 3.49733e-05
9.8558 3.50399e-05
9.9118 3.50431e-05
9.9678 3.4993e-05
10.0238 3.48973e-05
10.0798 3.47609e-05
10.1358 3.45858e-05
10.1918 3.43715e-05
10.2478 3.41167e-05
10.3038 3.38196e-05
10.3598 3.34793e-05
10.4158 3.30963e-05
10.4718 3.26734e-05
10.5278 3.22156e-05
10.5838 3.17306e-05
10.6398 3.12283e-05
10.6958 3.07199e-05
10.7518 3.02174e-05
10.8078 2.97321e-05
10.8638 2.92744e-05
10.9198 2.88526e-05
10.9758 2.84732e-05
11.0318 2.81406e-05
11.0878 2.78572e-05
11.1438 2.76239e-05
11.1998 2.744e-05
11.2558 2.73036e-05
11.3118 2.72121e-05
11.3678 2.71625e-05
11.4238 2.71515e-05
11.4798 2.71762e-05
11.5358 2.72339e-05
11.5918 2.73223e-05
11.6478 2.74397e-05
11.7038 2.75847e-05
11.7598 2.77563e-05
11.8158 2.79538e-05
11.8718 2.81768e-05
11.9278 2.84251e-05
11.9838 2.86983e-05
