-0.0002 -347.826
-0.00019947 -344.771
-0.000198939 -343.318
-0.000198409 -343.584
-0.000197879 -345.692
-0.000197348 -349.768
-0.000196818 -355.934
-0.000196288 -364.314
-0.000195757 -375.025
-0.000195227 -388.187
-0.000194697 -403.92
-0.000194166 -422.343
-0.000193636 -443.579
-0.000193106 -467.747
-0.000192575 -494.961
-0.000192045 -525.326
-0.000191515 -558.945
-0.000190985 -595.915
-0.000190454 -636.332
-0.000189924 -680.288
-0.000189394 -727.87
-0.000188863 -779.156
-0.000188333 -834.211
-0.000187803 -893.091
-0.000187272 -955.84
-0.000186742 -1022.49
-0.000186212 -1093.08
-0.000185681 -1167.63
-0.000185151 -1246.13
-0.000184621 -1328.59
-0.00018409 -1414.97
-0.00018356 -1505.21
-0.00018303 -1599.27
-0.000182499 -1697.07
-0.000181969 -1798.51
-0.000181439 -1903.5
-0.000180908 -2011.9
-0.000180378 -2123.55
-0.000179848 -2238.27
-0.000179317 -2355.87
-0.000178787 -2476.12
-0.000178257 -2598.78
-0.000177726 -2723.6
-0.000177196 -2850.27
-0.000176666 -2978.49
-0.000176135 -3107.9
-0.000175605 -3238.12
-0.000175075 -3368.75
-0.000174544 -3499.38
-0.000174014 -3629.55
-0.000173484 -3758.79
-0.000172954 -3886.6
-0.000172423 -4012.44
-0.000171893 -4135.75
-0.000171363 -4255.93
-0.000170832 -4372.39
-0.000170302 -4484.49
-0.000169772 -4591.59
-0.000169241 -4693.03
-0.000168711 -4788.11
-0.000168181 -4876.11
-0.00016765 -4956.31
-0.00016712 -5027.96
-0.00016659 -5090.33
-0.000166059 -5142.69
-0.000165529 -5184.3
-0.000164999 -5214.4
-0.000164468 -5232.26
-0.000163938 -5237.14
-0.000163408 -5228.31
-0.000162877 -5205.09
-0.000162347 -5166.83
-0.000161817 -5112.91
-0.000161286 -5042.75
-0.000160756 -4955.81
-0.000160226 -4851.57
-0.000159695 -4729.61
-0.000159165 -4589.56
-0.000158635 -4431.15
-0.000158104 -4254.21
-0.000157574 -4058.65
-0.000157044 -3844.48
-0.000156514 -3611.79
-0.000155983 -3360.81
-0.000155453 -3091.88
-0.000154923 -2805.54
-0.000154392 -2502.49
-0.000153862 -2183.59
-0.000153332 -1849.87
-0.000152801 -1502.5
-0.000152271 -1142.85
-0.000151741 -772.498
-0.00015121 -393.32
-0.00015068 -7.51475
-0.00015015 382.417
-0.000149619 773.751
-0.000149089 774.352
-0.000148559 774.954
-0.000148028 775.559
-0.000147498 776.164
-0.000146968 776.77
-0.000146437 777.378
-0.000145907 777.986
-0.000145377 778.596
-0.000144846 779.209
-0.000144316 779.824
-0.000143786 780.44
-0.000143255 781.057
-0.000142725 781.674
-0.000142195 782.293
-0.000141664 782.914
-0.000141134 783.537
-0.000140604 784.162
-0.000140073 784.789
-0.000139543 785.417
-0.000139013 786.045
-0.000138483 786.675
-0.000137952 787.306
-0.000137422 787.94
-0.000136892 788.575
-0.000136361 789.213
-0.000135831 789.852
-0.000135301 790.492
-0.00013477 791.133
-0.00013424 791.776
-0.00013371 792.42
-0.000133179 793.066
-0.000132649 793.715
-0.000132119 794.366
-0.000131588 795.017
-0.000131058 795.67
-0.000130528 796.324
-0.000129997 796.979
-0.000129467 797.637
-0.000128937 798.297
-0.000128406 798.959
-0.000127876 799.623
-0.000127346 800.287
-0.000126815 800.953
-0.000126285 801.62
-0.000125755 802.289
-0.000125224 802.96
-0.000124694 803.634
-0.000124164 804.31
-0.000123633 804.987
-0.000123103 805.665
-0.000122573 806.344
-0.000122043 807.025
-0.000121512 807.709
-0.000120982 808.395
-0.000120452 809.083
-0.000119921 809.773
-0.000119391 810.463
-0.000118861 811.155
-0.00011833 811.849
-0.0001178 812.545
-0.00011727 813.243
-0.000116739 813.944
-0.000116209 814.647
-0.000115679 815.351
-0.000115148 816.056
-0.000114618 816.762
-0.000114088 817.471
-0.000113557 818.182
-0.000113027 818.896
-0.000112497 819.613
-0.000111966 820.33
-0.000111436 821.049
-0.000110906 821.77
-0.000110375 822.492
-0.000109845 823.217
-0.000109315 823.944
-0.000108784 824.675
-0.000108254 825.407
-0.000107724 826.14
-0.000107193 826.875
-0.000106663 827.611
-0.000106133 828.35
-0.000105602 829.092
-0.000105072 829.837
-0.000104542 830.584
-0.000104012 831.333
-0.000103481 832.083
-0.000102951 832.835
-0.000102421 833.589
-0.00010189 834.346
-0.00010136 835.106
-0.00010083 835.869
-0.000100299 836.634
-9.97689e-05 837.4
-9.92386e-05 838.168
-9.87083e-05 838.938
-9.8178e-05 839.711
-9.76476e-05 840.488
-9.71173e-05 841.267
-9.6587e-05 842.049
-9.60567e-05 842.832
-9.55264e-05 843.617
-9.4996e-05 844.405
-9.44657e-05 845.194
-9.39354e-05 845.988
-9.34051e-05 846.784
-9.28747e-05 847.584
-9.23444e-05 848.385
-9.18141e-05 849.189
-9.12838e-05 849.994
-9.07534e-05 850.802
-9.02231e-05 851.613
-8.96928e-05 852.427
-8.91625e-05 853.245
-8.86322e-05 854.066
-8.81018e-05 854.888
-8.75715e-05 855.712
-8.70412e-05 856.539
-8.65109e-05 857.369
-8.59805e-05 858.202
-8.54502e-05 859.039
-8.49199e-05 859.879
-8.43896e-05 860.721
-8.38592e-05 861.565
-8.33289e-05 862.411
-8.27986e-05 863.261
-8.22683e-05 864.113
-8.1738e-05 864.97
-8.12076e-05 865.83
-8.06773e-05 866.692
-8.0147e-05 867.557
-7.96167e-05 868.423
-7.90863e-05 869.293
-7.8556e-05 870.165
-7.80257e-05 871.041
-7.74954e-05 871.921
-7.69651e-05 872.804
-7.64347e-05 873.69
-7.59044e-05 874.577
-7.53741e-05 875.466
-7.48438e-05 876.359
-7.43134e-05 877.255
-7.37831e-05 878.155
-7.32528e-05 879.058
-7.27225e-05 879.964
-7.21921e-05 880.871
-7.16618e-05 881.781
-7.11315e-05 882.694
-7.06012e-05 883.609
-7.00709e-05 884.529
-6.95405e-05 885.452
-6.90102e-05 886.378
-6.84799e-05 887.306
-6.79496e-05 888.236
-6.74192e-05 889.168
-6.68889e-05 890.103
-6.63586e-05 891.041
-6.58283e-05 891.984
-6.52979e-05 892.929
-6.47676e-05 893.877
-6.42373e-05 894.826
-6.3707e-05 895.777
-6.31767e-05 896.731
-6.26463e-05 897.688
-6.2116e-05 898.649
-6.15857e-05 899.613
-6.10554e-05 900.58
-6.0525e-05 901.548
-5.99947e-05 902.518
-5.94644e-05 903.491
-5.89341e-05 904.466
-5.84037e-05 905.445
-5.78734e-05 906.427
-5.73431e-05 907.412
-5.68128e-05 908.4
-5.62825e-05 909.388
-5.57521e-05 910.379
-5.52218e-05 911.373
-5.46915e-05 912.37
-5.41612e-05 913.37
-5.36308e-05 914.374
-5.31005e-05 915.381
-5.25702e-05 916.389
-5.20399e-05 917.399
-5.15095e-05 918.411
-5.09792e-05 919.427
-5.04489e-05 920.447
-4.99186e-05 921.471
-4.93883e-05 922.498
-4.88579e-05 923.527
-4.83276e-05 924.558
-4.77973e-05 925.591
-4.7267e-05 926.629
-4.67366e-05 927.67
-4.62063e-05 928.716
-4.5676e-05 929.766
-4.51457e-05 930.818
-4.46153e-05 931.874
-4.4085e-05 932.932
-4.35547e-05 933.994
-4.30244e-05 935.061
-4.24941e-05 936.132
-4.19637e-05 937.209
-4.14334e-05 938.29
-4.09031e-05 939.375
-4.03728e-05 940.463
-3.98424e-05 941.555
-3.93121e-05 942.653
-3.87818e-05 943.756
-3.82515e-05 944.866
-3.77211e-05 945.982
-3.71908e-05 947.102
-3.66605e-05 948.227
-3.61302e-05 949.356
-3.55999e-05 950.492
-3.50695e-05 951.635
-3.45392e-05 952.785
-3.40089e-05 953.942
-3.34786e-05 955.106
-3.29482e-05 956.276
-3.24179e-05 957.452
-3.18876e-05 958.634
-3.13573e-05 959.825
-3.08269e-05 961.024
-3.02966e-05 962.233
-2.97663e-05 963.449
-2.9236e-05 964.673
-2.87057e-05 965.904
-2.81753e-05 967.143
-2.7645e-05 968.39
-2.71147e-05 969.648
-2.65844e-05 970.916
-2.6054e-05 972.194
-2.55237e-05 973.48
-2.49934e-05 974.775
-2.44631e-05 976.079
-2.39327e-05 977.393
-2.34024e-05 978.717
-2.28721e-05 980.052
-2.23418e-05 981.399
-2.18115e-05 982.756
-2.12811e-05 984.122
-2.07508e-05 985.497
-2.02205e-05 986.883
-1.96902e-05 988.279
-1.91598e-05 989.687
-1.86295e-05 991.107
-1.80992e-05 992.538
-1.75689e-05 993.979
-1.70385e-05 995.43
-1.65082e-05 996.89
-1.59779e-05 998.36
-1.54476e-05 999.842
-1.49173e-05 1001.33
-1.43869e-05 1002.84
-1.38566e-05 1004.35
-1.33263e-05 1005.88
-1.2796e-05 1007.41
-1.22656e-05 1008.95
-1.17353e-05 1010.5
-1.1205e-05 1012.06
-1.06747e-05 1013.63
-1.01443e-05 1015.21
-9.61402e-06 1016.79
-9.0837e-06 1018.38
-8.55338e-06 1019.98
-8.02305e-06 1021.59
-7.49273e-06 1023.2
-6.96241e-06 1024.82
-6.43208e-06 1026.45
-5.90176e-06 1028.08
-5.37144e-06 1029.72
-4.84111e-06 1031.35
-4.31079e-06 1032.99
-3.78047e-06 1034.64
-3.25014e-06 1036.29
-2.71982e-06 1037.94
-2.1895e-06 1039.59
-1.65918e-06 1041.24
-1.12885e-06 1042.89
-5.9853e-07 1044.54
-6.82066e-08 1046.19
4.62116e-07 1047.84
9.9244e-07 1049.48
1.52276e-06 1051.12
2.05309e-06 1052.76
2.58341e-06 1054.39
3.11373e-06 1056.02
3.64405e-06 1057.64
4.17438e-06 1059.25
4.7047e-06 1060.85
5.23502e-06 1062.45
5.76535e-06 1064.04
6.29567e-06 1065.62
6.82599e-06 1067.19
7.35632e-06 1068.75
7.88664e-06 1070.29
8.41696e-06 1071.83
8.94729e-06 1073.36
9.47761e-06 1074.87
1.00079e-05 1076.37
1.05383e-05 1077.86
1.10686e-05 1079.33
1.15989e-05 1080.79
1.21292e-05 1082.23
1.26595e-05 1083.66
1.31899e-05 1085.08
1.37202e-05 1086.49
1.42505e-05 1087.88
1.47808e-05 1089.26
1.53112e-05 1090.62
1.58415e-05 1091.97
1.63718e-05 1093.31
1.69021e-05 1094.64
1.74325e-05 1095.95
1.79628e-05 1097.26
1.84931e-05 1098.56
1.90234e-05 1099.84
1.95537e-05 1101.12
2.00841e-05 1102.39
2.06144e-05 1103.66
2.11447e-05 1104.93
2.1675e-05 1106.2
2.22054e-05 1107.46
2.27357e-05 1108.72
2.3266e-05 1109.99
2.37963e-05 1111.26
2.43267e-05 1112.54
2.4857e-05 1113.83
2.53873e-05 1115.13
2.59176e-05 1116.45
2.64479e-05 1117.78
2.69783e-05 1119.13
2.75086e-05 1120.51
2.80389e-05 1121.91
2.85692e-05 1123.34
2.90996e-05 1124.81
2.96299e-05 1126.3
3.01602e-05 1127.84
3.06905e-05 1129.42
3.12209e-05 1131.04
3.17512e-05 1132.71
3.22815e-05 1134.44
3.28118e-05 1136.22
3.33421e-05 1138.07
3.38725e-05 1139.98
3.44028e-05 1141.95
3.49331e-05 1144
3.54634e-05 1146.13
3.59938e-05 1148.33
3.65241e-05 1150.63
3.70544e-05 1153.01
3.75847e-05 1155.48
3.81151e-05 1158.05
3.86454e-05 1160.72
3.91757e-05 1163.49
3.9706e-05 1166.37
4.02363e-05 1169.36
4.07667e-05 1172.47
4.1297e-05 1175.7
4.18273e-05 1179.05
4.23576e-05 1182.51
4.2888e-05 1186.11
4.34183e-05 1189.84
4.39486e-05 1193.7
4.44789e-05 1197.69
4.50093e-05 1201.83
4.55396e-05 1206.09
4.60699e-05 1210.5
4.66002e-05 1215.04
4.71305e-05 1219.73
4.76609e-05 1224.55
4.81912e-05 1229.52
4.87215e-05 1234.63
4.92518e-05 1239.88
4.97822e-05 1245.27
5.03125e-05 1250.78
5.08428e-05 1256.43
5.13731e-05 1262.21
5.19035e-05 1268.12
5.24338e-05 1274.16
5.29641e-05 1280.31
5.34944e-05 1286.58
5.40247e-05 1292.94
5.45551e-05 1299.41
5.50854e-05 1305.98
5.56157e-05 1312.63
5.6146e-05 1319.37
5.66764e-05 1326.17
5.72067e-05 1333.04
5.7737e-05 1339.95
5.82673e-05 1346.91
5.87977e-05 1353.89
5.9328e-05 1360.89
5.98583e-05 1367.9
6.03886e-05 1374.9
6.09189e-05 1381.88
6.14493e-05 1388.82
6.19796e-05 1395.71
6.25099e-05 1402.53
6.30402e-05 1409.26
6.35706e-05 1415.9
6.41009e-05 1422.43
6.46312e-05 1428.83
6.51615e-05 1435.07
6.56919e-05 1441.13
6.62222e-05 1447.01
6.67525e-05 1452.68
6.72828e-05 1458.13
6.78131e-05 1463.33
6.83435e-05 1468.27
6.88738e-05 1472.92
6.94041e-05 1477.26
6.99344e-05 1481.27
7.04648e-05 1484.94
7.09951e-05 1488.25
7.15254e-05 1491.17
7.20557e-05 1493.69
7.25861e-05 1495.8
7.31164e-05 1497.45
7.36467e-05 1498.65
7.4177e-05 1499.37
7.47073e-05 1499.6
7.52377e-05 1499.33
7.5768e-05 1498.53
7.62983e-05 1497.21
7.68286e-05 1495.33
7.7359e-05 1492.89
7.78893e-05 1489.88
7.84196e-05 1486.3
7.89499e-05 1482.13
7.94803e-05 1477.38
8.00106e-05 1472.03
8.05409e-05 1466.09
8.10712e-05 1459.56
8.16015e-05 1452.43
8.21319e-05 1444.72
8.26622e-05 1436.43
8.31925e-05 1427.58
8.37228e-05 1418.17
8.42532e-05 1408.22
8.47835e-05 1397.75
8.53138e-05 1386.78
8.58441e-05 1375.32
8.63745e-05 1363.41
8.69048e-05 1351.09
8.74351e-05 1338.38
8.79654e-05 1325.33
8.84957e-05 1311.97
8.90261e-05 1298.33
8.95564e-05 1284.48
9.00867e-05 1270.46
9.0617e-05 1256.33
9.11474e-05 1242.15
9.16777e-05 1227.98
9.2208e-05 1213.89
9.27383e-05 1199.94
9.32687e-05 1186.21
9.3799e-05 1172.77
9.43293e-05 1159.71
9.48596e-05 1147.11
9.53899e-05 1135.07
9.59203e-05 1123.68
9.64506e-05 1113.02
9.69809e-05 1103.19
9.75112e-05 1094.3
9.80416e-05 1086.45
9.85719e-05 1079.75
9.91022e-05 1074.32
9.96325e-05 1070.26
0.000100163 1067.7
0.000100693 1066.74
0.000101223 1067.49
0.000101754 1070.09
0.000102284 1074.66
0.000102814 1081.32
0.000103345 1090.19
0.000103875 1101.4
0.000104405 1115.06
0.000104936 1131.29
0.000105466 1150.21
0.000105996 1171.94
0.000106527 1196.61
0.000107057 1224.33
0.000107587 1255.19
0.000108118 1289.32
0.000108648 1326.79
0.000109178 1367.71
0.000109709 1412.18
0.000110239 1460.26
0.000110769 1512.06
0.0001113 1567.62
0.00011183 1627.01
0.00011236 1690.28
0.000112891 1757.44
0.000113421 1828.55
0.000113951 1903.61
0.000114482 1982.63
0.000115012 2065.6
0.000115542 2152.49
0.000116073 2243.26
0.000116603 2337.84
0.000117133 2436.16
0.000117664 2538.12
0.000118194 2643.63
0.000118724 2752.55
0.000119254 2864.73
0.000119785 2979.98
0.000120315 3098.11
0.000120845 3218.89
0.000121376 3342.08
0.000121906 3467.43
0.000122436 3594.63
0.000122967 3723.38
0.000123497 3853.32
0.000124027 3984.08
0.000124558 4115.26
0.000125088 4246.42
0.000125618 4377.13
0.000126149 4506.91
0.000126679 4635.26
0.000127209 4761.64
0.00012774 4885.5
0.00012827 5006.23
0.0001288 5123.23
0.000129331 5235.88
0.000129861 5343.53
0.000130391 5445.52
0.000130922 5541.15
0.000131452 5629.7
0.000131982 5710.45
0.000132513 5782.66
0.000133043 5845.59
0.000133573 5898.51
0.000134104 5940.67
0.000134634 5971.34
0.000135164 5989.76
0.000135694 5995.2
0.000136225 5986.93
0.000136755 5964.28
0.000137285 5926.58
0.000137816 5873.23
0.000138346 5803.64
0.000138876 5717.27
0.000139407 5613.61
0.000139937 5492.22
0.000140467 5352.74
0.000140998 5194.91
0.000141528 5018.55
0.000142058 4823.56
0.000142589 4609.97
0.000143119 4377.86
0.000143649 4127.46
0.00014418 3859.12
0.00014471 3573.37
0.00014524 3270.9
0.000145771 2952.59
0.000146301 2619.45
0.000146831 2272.68
0.000147362 1913.62
0.000147892 1543.86
0.000148422 1165.28
0.000148953 780.071
0.000149483 390.736
0.000150013 0
0.000150544 0
0.000151074 0
0.000151604 0
0.000152135 0
0.000152665 0
0.000153195 0
0.000153725 0
0.000154256 0
0.000154786 0
0.000155316 0
0.000155847 0
0.000156377 0
0.000156907 0
0.000157438 0
0.000157968 0
0.000158498 0
0.000159029 0
0.000159559 0
0.000160089 0
0.00016062 0
0.00016115 0
0.00016168 0
0.000162211 0
0.000162741 0
0.000163271 0
0.000163802 0
0.000164332 0
0.000164862 0
0.000165393 0
0.000165923 0
0.000166453 0
0.000166984 0
0.000167514 0
0.000168044 0
0.000168575 0
0.000169105 0
0.000169635 0
0.000170165 0
0.000170696 0
0.000171226 0
0.000171756 0
0.000172287 0
0.000172817 0
0.000173347 0
0.000173878 0
0.000174408 0
0.000174938 0
0.000175469 0
0.000175999 0
0.000176529 0
0.00017706 0
0.00017759 0
0.00017812 0
0.000178651 0
0.000179181 0
0.000179711 0
0.000180242 0
0.000180772 0
0.000181302 0
0.000181833 0
0.000182363 0
0.000182893 0
0.000183424 0
0.000183954 0
0.000184484 0
0.000185015 0
0.000185545 0
0.000186075 0
0.000186606 0
0.000187136 0
0.000187666 0
0.000188196 0
0.000188727 0
0.000189257 0
0.000189787 0
0.000190318 0
0.000190848 0
0.000191378 0
0.000191909 0
0.000192439 0
0.000192969 0
0.0001935 0
0.00019403 0
0.00019456 0
0.000195091 0
0.000195621 0
0.000196151 0
0.000196682 0
0.000197212 0
0.000197742 0
0.000198273 0
0.000198803 0
0.000199333 0
