0 2.00826e+15
5.30323e-07 2.00105e+15
1.06065e-06 1.97985e+15
1.59097e-06 1.94579e+15
2.12129e-06 1.90043e+15
2.65162e-06 1.84545e+15
3.18194e-06 1.78231e+15
3.71226e-06 1.71219e+15
4.24258e-06 1.63602e+15
4.77291e-06 1.55458e+15
5.30323e-06 1.46868e+15
5.83355e-06 1.37918e+15
6.36388e-06 1.28699e+15
6.8942e-06 1.19295e+15
7.42452e-06 1.0978e+15
7.95485e-06 1.00214e+15
8.48517e-06 9.06464e+14
9.01549e-06 8.11213e+14
9.54582e-06 7.16858e+14
1.00761e-05 6.23887e+14
1.06065e-05 5.32777e+14
1.11368e-05 4.43934e+14
1.16671e-05 3.57672e+14
1.21974e-05 2.74217e+14
1.27278e-05 1.93746e+14
1.32581e-05 1.16434e+14
1.37884e-05 4.24691e+13
1.43187e-05 -2.79564e+13
1.4849e-05 -9.46814e+13
1.53794e-05 -1.57606e+14
1.59097e-05 -2.16698e+14
1.644e-05 -2.7197e+14
1.69703e-05 -3.23446e+14
1.75007e-05 -3.71136e+14
1.8031e-05 -4.15035e+14
1.85613e-05 -4.55145e+14
1.90916e-05 -4.91497e+14
1.9622e-05 -5.24173e+14
2.01523e-05 -5.53289e+14
2.06826e-05 -5.78978e+14
2.12129e-05 -6.01358e+14
2.17432e-05 -6.20526e+14
2.22736e-05 -6.36567e+14
2.28039e-05 -6.49577e+14
2.33342e-05 -6.5968e+14
2.38645e-05 -6.6703e+14
2.43949e-05 -6.71796e+14
2.49252e-05 -6.74135e+14
2.54555e-05 -6.74185e+14
2.59858e-05 -6.72058e+14
2.65162e-05 -6.67865e+14
2.70465e-05 -6.61729e+14
2.75768e-05 -6.53796e+14
2.81071e-05 -6.44225e+14
2.86374e-05 -6.33172e+14
2.91678e-05 -6.20772e+14
2.96981e-05 -6.07137e+14
3.02284e-05 -5.92364e+14
3.07587e-05 -5.7655e+14
3.12891e-05 -5.59811e+14
3.18194e-05 -5.42276e+14
3.23497e-05 -5.24075e+14
3.288e-05 -5.05323e+14
3.34104e-05 -4.86113e+14
3.39407e-05 -4.66517e+14
3.4471e-05 -4.46603e+14
3.50013e-05 -4.26448e+14
3.55316e-05 -4.06141e+14
3.6062e-05 -3.85778e+14
3.65923e-05 -3.65449e+14
3.71226e-05 -3.4522e+14
3.76529e-05 -3.25142e+14
3.81833e-05 -3.0525e+14
3.87136e-05 -2.85586e+14
3.92439e-05 -2.66203e+14
3.97742e-05 -2.4716e+14
4.03046e-05 -2.2852e+14
4.08349e-05 -2.10327e+14
4.13652e-05 -1.92609e+14
4.18955e-05 -1.7538e+14
4.24258e-05 -1.58651e+14
4.29562e-05 -1.42442e+14
4.34865e-05 -1.26783e+14
4.40168e-05 -1.1171e+14
4.45471e-05 -9.72507e+13
4.50775e-05 -8.34163e+13
4.56078e-05 -7.02031e+13
4.61381e-05 -5.76013e+13
4.66684e-05 -4.56065e+13
4.71988e-05 -3.42252e+13
4.77291e-05 -2.34721e+13
4.82594e-05 -1.33599e+13
4.87897e-05 -3.88978e+12
4.932e-05 4.95182e+12
4.98504e-05 1.31873e+13
5.03807e-05 2.08375e+13
5.0911e-05 2.79139e+13
5.14413e-05 3.44175e+13
5.19717e-05 4.03461e+13
5.2502e-05 4.57043e+13
5.30323e-05 5.05092e+13
5.35626e-05 5.47886e+13
5.4093e-05 5.85724e+13
5.46233e-05 6.18836e+13
5.51536e-05 6.47339e+13
5.56839e-05 6.71283e+13
5.62142e-05 6.90734e+13
5.67446e-05 7.05857e+13
5.72749e-05 7.16925e+13
5.78052e-05 7.24263e+13
5.83355e-05 7.28157e+13
5.88659e-05 7.28793e+13
5.93962e-05 7.26261e+13
5.99265e-05 7.20629e+13
6.04568e-05 7.12023e+13
6.09872e-05 7.00672e+13
6.15175e-05 6.86877e+13
6.20478e-05 6.70936e+13
6.25781e-05 6.53064e+13
6.31084e-05 6.33375e+13
6.36388e-05 6.11925e+13
6.41691e-05 5.88788e+13
6.46994e-05 5.64127e+13
6.52297e-05 5.38186e+13
6.57601e-05 5.11237e+13
6.62904e-05 4.83499e+13
6.68207e-05 4.55095e+13
6.7351e-05 4.26063e+13
6.78814e-05 3.96432e+13
6.84117e-05 3.66284e+13
6.8942e-05 3.35792e+13
6.94723e-05 3.05177e+13
7.00026e-05 2.74642e+13
7.0533e-05 2.44307e+13
7.10633e-05 2.14201e+13
7.15936e-05 1.84309e+13
7.21239e-05 1.54645e+13
7.26543e-05 1.25301e+13
7.31846e-05 9.64354e+12
7.37149e-05 6.82204e+12
7.42452e-05 4.07688e+12
7.47756e-05 1.41041e+12
7.53059e-05 -1.18156e+12
7.58362e-05 -3.70328e+12
7.63665e-05 -6.15303e+12
7.68968e-05 -8.52148e+12
7.74272e-05 -1.07955e+13
7.79575e-05 -1.2965e+13
7.84878e-05 -1.50274e+13
7.90181e-05 -1.6988e+13
7.95485e-05 -1.88548e+13
8.00788e-05 -2.06323e+13
8.06091e-05 -2.23174e+13
8.11394e-05 -2.39014e+13
8.16698e-05 -2.53754e+13
8.22001e-05 -2.67365e+13
8.27304e-05 -2.79896e+13
8.32607e-05 -2.91444e+13
8.3791e-05 -3.02096e+13
8.43214e-05 -3.11878e+13
8.48517e-05 -3.20744e+13
8.5382e-05 -3.28623e+13
8.59123e-05 -3.35478e+13
8.64427e-05 -3.41342e+13
8.6973e-05 -3.46312e+13
8.75033e-05 -3.505e+13
8.80336e-05 -3.5397e+13
8.8564e-05 -3.56719e+13
8.90943e-05 -3.58695e+13
8.96246e-05 -3.59854e+13
9.01549e-05 -3.60206e+13
9.06852e-05 -3.59834e+13
9.12156e-05 -3.58851e+13
9.17459e-05 -3.57353e+13
9.22762e-05 -3.55369e+13
9.28065e-05 -3.52868e+13
9.33369e-05 -3.49802e+13
9.38672e-05 -3.46159e+13
9.43975e-05 -3.41994e+13
9.49278e-05 -3.37411e+13
9.54582e-05 -3.32515e+13
9.59885e-05 -3.27365e+13
9.65188e-05 -3.21951e+13
9.70491e-05 -3.16226e+13
9.75794e-05 -3.10158e+13
9.81098e-05 -3.0377e+13
9.86401e-05 -2.97142e+13
9.91704e-05 -2.9038e+13
9.97007e-05 -2.83558e+13
0.000100231 -2.7669e+13
0.000100761 -2.69736e+13
0.000101292 -2.62649e+13
0.000101822 -2.55418e+13
0.000102352 -2.48095e+13
0.000102883 -2.40774e+13
0.000103413 -2.33536e+13
0.000103943 -2.26416e+13
0.000104474 -2.19385e+13
0.000105004 -2.12388e+13
0.000105534 -2.0539e+13
0.000106065 -1.9841e+13
0.000106595 -1.91517e+13
0.000107125 -1.84795e+13
0.000107656 -1.78292e+13
0.000108186 -1.71998e+13
0.000108716 -1.65858e+13
0.000109247 -1.59818e+13
0.000109777 -1.53865e+13
0.000110307 -1.48043e+13
0.000110838 -1.42425e+13
0.000111368 -1.37072e+13
0.000111898 -1.3199e+13
0.000112428 -1.27135e+13
0.000112959 -1.22442e+13
0.000113489 -1.17873e+13
0.000114019 -1.13441e+13
0.00011455 -1.09207e+13
0.00011508 -1.05233e+13
0.00011561 -1.01544e+13
0.000116141 -9.81122e+12
0.000116671 -9.48717e+12
0.000117201 -9.17659e+12
0.000117732 -8.8782e+12
0.000118262 -8.59583e+12
0.000118792 -8.33557e+12
0.000119323 -8.10142e+12
0.000119853 -7.89241e+12
0.000120383 -7.70296e+12
0.000120914 -7.5264e+12
0.000121444 -7.35916e+12
0.000121974 -7.20278e+12
0.000122505 -7.06248e+12
0.000123035 -6.94326e+12
0.000123565 -6.84615e+12
0.000124096 -6.76715e+12
0.000124626 -6.69957e+12
0.000125156 -6.63814e+12
0.000125687 -6.58215e+12
0.000126217 -6.53542e+12
0.000126747 -6.50333e+12
0.000127278 -6.48872e+12
0.000127808 -6.4896e+12
0.000128338 -6.5001e+12
0.000128869 -6.51402e+12
0.000129399 -6.52862e+12
0.000129929 -6.54599e+12
0.000130459 -6.57121e+12
0.00013099 -6.60853e+12
0.00013152 -6.65807e+12
0.00013205 -6.71546e+12
0.000132581 -6.77439e+12
0.000133111 -6.83052e+12
0.000133641 -6.88403e+12
0.000134172 -6.93914e+12
0.000134702 -7.00086e+12
0.000135232 -7.07134e+12
0.000135763 -7.1481e+12
0.000136293 -7.22546e+12
0.000136823 -7.29809e+12
0.000137354 -7.36434e+12
0.000137884 -7.42703e+12
0.000138414 -7.49133e+12
0.000138945 -7.56097e+12
0.000139475 -7.63555e+12
0.000140005 -7.71065e+12
0.000140536 -7.78061e+12
0.000141066 -7.8422e+12
0.000141596 -7.89658e+12
0.000142127 -7.94837e+12
0.000142657 -8.00234e+12
0.000143187 -8.06008e+12
0.000143718 -8.11886e+12
0.000144248 -8.17335e+12
0.000144778 -8.21919e+12
0.000145309 -8.25578e+12
0.000145839 -8.28663e+12
0.000146369 -8.31689e+12
0.000146899 -8.34983e+12
0.00014743 -8.38458e+12
0.00014796 -8.41678e+12
0.00014849 -8.44146e+12
0.000149021 -8.4564e+12
0.000149551 -8.46361e+12
0.000150081 -8.46794e+12
0.000150612 -8.47381e+12
0.000151142 -8.48226e+12
0.000151672 -8.49028e+12
0.000152203 -8.49294e+12
0.000152733 -8.48671e+12
0.000153263 -8.47189e+12
0.000153794 -8.45246e+12
0.000154324 -8.43337e+12
0.000154854 -8.41731e+12
0.000155385 -8.40294e+12
0.000155915 -8.3859e+12
0.000156445 -8.36185e+12
0.000156976 -8.32941e+12
0.000157506 -8.2912e+12
0.000158036 -8.2521e+12
0.000158567 -8.21601e+12
0.000159097 -8.18334e+12
0.000159627 -8.1508e+12
0.000160158 -8.11376e+12
0.000160688 -8.06943e+12
0.000161218 -8.01879e+12
0.000161749 -7.96605e+12
0.000162279 -7.91579e+12
0.000162809 -7.87002e+12
0.00016334 -7.8269e+12
0.00016387 -7.78205e+12
0.0001644 -7.73166e+12
0.00016493 -7.67506e+12
0.000165461 -7.61526e+12
0.000165991 -7.55698e+12
0.000166521 -7.5035e+12
0.000167052 -7.45456e+12
0.000167582 -7.40659e+12
0.000168112 -7.35524e+12
0.000168643 -7.29835e+12
0.000169173 -7.23745e+12
0.000169703 -7.17678e+12
0.000170234 -7.12046e+12
0.000170764 -7.06977e+12
0.000171294 -7.02236e+12
0.000171825 -6.9739e+12
0.000172355 -6.92106e+12
0.000172885 -6.86377e+12
0.000173416 -6.80531e+12
0.000173946 -6.75011e+12
0.000174476 -6.70078e+12
0.000175007 -6.65642e+12
0.000175537 -6.61326e+12
0.000176067 -6.56723e+12
0.000176598 -6.51678e+12
0.000177128 -6.46386e+12
0.000177658 -6.41266e+12
0.000178189 -6.36677e+12
0.000178719 -6.32679e+12
0.000179249 -6.28993e+12
0.00017978 -6.25196e+12
0.00018031 -6.21005e+12
0.00018084 -6.16468e+12
0.00018137 -6.1193e+12
0.000181901 -6.07801e+12
0.000182431 -6.04276e+12
0.000182961 -6.01209e+12
0.000183492 -5.98209e+12
0.000184022 -5.94909e+12
0.000184552 -5.91207e+12
0.000185083 -5.87338e+12
0.000185613 -5.8371e+12
0.000186143 -5.80627e+12
0.000186674 -5.78086e+12
0.000187204 -5.75777e+12
0.000187734 -5.73295e+12
0.000188265 -5.7041e+12
0.000188795 -5.6722e+12
0.000189325 -5.64083e+12
0.000189856 -5.61372e+12
0.000190386 -5.59221e+12
0.000190916 -5.57437e+12
0.000191447 -5.55626e+12
0.000191977 -5.53464e+12
0.000192507 -5.50908e+12
0.000193038 -5.48222e+12
0.000193568 -5.458e+12
0.000194098 -5.43893e+12
0.000194629 -5.42442e+12
0.000195159 -5.41116e+12
0.000195689 -5.39536e+12
0.00019622 -5.37529e+12
0.00019675 -5.35239e+12
0.00019728 -5.3303e+12
0.000197811 -5.31237e+12
0.000198341 -5.29937e+12
0.000198871 -5.28898e+12
0.000199401 -5.27737e+12
0.000199932 -5.26174e+12
0.000200462 -5.2422e+12
0.000200992 -5.22169e+12
0.000201523 -5.20393e+12
0.000202053 -5.19092e+12
0.000202583 -5.18157e+12
0.000203114 -5.17247e+12
0.000203644 -5.16015e+12
0.000204174 -5.14342e+12
0.000204705 -5.12417e+12
0.000205235 -5.10602e+12
0.000205765 -5.09192e+12
0.000206296 -5.08212e+12
0.000206826 -5.074e+12
0.000207356 -5.06387e+12
0.000207887 -5.04943e+12
0.000208417 -5.03132e+12
0.000208947 -5.01265e+12
0.000209478 -4.99691e+12
0.000210008 -4.98558e+12
0.000210538 -4.97716e+12
0.000211069 -4.96818e+12
0.000211599 -4.95555e+12
0.000212129 -4.93863e+12
0.00021266 -4.91965e+12
0.00021319 -4.90218e+12
0.00021372 -4.88874e+12
0.000214251 -4.87906e+12
0.000214781 -4.87033e+12
0.000215311 -4.85906e+12
0.000215841 -4.84344e+12
0.000216372 -4.82458e+12
0.000216902 -4.80572e+12
0.000217432 -4.79003e+12
0.000217963 -4.77851e+12
0.000218493 -4.76929e+12
0.000219023 -4.75892e+12
0.000219554 -4.7447e+12
0.000220084 -4.72652e+12
0.000220614 -4.70687e+12
0.000221145 -4.68921e+12
0.000221675 -4.67561e+12
0.000222205 -4.66534e+12
0.000222736 -4.65542e+12
0.000223266 -4.64262e+12
0.000223796 -4.62564e+12
0.000224327 -4.60597e+12
0.000224857 -4.58692e+12
0.000225387 -4.57131e+12
0.000225918 -4.55965e+12
0.000226448 -4.54975e+12
0.000226978 -4.53826e+12
0.000227509 -4.52289e+12
0.000228039 -4.50399e+12
0.000228569 -4.48428e+12
0.0002291 -4.46703e+12
0.00022963 -4.45383e+12
0.00023016 -4.44356e+12
0.000230691 -4.43313e+12
0.000231221 -4.4196e+12
0.000231751 -4.40214e+12
0.000232282 -4.38261e+12
0.000232812 -4.36427e+12
0.000233342 -4.3496e+12
0.000233872 -4.33862e+12
0.000234403 -4.3289e+12
0.000234933 -4.3172e+12
0.000235463 -4.30167e+12
0.000235994 -4.2831e+12
0.000236524 -4.26436e+12
0.000237054 -4.24846e+12
0.000237585 -4.23654e+12
0.000238115 -4.22709e+12
0.000238645 -4.21701e+12
0.000239176 -4.20367e+12
0.000239706 -4.18671e+12
0.000240236 -4.16827e+12
0.000240767 -4.15153e+12
0.000241297 -4.13858e+12
0.000241827 -4.12898e+12
0.000242358 -4.12012e+12
0.000242888 -4.10895e+12
0.000243418 -4.09405e+12
0.000243949 -4.07659e+12
0.000244479 -4.05952e+12
0.000245009 -4.04558e+12
0.00024554 -4.03545e+12
0.00024607 -4.0273e+12
0.0002466 -4.01805e+12
0.000247131 -4.00542e+12
0.000247661 -3.9895e+12
0.000248191 -3.97265e+12
0.000248722 -3.95793e+12
0.000249252 -3.94699e+12
0.000249782 -3.93901e+12
0.000250312 -3.93123e+12
0.000250843 -3.92084e+12
0.000251373 -3.90686e+12
0.000251903 -3.89079e+12
0.000252434 -3.87561e+12
0.000252964 -3.86373e+12
0.000253494 -3.85541e+12
0.000254025 -3.84855e+12
0.000254555 -3.84014e+12
0.000255085 -3.82828e+12
0.000255616 -3.81348e+12
0.000256146 -3.79827e+12
0.000256676 -3.78551e+12
0.000257207 -3.77644e+12
0.000257737 -3.76989e+12
0.000258267 -3.76302e+12
0.000258798 -3.75328e+12
0.000259328 -3.74012e+12
0.000259858 -3.72535e+12
0.000260389 -3.7119e+12
0.000260919 -3.70186e+12
0.000261449 -3.69504e+12
0.00026198 -3.68915e+12
0.00026251 -3.68131e+12
0.00026304 -3.67002e+12
0.000263571 -3.65616e+12
0.000264101 -3.64237e+12
0.000264631 -3.63128e+12
0.000265162 -3.62373e+12
0.000265692 -3.61822e+12
0.000266222 -3.6119e+12
0.000266752 -3.60253e+12
0.000267283 -3.58997e+12
0.000267813 -3.57627e+12
0.000268343 -3.56427e+12
0.000268874 -3.55569e+12
0.000269404 -3.54998e+12
0.000269934 -3.54468e+12
0.000270465 -3.5371e+12
0.000270995 -3.52613e+12
0.000271525 -3.51297e+12
0.000272056 -3.50035e+12
0.000272586 -3.49063e+12
0.000273116 -3.48424e+12
0.000273647 -3.4794e+12
0.000274177 -3.47332e+12
0.000274707 -3.46406e+12
0.000275238 -3.4519e+12
0.000275768 -3.43907e+12
0.000276298 -3.42827e+12
0.000276829 -3.42087e+12
0.000277359 -3.41594e+12
0.000277889 -3.41093e+12
0.00027842 -3.40338e+12
0.00027895 -3.39255e+12
0.00027948 -3.37998e+12
0.000280011 -3.36836e+12
0.000280541 -3.35979e+12
0.000281071 -3.35429e+12
0.000281602 -3.34986e+12
0.000282132 -3.34381e+12
0.000282662 -3.33455e+12
0.000283193 -3.3227e+12
0.000283723 -3.31065e+12
0.000284253 -3.30092e+12
0.000284783 -3.2945e+12
0.000285314 -3.29015e+12
0.000285844 -3.28526e+12
0.000286374 -3.27762e+12
0.000286905 -3.26691e+12
0.000287435 -3.25488e+12
0.000287965 -3.24422e+12
0.000288496 -3.23666e+12
0.000289026 -3.2319e+12
0.000289556 -3.22775e+12
0.000290087 -3.22163e+12
0.000290617 -3.21234e+12
0.000291147 -3.20083e+12
0.000291678 -3.18957e+12
0.000292208 -3.18086e+12
0.000292738 -3.17531e+12
0.000293269 -3.17141e+12
0.000293799 -3.16656e+12
0.000294329 -3.15884e+12
0.00029486 -3.14828e+12
0.00029539 -3.13685e+12
0.00029592 -3.12713e+12
0.000296451 -3.12055e+12
0.000296981 -3.11644e+12
0.000297511 -3.11248e+12
0.000298042 -3.10629e+12
0.000298572 -3.09701e+12
0.000299102 -3.08591e+12
0.000299633 -3.07547e+12
0.000300163 -3.06776e+12
0.000300693 -3.06303e+12
0.000301223 -3.05951e+12
0.000301754 -3.05467e+12
0.000302284 -3.04688e+12
0.000302814 -3.03654e+12
0.000303345 -3.02578e+12
0.000303875 -3.01703e+12
0.000304405 -3.01137e+12
0.000304936 -3.00783e+12
0.000305466 -3.00402e+12
0.000305996 -2.99776e+12
0.000306527 -2.98856e+12
0.000307057 -2.97792e+12
0.000307587 -2.96835e+12
0.000308118 -2.96163e+12
0.000308648 -2.95763e+12
0.000309178 -2.95443e+12
0.000309709 -2.94957e+12
0.000310239 -2.94175e+12
0.000310769 -2.9317e+12
0.0003113 -2.92166e+12
0.00031183 -2.91387e+12
0.00031236 -2.90908e+12
0.000312891 -2.90603e+12
0.000313421 -2.9023e+12
0.000313951 -2.89597e+12
0.000314482 -2.88689e+12
0.000315012 -2.87679e+12
0.000315542 -2.8681e+12
0.000316073 -2.86231e+12
0.000316603 -2.85897e+12
0.000317133 -2.85599e+12
0.000317664 -2.85108e+12
0.000318194 -2.84326e+12
0.000318724 -2.83355e+12
0.000319254 -2.82424e+12
0.000319785 -2.81739e+12
0.000320315 -2.81338e+12
0.000320845 -2.81072e+12
0.000321376 -2.80702e+12
0.000321906 -2.80061e+12
0.000322436 -2.79168e+12
0.000322967 -2.78214e+12
0.000323497 -2.77432e+12
0.000324027 -2.76939e+12
0.000324558 -2.76661e+12
0.000325088 -2.76377e+12
0.000325618 -2.75877e+12
0.000326149 -2.75095e+12
0.000326679 -2.7416e+12
0.000327209 -2.73305e+12
0.00032774 -2.72707e+12
0.00032827 -2.72376e+12
0.0003288 -2.72139e+12
0.000329331 -2.71764e+12
0.000329861 -2.71113e+12
0.000330391 -2.70239e+12
0.000330922 -2.69343e+12
0.000331452 -2.68645e+12
0.000331982 -2.6823e+12
0.000332513 -2.67995e+12
0.000333043 -2.67717e+12
0.000333573 -2.67204e+12
0.000334104 -2.66425e+12
0.000334634 -2.65529e+12
0.000335164 -2.64747e+12
0.000335694 -2.64232e+12
0.000336225 -2.63959e+12
0.000336755 -2.63741e+12
0.000337285 -2.63355e+12
0.000337816 -2.62695e+12
0.000338346 -2.61841e+12
0.000338876 -2.61005e+12
0.000339407 -2.60387e+12
0.000339937 -2.60042e+12
0.000340467 -2.59841e+12
0.000340998 -2.5956e+12
0.000341528 -2.59032e+12
0.000342058 -2.58256e+12
0.000342589 -2.57403e+12
0.000343119 -2.56693e+12
0.000343649 -2.56254e+12
0.00034418 -2.5603e+12
0.00034471 -2.55821e+12
0.00034524 -2.55421e+12
0.000345771 -2.54753e+12
0.000346301 -2.53922e+12
0.000346831 -2.53146e+12
0.000347362 -2.52605e+12
0.000347892 -2.52321e+12
0.000348422 -2.52145e+12
0.000348953 -2.51856e+12
0.000349483 -2.51311e+12
0.000350013 -2.50542e+12
0.000350544 -2.49733e+12
0.000351074 -2.49096e+12
0.000351604 -2.48726e+12
0.000352135 -2.48542e+12
0.000352665 -2.48335e+12
0.000353195 -2.47917e+12
0.000353725 -2.47242e+12
0.000354256 -2.46439e+12
0.000354786 -2.45725e+12
0.000355316 -2.45256e+12
0.000355847 -2.45026e+12
0.000356377 -2.44866e+12
0.000356907 -2.44563e+12
0.000357438 -2.44003e+12
0.000357968 -2.43245e+12
0.000358498 -2.42484e+12
0.000359029 -2.41917e+12
0.000359559 -2.41611e+12
0.000360089 -2.41457e+12
0.00036062 -2.41247e+12
0.00036115 -2.4081e+12
0.00036168 -2.40131e+12
0.000362211 -2.3936e+12
0.000362741 -2.38708e+12
0.000363271 -2.38308e+12
0.000363802 -2.38123e+12
0.000364332 -2.37972e+12
0.000364862 -2.37652e+12
0.000365393 -2.37078e+12
0.000365923 -2.36336e+12
0.000366453 -2.35625e+12
0.000366984 -2.35127e+12
0.000367514 -2.34877e+12
0.000368044 -2.34747e+12
0.000368575 -2.34527e+12
0.000369105 -2.34071e+12
0.000369635 -2.33393e+12
0.000370165 -2.32657e+12
0.000370696 -2.32069e+12
0.000371226 -2.31733e+12
0.000371756 -2.31586e+12
0.000372287 -2.31436e+12
0.000372817 -2.31098e+12
0.000373347 -2.30512e+12
0.000373878 -2.29789e+12
0.000374408 -2.29132e+12
0.000374938 -2.287e+12
0.000375469 -2.28501e+12
0.000375999 -2.28387e+12
0.000376529 -2.28153e+12
0.00037706 -2.27678e+12
0.00037759 -2.27004e+12
0.00037812 -2.26307e+12
0.000378651 -2.25782e+12
0.000379181 -2.25506e+12
0.000379711 -2.25389e+12
0.000380242 -2.25236e+12
0.000380772 -2.24877e+12
0.000381302 -2.24282e+12
0.000381833 -2.23583e+12
0.000382363 -2.2298e+12
0.000382893 -2.22611e+12
0.000383424 -2.22456e+12
0.000383954 -2.22351e+12
0.000384484 -2.221e+12
0.000385015 -2.21608e+12
0.000385545 -2.20942e+12
0.000386075 -2.20288e+12
0.000386606 -2.19825e+12
0.000387136 -2.19602e+12
0.000387666 -2.19508e+12
0.000388196 -2.19346e+12
0.000388727 -2.18966e+12
0.000389257 -2.18366e+12
0.000389787 -2.17695e+12
0.000390318 -2.17148e+12
0.000390848 -2.16839e+12
0.000391378 -2.1672e+12
0.000391909 -2.16617e+12
0.000392439 -2.16347e+12
0.000392969 -2.15839e+12
0.0003935 -2.15185e+12
0.00039403 -2.14577e+12
0.00039456 -2.14174e+12
0.000395091 -2.13999e+12
0.000395621 -2.13921e+12
0.000396151 -2.13746e+12
0.000396682 -2.13344e+12
0.000397212 -2.12743e+12
0.000397742 -2.12104e+12
0.000398273 -2.11613e+12
0.000398803 -2.11359e+12
0.000399333 -2.1127e+12
