0 0
0.02 0.0721907
0.04 0.102393
0.06 0.12594
0.08 0.146201
0.1 0.164487
0.12 0.181475
0.14 0.197572
0.16 0.213045
0.18 0.228084
0.2 0.242831
0.22 0.257396
0.24 0.271866
0.26 0.286316
0.28 0.300806
0.3 0.315391
0.32 0.330118
0.34 0.345029
0.36 0.360164
0.38 0.375556
0.4 0.391239
0.42 0.407244
0.44 0.423598
0.46 0.440328
0.48 0.457458
0.5 0.475011
0.52 0.493008
0.54 0.511466
0.56 0.530402
0.58 0.54983
0.6 0.569758
0.62 0.590194
0.64 0.611141
0.66 0.632596
0.68 0.654552
0.7 0.676997
0.72 0.699911
0.74 0.723267
0.76 0.74703
0.78 0.771156
0.8 0.795592
0.82 0.820275
0.84 0.845128
0.86 0.870068
0.88 0.894996
0.9 0.919803
0.92 0.94437
0.94 0.968565
0.96 0.992249
0.98 1.01527
1 1.03748
1.02 1.05872
1.04 1.07883
1.06 1.09765
1.08 1.11503
1.1 1.13082
1.12 1.1449
1.14 1.15714
1.16 1.16745
1.18 1.17576
1.2 1.18199
1.22 1.18613
1.24 1.18816
1.26 1.1881
1.28 1.18598
1.3 1.18186
1.32 1.17582
1.34 1.16795
1.36 1.15835
1.38 1.14716
1.4 1.13448
1.42 1.12045
1.44 1.10521
1.46 1.08888
1.48 1.07161
1.5 1.05351
1.52 1.03472
1.54 1.01534
1.56 0.995495
1.58 0.975281
1.6 0.954796
1.62 0.934127
1.64 0.913355
1.66 0.892551
1.68 0.871781
1.7 0.851103
1.72 0.830568
1.74 0.810221
1.76 0.790102
1.78 0.770245
1.8 0.750677
1.82 0.731425
1.84 0.712508
1.86 0.693944
1.88 0.675746
1.9 0.657924
1.92 0.640487
1.94 0.62344
1.96 0.606788
1.98 0.59053
2 0.574669
2.02 0.559203
2.04 0.544129
2.06 0.529444
2.08 0.515143
2.1 0.501223
2.12 0.487677
2.14 0.474499
2.16 0.461682
2.18 0.44922
2.2 0.437105
2.22 0.425331
2.24 0.413888
2.26 0.40277
2.28 0.391969
2.3 0.381476
2.32 0.371285
2.34 0.361387
2.36 0.351775
2.38 0.342441
2.4 0.333378
2.42 0.324577
2.44 0.316032
2.46 0.307735
2.48 0.29968
2.5 0.291859
2.52 0.284266
2.54 0.276894
2.56 0.269736
2.58 0.262786
2.6 0.256039
2.62 0.249487
2.64 0.243125
2.66 0.236948
2.68 0.23095
2.7 0.225124
2.72 0.219468
2.74 0.213974
2.76 0.208638
2.78 0.203456
2.8 0.198422
2.82 0.193533
2.84 0.188783
2.86 0.184168
2.88 0.179685
2.9 0.175329
2.92 0.171097
2.94 0.166984
2.96 0.162987
2.98 0.159102
3 0.155327
3.02 0.151657
3.04 0.14809
3.06 0.144622
3.08 0.14125
3.1 0.137971
3.12 0.134783
3.14 0.131683
3.16 0.128668
3.18 0.125736
3.2 0.122884
3.22 0.120109
3.24 0.117409
3.26 0.114783
3.28 0.112227
3.3 0.10974
3.32 0.10732
3.34 0.104964
3.36 0.102671
3.38 0.100439
3.4 0.0982655
3.42 0.0961495
3.44 0.0940891
3.46 0.0920826
3.48 0.0901285
3.5 0.0882251
3.52 0.086371
3.54 0.0845647
3.56 0.0828048
3.58 0.08109
3.6 0.079419
3.62 0.0777904
3.64 0.0762031
3.66 0.0746558
3.68 0.0731475
3.7 0.0716769
3.72 0.0702429
3.74 0.0688446
3.76 0.0674809
3.78 0.0661509
3.8 0.0648534
3.82 0.0635878
3.84 0.0623529
3.86 0.061148
3.88 0.0599722
3.9 0.0588248
3.92 0.0577048
3.94 0.0566115
3.96 0.0555443
3.98 0.0545023
4 0.0534849
4.02 0.0524914
4.04 0.0515211
4.06 0.0505734
4.08 0.0496476
4.1 0.0487433
4.12 0.0478597
4.14 0.0469964
4.16 0.0461527
4.18 0.0453282
4.2 0.0445223
4.22 0.0437346
4.24 0.0429645
4.26 0.0422116
4.28 0.0414754
4.3 0.0407555
4.32 0.0400515
4.34 0.0393629
4.36 0.0386893
4.38 0.0380304
4.4 0.0373858
4.42 0.036755
4.44 0.0361378
4.46 0.0355338
4.48 0.0349426
4.5 0.0343639
4.52 0.0337975
4.54 0.0332429
4.56 0.0326999
4.58 0.0321683
4.6 0.0316476
4.62 0.0311377
4.64 0.0306383
4.66 0.0301491
4.68 0.0296699
4.7 0.0292003
4.72 0.0287403
4.74 0.0282895
4.76 0.0278477
4.78 0.0274148
4.8 0.0269904
4.82 0.0265745
4.84 0.0261667
4.86 0.0257669
4.88 0.0253749
4.9 0.0249905
4.92 0.0246136
4.94 0.0242439
4.96 0.0238813
4.98 0.0235256
5 0.0231767
5.02 0.0228345
5.04 0.0224986
5.06 0.0221691
5.08 0.0218458
5.1 0.0215284
5.12 0.021217
5.14 0.0209113
5.16 0.0206113
5.18 0.0203167
5.2 0.0200275
5.22 0.0197436
5.24 0.0194648
5.26 0.019191
5.28 0.0189222
5.3 0.0186582
5.32 0.0183988
5.34 0.0181441
5.36 0.0178939
5.38 0.017648
5.4 0.0174065
5.42 0.0171692
5.44 0.0169361
5.46 0.0167069
5.48 0.0164818
5.5 0.0162605
5.52 0.0160429
5.54 0.0158291
5.56 0.015619
5.58 0.0154124
5.6 0.0152092
5.62 0.0150095
5.64 0.0148131
5.66 0.0146201
5.68 0.0144302
5.7 0.0142434
5.72 0.0140597
5.74 0.0138791
5.76 0.0137014
5.78 0.0135266
5.8 0.0133546
5.82 0.0131855
5.84 0.013019
5.86 0.0128553
5.88 0.0126941
5.9 0.0125355
5.92 0.0123795
5.94 0.0122259
5.96 0.0120747
5.98 0.0119259
6 0.0117795
6.02 0.0116353
6.04 0.0114934
6.06 0.0113537
6.08 0.0112161
6.1 0.0110807
6.12 0.0109473
6.14 0.010816
6.16 0.0106866
6.18 0.0105593
6.2 0.0104339
6.22 0.0103103
6.24 0.0101886
6.26 0.0100688
6.28 0.00995071
6.3 0.0098344
6.32 0.00971982
6.34 0.00960693
6.36 0.0094957
6.38 0.00938611
6.4 0.00927812
6.42 0.00917171
6.44 0.00906685
6.46 0.0089635
6.48 0.00886166
6.5 0.00876128
6.52 0.00866234
6.54 0.00856481
6.56 0.00846868
6.58 0.00837392
6.6 0.0082805
6.62 0.0081884
6.64 0.0080976
6.66 0.00800808
6.68 0.00791981
6.7 0.00783277
6.72 0.00774694
6.74 0.00766231
6.76 0.00757884
6.78 0.00749653
6.8 0.00741535
6.82 0.00733528
6.84 0.0072563
6.86 0.00717841
6.88 0.00710157
6.9 0.00702577
6.92 0.006951
6.94 0.00687723
6.96 0.00680445
6.98 0.00673265
7 0.00666181
7.02 0.0065919
7.04 0.00652293
7.06 0.00645487
7.08 0.00638771
7.1 0.00632143
7.12 0.00625602
7.14 0.00619147
7.16 0.00612775
7.18 0.00606487
7.2 0.00600281
7.22 0.00594154
7.24 0.00588107
7.26 0.00582137
7.28 0.00576244
7.3 0.00570427
7.32 0.00564683
7.34 0.00559013
7.36 0.00553414
7.38 0.00547887
7.4 0.00542429
7.42 0.0053704
7.44 0.00531718
7.46 0.00526463
7.48 0.00521274
7.5 0.00516149
7.52 0.00511088
7.54 0.00506089
7.56 0.00501153
7.58 0.00496277
7.6 0.00491461
7.62 0.00486704
7.64 0.00482005
7.66 0.00477363
7.68 0.00472778
7.7 0.00468248
7.72 0.00463773
7.74 0.00459352
7.76 0.00454985
7.78 0.00450669
7.8 0.00446406
7.82 0.00442193
7.84 0.0043803
7.86 0.00433917
7.88 0.00429852
7.9 0.00425836
7.92 0.00421867
7.94 0.00417945
7.96 0.00414068
7.98 0.00410237
8 0.00406451
8.02 0.00402708
8.04 0.0039901
8.06 0.00395354
8.08 0.0039174
8.1 0.00388168
8.12 0.00384637
8.14 0.00381146
8.16 0.00377696
8.18 0.00374285
8.2 0.00370912
8.22 0.00367578
8.24 0.00364282
8.26 0.00361023
8.28 0.00357801
8.3 0.00354615
8.32 0.00351465
8.34 0.0034835
8.36 0.0034527
8.38 0.00342224
8.4 0.00339212
8.42 0.00336234
8.44 0.00333288
8.46 0.00330375
8.48 0.00327494
8.5 0.00324645
8.52 0.00321827
8.54 0.0031904
8.56 0.00316283
8.58 0.00313556
8.6 0.00310859
8.62 0.00308191
8.64 0.00305552
8.66 0.00302942
8.68 0.0030036
8.7 0.00297805
8.72 0.00295278
8.74 0.00292777
8.76 0.00290304
8.78 0.00287856
8.8 0.00285435
8.82 0.0028304
8.84 0.00280669
8.86 0.00278324
8.88 0.00276004
8.9 0.00273707
8.92 0.00271435
8.94 0.00269187
8.96 0.00266962
8.98 0.0026476
9 0.00262582
9.02 0.00260425
9.04 0.00258291
9.06 0.0025618
9.08 0.00254089
9.1 0.00252021
9.12 0.00249973
9.14 0.00247947
9.16 0.00245941
9.18 0.00243956
9.2 0.00241991
9.22 0.00240046
9.24 0.0023812
9.26 0.00236214
9.28 0.00234327
9.3 0.00232459
9.32 0.0023061
9.34 0.0022878
9.36 0.00226968
9.38 0.00225174
9.4 0.00223397
9.42 0.00221639
9.44 0.00219897
9.46 0.00218174
9.48 0.00216467
9.5 0.00214777
9.52 0.00213103
9.54 0.00211446
9.56 0.00209805
9.58 0.00208181
9.6 0.00206572
9.62 0.00204978
9.64 0.00203401
9.66 0.00201838
9.68 0.00200291
9.7 0.00198759
9.72 0.00197241
9.74 0.00195738
9.76 0.0019425
9.78 0.00192775
9.8 0.00191315
9.82 0.00189869
9.84 0.00188436
9.86 0.00187017
9.88 0.00185612
9.9 0.0018422
9.92 0.00182841
9.94 0.00181475
9.96 0.00180122
9.98 0.00178782
10 0.00177454
10.02 0.00176139
10.04 0.00174835
10.06 0.00173545
10.08 0.00172266
10.1 0.00170999
10.12 0.00169743
10.14 0.001685
10.16 0.00167268
10.18 0.00166047
10.2 0.00164837
10.22 0.00163639
10.24 0.00162451
10.26 0.00161274
10.28 0.00160109
10.3 0.00158953
10.32 0.00157809
10.34 0.00156674
10.36 0.0015555
10.38 0.00154436
10.4 0.00153332
10.42 0.00152238
10.44 0.00151154
10.46 0.0015008
10.48 0.00149015
10.5 0.0014796
10.52 0.00146914
10.54 0.00145878
10.56 0.00144851
10.58 0.00143832
10.6 0.00142823
10.62 0.00141823
10.64 0.00140832
10.66 0.00139849
10.68 0.00138875
10.7 0.0013791
10.72 0.00136953
10.74 0.00136004
10.76 0.00135064
10.78 0.00134132
10.8 0.00133208
10.82 0.00132292
10.84 0.00131384
10.86 0.00130484
10.88 0.00129592
10.9 0.00128707
10.92 0.0012783
10.94 0.0012696
10.96 0.00126098
10.98 0.00125244
11 0.00124396
11.02 0.00123556
11.04 0.00122723
11.06 0.00121897
11.08 0.00121078
11.1 0.00120267
11.12 0.00119461
11.14 0.00118663
11.16 0.00117872
11.18 0.00117087
11.2 0.00116309
11.22 0.00115537
11.24 0.00114772
11.26 0.00114013
11.28 0.0011326
11.3 0.00112514
11.32 0.00111774
11.34 0.0011104
11.36 0.00110312
11.38 0.0010959
11.4 0.00108874
11.42 0.00108164
11.44 0.0010746
11.46 0.00106762
11.48 0.00106069
11.5 0.00105382
11.52 0.00104701
11.54 0.00104025
11.56 0.00103355
11.58 0.0010269
11.6 0.00102031
11.62 0.00101377
11.64 0.00100728
11.66 0.00100084
11.68 0.000994459
11.7 0.000988127
11.72 0.000981846
11.74 0.000975616
11.76 0.000969435
11.78 0.000963304
11.8 0.000957222
11.82 0.000951188
11.84 0.000945202
11.86 0.000939264
11.88 0.000933373
11.9 0.000927528
11.92 0.00092173
11.94 0.000915978
11.96 0.000910271
11.98 0.000904609
12 0.000898991
12.02 0.000893417
12.04 0.000887888
12.06 0.000882401
12.08 0.000876957
12.1 0.000871556
12.12 0.000866196
12.14 0.000860879
12.16 0.000855602
12.18 0.000850367
12.2 0.000845171
12.22 0.000840016
12.24 0.000834901
12.26 0.000829825
12.28 0.000824788
12.3 0.00081979
12.32 0.00081483
12.34 0.000809908
12.36 0.000805024
12.38 0.000800176
12.4 0.000795366
12.42 0.000790592
12.44 0.000785855
12.46 0.000781153
12.48 0.000776487
12.5 0.000771856
12.52 0.00076726
12.54 0.000762699
12.56 0.000758172
12.58 0.000753679
12.6 0.000749219
12.62 0.000744793
12.64 0.0007404
12.66 0.00073604
12.68 0.000731712
12.7 0.000727416
12.72 0.000723153
12.74 0.000718921
12.76 0.00071472
12.78 0.00071055
12.8 0.000706411
12.82 0.000702303
12.84 0.000698225
12.86 0.000694177
12.88 0.000690158
12.9 0.000686169
12.92 0.000682209
12.94 0.000678278
12.96 0.000674376
12.98 0.000670502
13 0.000666656
13.02 0.000662838
13.04 0.000659048
13.06 0.000655285
13.08 0.000651549
13.1 0.000647841
13.12 0.000644159
13.14 0.000640503
13.16 0.000636874
13.18 0.000633271
13.2 0.000629694
13.22 0.000626142
13.24 0.000622616
13.26 0.000619114
13.28 0.000615638
13.3 0.000612186
13.32 0.000608759
13.34 0.000605356
13.36 0.000601978
13.38 0.000598623
13.4 0.000595292
13.42 0.000591984
13.44 0.000588699
13.46 0.000585438
13.48 0.0005822
13.5 0.000578984
13.52 0.000575791
13.54 0.00057262
13.56 0.000569471
13.58 0.000566344
13.6 0.000563239
13.62 0.000560155
13.64 0.000557093
13.66 0.000554052
13.68 0.000551032
13.7 0.000548033
13.72 0.000545054
13.74 0.000542096
13.76 0.000539159
13.78 0.000536241
13.8 0.000533344
13.82 0.000530466
13.84 0.000527608
13.86 0.00052477
13.88 0.000521951
13.9 0.000519151
13.92 0.00051637
13.94 0.000513608
13.96 0.000510865
13.98 0.000508141
14 0.000505434
14.02 0.000502747
14.04 0.000500077
14.06 0.000497425
14.08 0.000494791
14.1 0.000492175
14.12 0.000489576
14.14 0.000486995
14.16 0.00048443
14.18 0.000481883
14.2 0.000479353
14.22 0.00047684
14.24 0.000474344
14.26 0.000471864
14.28 0.000469401
14.3 0.000466953
14.32 0.000464523
14.34 0.000462108
14.36 0.000459709
14.38 0.000457326
14.4 0.000454958
14.42 0.000452606
14.44 0.00045027
14.46 0.000447949
14.48 0.000445643
14.5 0.000443352
14.52 0.000441076
14.54 0.000438814
14.56 0.000436568
14.58 0.000434336
14.6 0.000432119
14.62 0.000429916
14.64 0.000427727
14.66 0.000425552
14.68 0.000423392
14.7 0.000421245
14.72 0.000419112
14.74 0.000416993
14.76 0.000414888
14.78 0.000412796
14.8 0.000410717
14.82 0.000408652
14.84 0.0004066
14.86 0.000404561
14.88 0.000402535
14.9 0.000400521
14.92 0.000398521
14.94 0.000396533
14.96 0.000394558
14.98 0.000392595
15 0.000390645
15.02 0.000388707
15.04 0.000386782
15.06 0.000384868
15.08 0.000382967
15.1 0.000381077
15.12 0.000379199
15.14 0.000377333
15.16 0.000375479
15.18 0.000373636
15.2 0.000371805
15.22 0.000369985
15.24 0.000368176
15.26 0.000366379
15.28 0.000364593
15.3 0.000362818
15.32 0.000361054
15.34 0.0003593
15.36 0.000357558
15.38 0.000355826
15.4 0.000354105
15.42 0.000352395
15.44 0.000350695
15.46 0.000349006
15.48 0.000347327
15.5 0.000345658
15.52 0.000343999
15.54 0.000342351
15.56 0.000340712
15.58 0.000339084
15.6 0.000337465
15.62 0.000335856
15.64 0.000334257
15.66 0.000332668
15.68 0.000331088
15.7 0.000329518
15.72 0.000327957
15.74 0.000326406
15.76 0.000324864
15.78 0.000323331
15.8 0.000321808
15.82 0.000320293
15.84 0.000318788
15.86 0.000317292
15.88 0.000315804
15.9 0.000314326
15.92 0.000312856
15.94 0.000311395
15.96 0.000309943
15.98 0.000308499
16 0.000307064
16.02 0.000305637
16.04 0.000304219
16.06 0.00030281
16.08 0.000301408
16.1 0.000300015
16.12 0.00029863
16.14 0.000297253
16.16 0.000295884
16.18 0.000294523
16.2 0.000293171
16.22 0.000291826
16.24 0.000290489
16.26 0.00028916
16.28 0.000287838
16.3 0.000286524
16.32 0.000285218
16.34 0.00028392
16.36 0.000282629
16.38 0.000281345
16.4 0.000280069
16.42 0.0002788
16.44 0.000277539
16.46 0.000276285
16.48 0.000275038
16.5 0.000273798
16.52 0.000272565
16.54 0.00027134
16.56 0.000270121
16.58 0.000268909
16.6 0.000267705
16.62 0.000266507
16.64 0.000265316
16.66 0.000264132
16.68 0.000262954
16.7 0.000261784
16.72 0.00026062
16.74 0.000259462
16.76 0.000258311
16.78 0.000257167
16.8 0.000256029
16.82 0.000254897
16.84 0.000253772
16.86 0.000252653
16.88 0.000251541
16.9 0.000250434
16.92 0.000249334
16.94 0.00024824
16.96 0.000247153
16.98 0.000246071
17 0.000244995
17.02 0.000243925
17.04 0.000242862
17.06 0.000241804
17.08 0.000240752
17.1 0.000239706
17.12 0.000238665
17.14 0.000237631
17.16 0.000236602
17.18 0.000235579
17.2 0.000234561
17.22 0.000233549
17.24 0.000232543
17.26 0.000231542
17.28 0.000230547
17.3 0.000229557
17.32 0.000228573
17.34 0.000227594
17.36 0.00022662
17.38 0.000225652
17.4 0.000224689
17.42 0.000223731
17.44 0.000222778
17.46 0.000221831
17.48 0.000220889
17.5 0.000219951
17.52 0.000219019
17.54 0.000218092
17.56 0.00021717
17.58 0.000216253
17.6 0.000215341
17.62 0.000214434
17.64 0.000213531
17.66 0.000212634
17.68 0.000211741
17.7 0.000210853
17.72 0.00020997
17.74 0.000209092
17.76 0.000208218
17.78 0.000207349
17.8 0.000206485
17.82 0.000205625
17.84 0.00020477
17.86 0.000203919
17.88 0.000203073
17.9 0.000202231
17.92 0.000201394
17.94 0.000200561
17.96 0.000199733
17.98 0.000198909
18 0.000198089
18.02 0.000197274
18.04 0.000196463
18.06 0.000195656
18.08 0.000194853
18.1 0.000194055
18.12 0.000193261
18.14 0.000192471
18.16 0.000191685
18.18 0.000190903
18.2 0.000190125
18.22 0.000189351
18.24 0.000188582
18.26 0.000187816
18.28 0.000187054
18.3 0.000186297
18.32 0.000185543
18.34 0.000184793
18.36 0.000184047
18.38 0.000183305
18.4 0.000182567
18.42 0.000181832
18.44 0.000181101
18.46 0.000180374
18.48 0.000179651
18.5 0.000178931
18.52 0.000178216
18.54 0.000177503
18.56 0.000176795
18.58 0.00017609
18.6 0.000175389
18.62 0.000174691
18.64 0.000173997
18.66 0.000173306
18.68 0.000172619
18.7 0.000171935
18.72 0.000171255
18.74 0.000170578
18.76 0.000169905
18.78 0.000169235
18.8 0.000168568
18.82 0.000167905
18.84 0.000167245
18.86 0.000166588
18.88 0.000165935
18.9 0.000165285
18.92 0.000164639
18.94 0.000163995
18.96 0.000163355
18.98 0.000162718
19 0.000162084
19.02 0.000161453
19.04 0.000160826
19.06 0.000160201
19.08 0.00015958
19.1 0.000158962
19.12 0.000158346
19.14 0.000157734
19.16 0.000157125
19.18 0.000156519
19.2 0.000155916
19.22 0.000155316
19.24 0.000154719
19.26 0.000154125
19.28 0.000153533
19.3 0.000152945
19.32 0.000152359
19.34 0.000151777
19.36 0.000151197
19.38 0.00015062
19.4 0.000150046
19.42 0.000149475
19.44 0.000148906
19.46 0.00014834
19.48 0.000147777
19.5 0.000147217
19.52 0.00014666
19.54 0.000146105
19.56 0.000145553
19.58 0.000145003
19.6 0.000144457
19.62 0.000143912
19.64 0.000143371
19.66 0.000142832
19.68 0.000142296
19.7 0.000141762
19.72 0.000141231
19.74 0.000140702
19.76 0.000140176
19.78 0.000139653
19.8 0.000139132
19.82 0.000138613
19.84 0.000138097
19.86 0.000137583
19.88 0.000137072
19.9 0.000136563
19.92 0.000136057
19.94 0.000135553
19.96 0.000135052
19.98 0.000134553
20 0.000134056
