0 1.11287e+15
1.23585e-08 1.11286e+15
2.47171e-08 1.11286e+15
3.70756e-08 1.11285e+15
4.94341e-08 1.11284e+15
6.17927e-08 1.11283e+15
7.41512e-08 1.11281e+15
8.65097e-08 1.11279e+15
9.88683e-08 1.11276e+15
1.11227e-07 1.11274e+15
1.23585e-07 1.11271e+15
1.35944e-07 1.11267e+15
1.48302e-07 1.11264e+15
1.60661e-07 1.1126e+15
1.73019e-07 1.11255e+15
1.85378e-07 1.11251e+15
1.97737e-07 1.11246e+15
2.10095e-07 1.11241e+15
2.22454e-07 1.11235e+15
2.34812e-07 1.11229e+15
2.47171e-07 1.11223e+15
2.59529e-07 1.11217e+15
2.71888e-07 1.1121e+15
2.84246e-07 1.11203e+15
2.96605e-07 1.11195e+15
3.08963e-07 1.11188e+15
3.21322e-07 1.11179e+15
3.3368e-07 1.11171e+15
3.46039e-07 1.11162e+15
3.58397e-07 1.11153e+15
3.70756e-07 1.11144e+15
3.83115e-07 1.11134e+15
3.95473e-07 1.11124e+15
4.07832e-07 1.11114e+15
4.2019e-07 1.11104e+15
4.32549e-07 1.11093e+15
4.44907e-07 1.11082e+15
4.57266e-07 1.1107e+15
4.69624e-07 1.11058e+15
4.81983e-07 1.11046e+15
4.94341e-07 1.11034e+15
5.067e-07 1.11021e+15
5.19058e-07 1.11008e+15
5.31417e-07 1.10994e+15
5.43775e-07 1.10981e+15
5.56134e-07 1.10967e+15
5.68493e-07 1.10952e+15
5.80851e-07 1.10938e+15
5.9321e-07 1.10923e+15
6.05568e-07 1.10908e+15
6.17927e-07 1.10892e+15
6.30285e-07 1.10876e+15
6.42644e-07 1.1086e+15
6.55002e-07 1.10844e+15
6.67361e-07 1.10827e+15
6.79719e-07 1.1081e+15
6.92078e-07 1.10792e+15
7.04436e-07 1.10775e+15
7.16795e-07 1.10757e+15
7.29153e-07 1.10738e+15
7.41512e-07 1.1072e+15
7.53871e-07 1.10701e+15
7.66229e-07 1.10682e+15
7.78588e-07 1.10662e+15
7.90946e-07 1.10642e+15
8.03305e-07 1.10622e+15
8.15663e-07 1.10602e+15
8.28022e-07 1.10581e+15
8.4038e-07 1.1056e+15
8.52739e-07 1.10539e+15
8.65097e-07 1.10517e+15
8.77456e-07 1.10495e+15
8.89814e-07 1.10473e+15
9.02173e-07 1.1045e+15
9.14531e-07 1.10428e+15
9.2689e-07 1.10404e+15
9.39249e-07 1.10381e+15
9.51607e-07 1.10357e+15
9.63966e-07 1.10333e+15
9.76324e-07 1.10309e+15
9.88683e-07 1.10285e+15
1.00104e-06 1.1026e+15
1.0134e-06 1.10234e+15
1.02576e-06 1.10209e+15
1.03812e-06 1.10183e+15
1.05048e-06 1.10157e+15
1.06283e-06 1.10131e+15
1.07519e-06 1.10104e+15
1.08755e-06 1.10077e+15
1.09991e-06 1.1005e+15
1.11227e-06 1.10023e+15
1.12463e-06 1.09995e+15
1.13699e-06 1.09967e+15
1.14934e-06 1.09938e+15
1.1617e-06 1.0991e+15
1.17406e-06 1.09881e+15
1.18642e-06 1.09852e+15
1.19878e-06 1.09822e+15
1.21114e-06 1.09792e+15
1.22349e-06 1.09762e+15
1.23585e-06 1.09732e+15
1.24821e-06 1.09701e+15
1.26057e-06 1.0967e+15
1.27293e-06 1.09639e+15
1.28529e-06 1.09608e+15
1.29765e-06 1.09576e+15
1.31e-06 1.09544e+15
1.32236e-06 1.09512e+15
1.33472e-06 1.09479e+15
1.34708e-06 1.09446e+15
1.35944e-06 1.09413e+15
1.3718e-06 1.0938e+15
1.38416e-06 1.09346e+15
1.39651e-06 1.09312e+15
1.40887e-06 1.09278e+15
1.42123e-06 1.09244e+15
1.43359e-06 1.09209e+15
1.44595e-06 1.09174e+15
1.45831e-06 1.09138e+15
1.47067e-06 1.09103e+15
1.48302e-06 1.09067e+15
1.49538e-06 1.09031e+15
1.50774e-06 1.08995e+15
1.5201e-06 1.08958e+15
1.53246e-06 1.08921e+15
1.54482e-06 1.08884e+15
1.55718e-06 1.08846e+15
1.56953e-06 1.08809e+15
1.58189e-06 1.08771e+15
1.59425e-06 1.08733e+15
1.60661e-06 1.08694e+15
1.61897e-06 1.08655e+15
1.63133e-06 1.08616e+15
1.64368e-06 1.08577e+15
1.65604e-06 1.08538e+15
1.6684e-06 1.08498e+15
1.68076e-06 1.08458e+15
1.69312e-06 1.08418e+15
1.70548e-06 1.08377e+15
1.71784e-06 1.08336e+15
1.73019e-06 1.08295e+15
1.74255e-06 1.08254e+15
1.75491e-06 1.08212e+15
1.76727e-06 1.08171e+15
1.77963e-06 1.08129e+15
1.79199e-06 1.08086e+15
1.80435e-06 1.08044e+15
1.8167e-06 1.08001e+15
1.82906e-06 1.07958e+15
1.84142e-06 1.07915e+15
1.85378e-06 1.07871e+15
1.86614e-06 1.07827e+15
1.8785e-06 1.07783e+15
1.89086e-06 1.07739e+15
1.90321e-06 1.07695e+15
1.91557e-06 1.0765e+15
1.92793e-06 1.07605e+15
1.94029e-06 1.0756e+15
1.95265e-06 1.07514e+15
1.96501e-06 1.07468e+15
1.97737e-06 1.07423e+15
1.98972e-06 1.07376e+15
2.00208e-06 1.0733e+15
2.01444e-06 1.07283e+15
2.0268e-06 1.07236e+15
2.03916e-06 1.07189e+15
2.05152e-06 1.07142e+15
2.06388e-06 1.07094e+15
2.07623e-06 1.07047e+15
2.08859e-06 1.06999e+15
2.10095e-06 1.0695e+15
2.11331e-06 1.06902e+15
2.12567e-06 1.06853e+15
2.13803e-06 1.06804e+15
2.15038e-06 1.06755e+15
2.16274e-06 1.06706e+15
2.1751e-06 1.06656e+15
2.18746e-06 1.06606e+15
2.19982e-06 1.06556e+15
2.21218e-06 1.06506e+15
2.22454e-06 1.06455e+15
2.23689e-06 1.06404e+15
2.24925e-06 1.06354e+15
2.26161e-06 1.06302e+15
2.27397e-06 1.06251e+15
2.28633e-06 1.06199e+15
2.29869e-06 1.06148e+15
2.31105e-06 1.06095e+15
2.3234e-06 1.06043e+15
2.33576e-06 1.05991e+15
2.34812e-06 1.05938e+15
2.36048e-06 1.05885e+15
2.37284e-06 1.05832e+15
2.3852e-06 1.05779e+15
2.39756e-06 1.05725e+15
2.40991e-06 1.05671e+15
2.42227e-06 1.05617e+15
2.43463e-06 1.05563e+15
2.44699e-06 1.05509e+15
2.45935e-06 1.05454e+15
2.47171e-06 1.054e+15
2.48407e-06 1.05345e+15
2.49642e-06 1.05289e+15
2.50878e-06 1.05234e+15
2.52114e-06 1.05178e+15
2.5335e-06 1.05123e+15
2.54586e-06 1.05067e+15
2.55822e-06 1.0501e+15
2.57057e-06 1.04954e+15
2.58293e-06 1.04897e+15
2.59529e-06 1.04841e+15
2.60765e-06 1.04784e+15
2.62001e-06 1.04726e+15
2.63237e-06 1.04669e+15
2.64473e-06 1.04611e+15
2.65708e-06 1.04554e+15
2.66944e-06 1.04496e+15
2.6818e-06 1.04438e+15
2.69416e-06 1.04379e+15
2.70652e-06 1.04321e+15
2.71888e-06 1.04262e+15
2.73124e-06 1.04203e+15
2.74359e-06 1.04144e+15
2.75595e-06 1.04085e+15
2.76831e-06 1.04025e+15
2.78067e-06 1.03965e+15
2.79303e-06 1.03905e+15
2.80539e-06 1.03845e+15
2.81775e-06 1.03785e+15
2.8301e-06 1.03725e+15
2.84246e-06 1.03664e+15
2.85482e-06 1.03603e+15
2.86718e-06 1.03542e+15
2.87954e-06 1.03481e+15
2.8919e-06 1.0342e+15
2.90426e-06 1.03358e+15
2.91661e-06 1.03297e+15
2.92897e-06 1.03235e+15
2.94133e-06 1.03173e+15
2.95369e-06 1.0311e+15
2.96605e-06 1.03048e+15
2.97841e-06 1.02985e+15
2.99076e-06 1.02923e+15
3.00312e-06 1.0286e+15
3.01548e-06 1.02797e+15
3.02784e-06 1.02733e+15
3.0402e-06 1.0267e+15
3.05256e-06 1.02606e+15
3.06492e-06 1.02542e+15
3.07727e-06 1.02478e+15
3.08963e-06 1.02414e+15
3.10199e-06 1.0235e+15
3.11435e-06 1.02285e+15
3.12671e-06 1.02221e+15
3.13907e-06 1.02156e+15
3.15143e-06 1.02091e+15
3.16378e-06 1.02026e+15
3.17614e-06 1.0196e+15
3.1885e-06 1.01895e+15
3.20086e-06 1.01829e+15
3.21322e-06 1.01763e+15
3.22558e-06 1.01697e+15
3.23794e-06 1.01631e+15
3.25029e-06 1.01565e+15
3.26265e-06 1.01498e+15
3.27501e-06 1.01432e+15
3.28737e-06 1.01365e+15
3.29973e-06 1.01298e+15
3.31209e-06 1.01231e+15
3.32445e-06 1.01164e+15
3.3368e-06 1.01096e+15
3.34916e-06 1.01029e+15
3.36152e-06 1.00961e+15
3.37388e-06 1.00893e+15
3.38624e-06 1.00825e+15
3.3986e-06 1.00757e+15
3.41096e-06 1.00688e+15
3.42331e-06 1.0062e+15
3.43567e-06 1.00551e+15
3.44803e-06 1.00482e+15
3.46039e-06 1.00413e+15
3.47275e-06 1.00344e+15
3.48511e-06 1.00275e+15
3.49746e-06 1.00205e+15
3.50982e-06 1.00136e+15
3.52218e-06 1.00066e+15
3.53454e-06 9.9996e+14
3.5469e-06 9.9926e+14
3.55926e-06 9.98558e+14
3.57162e-06 9.97854e+14
3.58397e-06 9.97149e+14
3.59633e-06 9.96443e+14
3.60869e-06 9.95735e+14
3.62105e-06 9.95026e+14
3.63341e-06 9.94315e+14
3.64577e-06 9.93602e+14
3.65813e-06 9.92889e+14
3.67048e-06 9.92173e+14
3.68284e-06 9.91457e+14
3.6952e-06 9.90739e+14
3.70756e-06 9.90019e+14
3.71992e-06 9.89298e+14
3.73228e-06 9.88576e+14
3.74464e-06 9.87852e+14
3.75699e-06 9.87127e+14
3.76935e-06 9.864e+14
3.78171e-06 9.85672e+14
3.79407e-06 9.84943e+14
3.80643e-06 9.84212e+14
3.81879e-06 9.8348e+14
3.83115e-06 9.82746e+14
3.8435e-06 9.82011e+14
3.85586e-06 9.81275e+14
3.86822e-06 9.80537e+14
3.88058e-06 9.79798e+14
3.89294e-06 9.79058e+14
3.9053e-06 9.78316e+14
3.91765e-06 9.77573e+14
3.93001e-06 9.76828e+14
3.94237e-06 9.76083e+14
3.95473e-06 9.75335e+14
3.96709e-06 9.74587e+14
3.97945e-06 9.73837e+14
3.99181e-06 9.73086e+14
4.00416e-06 9.72333e+14
4.01652e-06 9.7158e+14
4.02888e-06 9.70824e+14
4.04124e-06 9.70068e+14
4.0536e-06 9.6931e+14
4.06596e-06 9.68551e+14
4.07832e-06 9.67791e+14
4.09067e-06 9.67029e+14
4.10303e-06 9.66266e+14
4.11539e-06 9.65502e+14
4.12775e-06 9.64737e+14
4.14011e-06 9.6397e+14
4.15247e-06 9.63202e+14
4.16483e-06 9.62432e+14
4.17718e-06 9.61662e+14
4.18954e-06 9.6089e+14
4.2019e-06 9.60117e+14
4.21426e-06 9.59342e+14
4.22662e-06 9.58567e+14
4.23898e-06 9.5779e+14
4.25134e-06 9.57011e+14
4.26369e-06 9.56232e+14
4.27605e-06 9.55451e+14
4.28841e-06 9.5467e+14
4.30077e-06 9.53886e+14
4.31313e-06 9.53102e+14
4.32549e-06 9.52317e+14
4.33785e-06 9.5153e+14
4.3502e-06 9.50742e+14
4.36256e-06 9.49953e+14
4.37492e-06 9.49162e+14
4.38728e-06 9.4837e+14
4.39964e-06 9.47578e+14
4.412e-06 9.46784e+14
4.42435e-06 9.45988e+14
4.43671e-06 9.45192e+14
4.44907e-06 9.44394e+14
4.46143e-06 9.43595e+14
4.47379e-06 9.42795e+14
4.48615e-06 9.41994e+14
4.49851e-06 9.41192e+14
4.51086e-06 9.40388e+14
4.52322e-06 9.39584e+14
4.53558e-06 9.38778e+14
4.54794e-06 9.37971e+14
4.5603e-06 9.37162e+14
4.57266e-06 9.36353e+14
4.58502e-06 9.35543e+14
4.59737e-06 9.34731e+14
4.60973e-06 9.33918e+14
4.62209e-06 9.33104e+14
4.63445e-06 9.32289e+14
4.64681e-06 9.31473e+14
4.65917e-06 9.30655e+14
4.67153e-06 9.29837e+14
4.68388e-06 9.29017e+14
4.69624e-06 9.28197e+14
4.7086e-06 9.27375e+14
4.72096e-06 9.26552e+14
4.73332e-06 9.25728e+14
4.74568e-06 9.24902e+14
4.75804e-06 9.24076e+14
4.77039e-06 9.23248e+14
4.78275e-06 9.2242e+14
4.79511e-06 9.2159e+14
4.80747e-06 9.20759e+14
4.81983e-06 9.19928e+14
4.83219e-06 9.19095e+14
4.84454e-06 9.18261e+14
4.8569e-06 9.17426e+14
4.86926e-06 9.16589e+14
4.88162e-06 9.15752e+14
4.89398e-06 9.14914e+14
4.90634e-06 9.14074e+14
4.9187e-06 9.13234e+14
4.93105e-06 9.12392e+14
4.94341e-06 9.1155e+14
4.95577e-06 9.10706e+14
4.96813e-06 9.09861e+14
4.98049e-06 9.09015e+14
4.99285e-06 9.08168e+14
5.00521e-06 9.07321e+14
5.01756e-06 9.06472e+14
5.02992e-06 9.05622e+14
5.04228e-06 9.04771e+14
5.05464e-06 9.03918e+14
5.067e-06 9.03065e+14
5.07936e-06 9.02211e+14
5.09172e-06 9.01356e+14
5.10407e-06 9.005e+14
5.11643e-06 8.99643e+14
5.12879e-06 8.98784e+14
5.14115e-06 8.97925e+14
5.15351e-06 8.97065e+14
5.16587e-06 8.96204e+14
5.17823e-06 8.95341e+14
5.19058e-06 8.94478e+14
5.20294e-06 8.93614e+14
5.2153e-06 8.92748e+14
5.22766e-06 8.91882e+14
5.24002e-06 8.91015e+14
5.25238e-06 8.90147e+14
5.26474e-06 8.89277e+14
5.27709e-06 8.88407e+14
5.28945e-06 8.87536e+14
5.30181e-06 8.86664e+14
5.31417e-06 8.85791e+14
5.32653e-06 8.84917e+14
5.33889e-06 8.84041e+14
5.35124e-06 8.83165e+14
5.3636e-06 8.82288e+14
5.37596e-06 8.8141e+14
5.38832e-06 8.80531e+14
5.40068e-06 8.79652e+14
5.41304e-06 8.78771e+14
5.4254e-06 8.77889e+14
5.43775e-06 8.77006e+14
5.45011e-06 8.76122e+14
5.46247e-06 8.75238e+14
5.47483e-06 8.74352e+14
5.48719e-06 8.73466e+14
5.49955e-06 8.72578e+14
5.51191e-06 8.7169e+14
5.52426e-06 8.70801e+14
5.53662e-06 8.69911e+14
5.54898e-06 8.6902e+14
5.56134e-06 8.68128e+14
5.5737e-06 8.67235e+14
5.58606e-06 8.66341e+14
5.59842e-06 8.65446e+14
5.61077e-06 8.64551e+14
5.62313e-06 8.63654e+14
5.63549e-06 8.62757e+14
5.64785e-06 8.61859e+14
5.66021e-06 8.60959e+14
5.67257e-06 8.60059e+14
5.68493e-06 8.59158e+14
5.69728e-06 8.58257e+14
5.70964e-06 8.57354e+14
5.722e-06 8.5645e+14
5.73436e-06 8.55546e+14
5.74672e-06 8.54641e+14
5.75908e-06 8.53734e+14
5.77143e-06 8.52827e+14
5.78379e-06 8.5192e+14
5.79615e-06 8.51011e+14
5.80851e-06 8.50101e+14
5.82087e-06 8.49191e+14
5.83323e-06 8.4828e+14
5.84559e-06 8.47368e+14
5.85794e-06 8.46455e+14
5.8703e-06 8.45541e+14
5.88266e-06 8.44626e+14
5.89502e-06 8.43711e+14
5.90738e-06 8.42795e+14
5.91974e-06 8.41878e+14
5.9321e-06 8.4096e+14
5.94445e-06 8.40041e+14
5.95681e-06 8.39122e+14
5.96917e-06 8.38202e+14
5.98153e-06 8.37281e+14
5.99389e-06 8.36359e+14
6.00625e-06 8.35436e+14
6.01861e-06 8.34513e+14
6.03096e-06 8.33588e+14
6.04332e-06 8.32663e+14
6.05568e-06 8.31737e+14
6.06804e-06 8.30811e+14
6.0804e-06 8.29884e+14
6.09276e-06 8.28955e+14
6.10512e-06 8.28027e+14
6.11747e-06 8.27097e+14
6.12983e-06 8.26166e+14
6.14219e-06 8.25235e+14
6.15455e-06 8.24303e+14
6.16691e-06 8.23371e+14
6.17927e-06 8.22437e+14
6.19163e-06 8.21503e+14
6.20398e-06 8.20568e+14
6.21634e-06 8.19633e+14
6.2287e-06 8.18696e+14
6.24106e-06 8.17759e+14
6.25342e-06 8.16821e+14
6.26578e-06 8.15883e+14
6.27813e-06 8.14944e+14
6.29049e-06 8.14004e+14
6.30285e-06 8.13063e+14
6.31521e-06 8.12122e+14
6.32757e-06 8.1118e+14
6.33993e-06 8.10237e+14
6.35229e-06 8.09293e+14
6.36464e-06 8.08349e+14
6.377e-06 8.07404e+14
6.38936e-06 8.06459e+14
6.40172e-06 8.05512e+14
6.41408e-06 8.04566e+14
6.42644e-06 8.03618e+14
6.4388e-06 8.0267e+14
6.45115e-06 8.01721e+14
6.46351e-06 8.00771e+14
6.47587e-06 7.99821e+14
6.48823e-06 7.9887e+14
6.50059e-06 7.97919e+14
6.51295e-06 7.96966e+14
6.52531e-06 7.96014e+14
6.53766e-06 7.9506e+14
6.55002e-06 7.94106e+14
6.56238e-06 7.93151e+14
6.57474e-06 7.92196e+14
6.5871e-06 7.9124e+14
6.59946e-06 7.90283e+14
6.61182e-06 7.89326e+14
6.62417e-06 7.88368e+14
6.63653e-06 7.8741e+14
6.64889e-06 7.86451e+14
6.66125e-06 7.85491e+14
6.67361e-06 7.84531e+14
6.68597e-06 7.8357e+14
6.69832e-06 7.82608e+14
6.71068e-06 7.81646e+14
6.72304e-06 7.80684e+14
6.7354e-06 7.7972e+14
6.74776e-06 7.78757e+14
6.76012e-06 7.77792e+14
6.77248e-06 7.76827e+14
6.78483e-06 7.75862e+14
6.79719e-06 7.74896e+14
6.80955e-06 7.73929e+14
6.82191e-06 7.72962e+14
6.83427e-06 7.71994e+14
6.84663e-06 7.71026e+14
6.85899e-06 7.70057e+14
6.87134e-06 7.69088e+14
6.8837e-06 7.68118e+14
6.89606e-06 7.67147e+14
6.90842e-06 7.66176e+14
6.92078e-06 7.65205e+14
6.93314e-06 7.64233e+14
6.9455e-06 7.6326e+14
6.95785e-06 7.62287e+14
6.97021e-06 7.61313e+14
6.98257e-06 7.60339e+14
6.99493e-06 7.59365e+14
7.00729e-06 7.5839e+14
7.01965e-06 7.57414e+14
7.03201e-06 7.56438e+14
7.04436e-06 7.55461e+14
7.05672e-06 7.54484e+14
7.06908e-06 7.53507e+14
7.08144e-06 7.52529e+14
7.0938e-06 7.5155e+14
7.10616e-06 7.50571e+14
7.11852e-06 7.49592e+14
7.13087e-06 7.48612e+14
7.14323e-06 7.47632e+14
7.15559e-06 7.46651e+14
7.16795e-06 7.4567e+14
7.18031e-06 7.44688e+14
7.19267e-06 7.43706e+14
7.20502e-06 7.42723e+14
7.21738e-06 7.4174e+14
7.22974e-06 7.40757e+14
7.2421e-06 7.39773e+14
7.25446e-06 7.38788e+14
7.26682e-06 7.37804e+14
7.27918e-06 7.36818e+14
7.29153e-06 7.35833e+14
7.30389e-06 7.34847e+14
7.31625e-06 7.3386e+14
7.32861e-06 7.32874e+14
7.34097e-06 7.31886e+14
7.35333e-06 7.30899e+14
7.36569e-06 7.29911e+14
7.37804e-06 7.28922e+14
7.3904e-06 7.27934e+14
7.40276e-06 7.26944e+14
7.41512e-06 7.25955e+14
7.42748e-06 7.24965e+14
7.43984e-06 7.23975e+14
7.4522e-06 7.22984e+14
7.46455e-06 7.21993e+14
7.47691e-06 7.21001e+14
7.48927e-06 7.2001e+14
7.50163e-06 7.19018e+14
7.51399e-06 7.18025e+14
7.52635e-06 7.17032e+14
7.53871e-06 7.16039e+14
7.55106e-06 7.15046e+14
7.56342e-06 7.14052e+14
7.57578e-06 7.13058e+14
7.58814e-06 7.12063e+14
7.6005e-06 7.11068e+14
7.61286e-06 7.10073e+14
7.62521e-06 7.09077e+14
7.63757e-06 7.08082e+14
7.64993e-06 7.07085e+14
7.66229e-06 7.06089e+14
7.67465e-06 7.05092e+14
7.68701e-06 7.04095e+14
7.69937e-06 7.03098e+14
7.71172e-06 7.021e+14
7.72408e-06 7.01102e+14
7.73644e-06 7.00104e+14
7.7488e-06 6.99105e+14
7.76116e-06 6.98107e+14
7.77352e-06 6.97107e+14
7.78588e-06 6.96108e+14
7.79823e-06 6.95108e+14
7.81059e-06 6.94108e+14
7.82295e-06 6.93108e+14
7.83531e-06 6.92108e+14
7.84767e-06 6.91107e+14
7.86003e-06 6.90106e+14
7.87239e-06 6.89105e+14
7.88474e-06 6.88103e+14
7.8971e-06 6.87101e+14
7.90946e-06 6.86099e+14
7.92182e-06 6.85097e+14
7.93418e-06 6.84095e+14
7.94654e-06 6.83092e+14
7.9589e-06 6.82089e+14
7.97125e-06 6.81086e+14
7.98361e-06 6.80082e+14
7.99597e-06 6.79079e+14
8.00833e-06 6.78075e+14
8.02069e-06 6.77071e+14
8.03305e-06 6.76066e+14
8.04541e-06 6.75062e+14
8.05776e-06 6.74057e+14
8.07012e-06 6.73052e+14
8.08248e-06 6.72047e+14
8.09484e-06 6.71042e+14
8.1072e-06 6.70036e+14
8.11956e-06 6.6903e+14
8.13191e-06 6.68024e+14
8.14427e-06 6.67018e+14
8.15663e-06 6.66012e+14
8.16899e-06 6.65005e+14
8.18135e-06 6.63998e+14
8.19371e-06 6.62991e+14
8.20607e-06 6.61984e+14
8.21842e-06 6.60977e+14
8.23078e-06 6.5997e+14
8.24314e-06 6.58962e+14
8.2555e-06 6.57954e+14
8.26786e-06 6.56946e+14
8.28022e-06 6.55938e+14
8.29258e-06 6.5493e+14
8.30493e-06 6.53922e+14
8.31729e-06 6.52913e+14
8.32965e-06 6.51904e+14
8.34201e-06 6.50896e+14
8.35437e-06 6.49887e+14
8.36673e-06 6.48877e+14
8.37909e-06 6.47868e+14
8.39144e-06 6.46859e+14
8.4038e-06 6.45849e+14
8.41616e-06 6.44839e+14
8.42852e-06 6.4383e+14
8.44088e-06 6.4282e+14
8.45324e-06 6.41809e+14
8.4656e-06 6.40799e+14
8.47795e-06 6.39789e+14
8.49031e-06 6.38778e+14
8.50267e-06 6.37768e+14
8.51503e-06 6.36757e+14
8.52739e-06 6.35746e+14
8.53975e-06 6.34736e+14
8.5521e-06 6.33725e+14
8.56446e-06 6.32713e+14
8.57682e-06 6.31702e+14
8.58918e-06 6.30691e+14
8.60154e-06 6.2968e+14
8.6139e-06 6.28668e+14
8.62626e-06 6.27656e+14
8.63861e-06 6.26645e+14
8.65097e-06 6.25633e+14
8.66333e-06 6.24621e+14
8.67569e-06 6.23609e+14
8.68805e-06 6.22597e+14
8.70041e-06 6.21585e+14
8.71277e-06 6.20573e+14
8.72512e-06 6.19561e+14
8.73748e-06 6.18548e+14
8.74984e-06 6.17536e+14
8.7622e-06 6.16523e+14
8.77456e-06 6.15511e+14
8.78692e-06 6.14498e+14
8.79928e-06 6.13486e+14
8.81163e-06 6.12473e+14
8.82399e-06 6.1146e+14
8.83635e-06 6.10447e+14
8.84871e-06 6.09434e+14
8.86107e-06 6.08422e+14
8.87343e-06 6.07409e+14
8.88579e-06 6.06396e+14
8.89814e-06 6.05382e+14
8.9105e-06 6.04369e+14
8.92286e-06 6.03356e+14
8.93522e-06 6.02343e+14
8.94758e-06 6.0133e+14
8.95994e-06 6.00316e+14
8.97229e-06 5.99303e+14
8.98465e-06 5.9829e+14
8.99701e-06 5.97276e+14
9.00937e-06 5.96263e+14
9.02173e-06 5.9525e+14
9.03409e-06 5.94236e+14
9.04645e-06 5.93223e+14
9.0588e-06 5.92209e+14
9.07116e-06 5.91196e+14
9.08352e-06 5.90182e+14
9.09588e-06 5.89169e+14
9.10824e-06 5.88155e+14
9.1206e-06 5.87142e+14
9.13296e-06 5.86128e+14
9.14531e-06 5.85115e+14
9.15767e-06 5.84101e+14
9.17003e-06 5.83087e+14
9.18239e-06 5.82074e+14
9.19475e-06 5.8106e+14
9.20711e-06 5.80047e+14
9.21947e-06 5.79033e+14
9.23182e-06 5.7802e+14
9.24418e-06 5.77006e+14
9.25654e-06 5.75993e+14
9.2689e-06 5.74979e+14
9.28126e-06 5.73965e+14
9.29362e-06 5.72952e+14
9.30598e-06 5.71938e+14
9.31833e-06 5.70925e+14
9.33069e-06 5.69912e+14
9.34305e-06 5.68898e+14
9.35541e-06 5.67885e+14
9.36777e-06 5.66871e+14
9.38013e-06 5.65858e+14
9.39249e-06 5.64845e+14
9.40484e-06 5.63831e+14
9.4172e-06 5.62818e+14
9.42956e-06 5.61805e+14
9.44192e-06 5.60792e+14
9.45428e-06 5.59779e+14
9.46664e-06 5.58765e+14
9.47899e-06 5.57752e+14
9.49135e-06 5.56739e+14
9.50371e-06 5.55726e+14
9.51607e-06 5.54713e+14
9.52843e-06 5.537e+14
9.54079e-06 5.52688e+14
9.55315e-06 5.51675e+14
9.5655e-06 5.50662e+14
9.57786e-06 5.49649e+14
9.59022e-06 5.48637e+14
9.60258e-06 5.47624e+14
9.61494e-06 5.46612e+14
9.6273e-06 5.45599e+14
9.63966e-06 5.44587e+14
9.65201e-06 5.43574e+14
9.66437e-06 5.42562e+14
9.67673e-06 5.4155e+14
9.68909e-06 5.40538e+14
9.70145e-06 5.39526e+14
9.71381e-06 5.38514e+14
9.72617e-06 5.37502e+14
9.73852e-06 5.3649e+14
9.75088e-06 5.35478e+14
9.76324e-06 5.34466e+14
9.7756e-06 5.33455e+14
9.78796e-06 5.32443e+14
9.80032e-06 5.31432e+14
9.81268e-06 5.3042e+14
9.82503e-06 5.29409e+14
9.83739e-06 5.28398e+14
9.84975e-06 5.27387e+14
9.86211e-06 5.26375e+14
9.87447e-06 5.25365e+14
9.88683e-06 5.24354e+14
9.89918e-06 5.23343e+14
9.91154e-06 5.22332e+14
9.9239e-06 5.21322e+14
9.93626e-06 5.20311e+14
9.94862e-06 5.19301e+14
9.96098e-06 5.1829e+14
9.97334e-06 5.1728e+14
9.98569e-06 5.1627e+14
9.99805e-06 5.1526e+14
1.00104e-05 5.1425e+14
1.00228e-05 5.13241e+14
1.00351e-05 5.12231e+14
1.00475e-05 5.11221e+14
1.00598e-05 5.10212e+14
1.00722e-05 5.09203e+14
1.00846e-05 5.08194e+14
1.00969e-05 5.07185e+14
1.01093e-05 5.06176e+14
1.01216e-05 5.05167e+14
1.0134e-05 5.04158e+14
1.01464e-05 5.03149e+14
1.01587e-05 5.02141e+14
1.01711e-05 5.01133e+14
1.01834e-05 5.00125e+14
1.01958e-05 4.99116e+14
1.02081e-05 4.98109e+14
1.02205e-05 4.97101e+14
1.02329e-05 4.96093e+14
1.02452e-05 4.95086e+14
1.02576e-05 4.94078e+14
1.02699e-05 4.93071e+14
1.02823e-05 4.92064e+14
1.02947e-05 4.91057e+14
1.0307e-05 4.9005e+14
1.03194e-05 4.89043e+14
1.03317e-05 4.88037e+14
1.03441e-05 4.87031e+14
1.03565e-05 4.86024e+14
1.03688e-05 4.85018e+14
1.03812e-05 4.84012e+14
1.03935e-05 4.83007e+14
1.04059e-05 4.82001e+14
1.04182e-05 4.80996e+14
1.04306e-05 4.7999e+14
1.0443e-05 4.78985e+14
1.04553e-05 4.7798e+14
1.04677e-05 4.76975e+14
1.048e-05 4.75971e+14
1.04924e-05 4.74966e+14
1.05048e-05 4.73962e+14
1.05171e-05 4.72958e+14
1.05295e-05 4.71954e+14
1.05418e-05 4.7095e+14
1.05542e-05 4.69947e+14
1.05665e-05 4.68943e+14
1.05789e-05 4.6794e+14
1.05913e-05 4.66937e+14
1.06036e-05 4.65934e+14
1.0616e-05 4.64932e+14
1.06283e-05 4.63929e+14
1.06407e-05 4.62927e+14
1.06531e-05 4.61925e+14
1.06654e-05 4.60923e+14
1.06778e-05 4.59921e+14
1.06901e-05 4.5892e+14
1.07025e-05 4.57918e+14
1.07148e-05 4.56917e+14
1.07272e-05 4.55916e+14
1.07396e-05 4.54916e+14
1.07519e-05 4.53915e+14
1.07643e-05 4.52915e+14
1.07766e-05 4.51915e+14
1.0789e-05 4.50915e+14
1.08014e-05 4.49915e+14
1.08137e-05 4.48916e+14
1.08261e-05 4.47917e+14
1.08384e-05 4.46918e+14
1.08508e-05 4.45919e+14
1.08632e-05 4.4492e+14
1.08755e-05 4.43922e+14
1.08879e-05 4.42924e+14
1.09002e-05 4.41926e+14
1.09126e-05 4.40928e+14
1.09249e-05 4.39931e+14
1.09373e-05 4.38933e+14
1.09497e-05 4.37936e+14
1.0962e-05 4.3694e+14
1.09744e-05 4.35943e+14
1.09867e-05 4.34947e+14
1.09991e-05 4.33951e+14
1.10115e-05 4.32955e+14
1.10238e-05 4.31959e+14
1.10362e-05 4.30964e+14
1.10485e-05 4.29969e+14
1.10609e-05 4.28974e+14
1.10732e-05 4.2798e+14
1.10856e-05 4.26985e+14
1.1098e-05 4.25991e+14
1.11103e-05 4.24997e+14
1.11227e-05 4.24004e+14
1.1135e-05 4.23011e+14
1.11474e-05 4.22018e+14
1.11598e-05 4.21025e+14
1.11721e-05 4.20032e+14
1.11845e-05 4.1904e+14
1.11968e-05 4.18048e+14
1.12092e-05 4.17056e+14
1.12215e-05 4.16065e+14
1.12339e-05 4.15074e+14
1.12463e-05 4.14083e+14
1.12586e-05 4.13092e+14
1.1271e-05 4.12102e+14
1.12833e-05 4.11112e+14
1.12957e-05 4.10122e+14
1.13081e-05 4.09133e+14
1.13204e-05 4.08144e+14
1.13328e-05 4.07155e+14
1.13451e-05 4.06166e+14
1.13575e-05 4.05178e+14
1.13699e-05 4.0419e+14
1.13822e-05 4.03202e+14
1.13946e-05 4.02215e+14
1.14069e-05 4.01227e+14
1.14193e-05 4.00241e+14
1.14316e-05 3.99254e+14
1.1444e-05 3.98268e+14
1.14564e-05 3.97282e+14
1.14687e-05 3.96296e+14
1.14811e-05 3.95311e+14
1.14934e-05 3.94326e+14
1.15058e-05 3.93341e+14
1.15182e-05 3.92357e+14
1.15305e-05 3.91373e+14
1.15429e-05 3.90389e+14
1.15552e-05 3.89406e+14
1.15676e-05 3.88423e+14
1.15799e-05 3.8744e+14
1.15923e-05 3.86458e+14
1.16047e-05 3.85476e+14
1.1617e-05 3.84494e+14
1.16294e-05 3.83513e+14
1.16417e-05 3.82532e+14
1.16541e-05 3.81551e+14
1.16665e-05 3.8057e+14
1.16788e-05 3.7959e+14
1.16912e-05 3.78611e+14
1.17035e-05 3.77631e+14
1.17159e-05 3.76652e+14
1.17282e-05 3.75674e+14
1.17406e-05 3.74695e+14
1.1753e-05 3.73717e+14
1.17653e-05 3.7274e+14
1.17777e-05 3.71763e+14
1.179e-05 3.70786e+14
1.18024e-05 3.69809e+14
1.18148e-05 3.68833e+14
1.18271e-05 3.67857e+14
1.18395e-05 3.66882e+14
1.18518e-05 3.65907e+14
1.18642e-05 3.64932e+14
1.18766e-05 3.63958e+14
1.18889e-05 3.62984e+14
1.19013e-05 3.6201e+14
1.19136e-05 3.61037e+14
1.1926e-05 3.60064e+14
1.19383e-05 3.59092e+14
1.19507e-05 3.5812e+14
1.19631e-05 3.57148e+14
1.19754e-05 3.56177e+14
1.19878e-05 3.55206e+14
1.20001e-05 3.54235e+14
1.20125e-05 3.53265e+14
1.20249e-05 3.52295e+14
1.20372e-05 3.51326e+14
1.20496e-05 3.50357e+14
1.20619e-05 3.49388e+14
1.20743e-05 3.4842e+14
1.20866e-05 3.47453e+14
1.2099e-05 3.46485e+14
1.21114e-05 3.45518e+14
1.21237e-05 3.44552e+14
1.21361e-05 3.43586e+14
1.21484e-05 3.4262e+14
1.21608e-05 3.41655e+14
1.21732e-05 3.4069e+14
1.21855e-05 3.39725e+14
1.21979e-05 3.38761e+14
1.22102e-05 3.37798e+14
1.22226e-05 3.36834e+14
1.22349e-05 3.35872e+14
1.22473e-05 3.34909e+14
1.22597e-05 3.33947e+14
1.2272e-05 3.32986e+14
1.22844e-05 3.32025e+14
1.22967e-05 3.31064e+14
1.23091e-05 3.30104e+14
1.23215e-05 3.29144e+14
1.23338e-05 3.28185e+14
1.23462e-05 3.27226e+14
1.23585e-05 3.26268e+14
1.23709e-05 3.2531e+14
1.23833e-05 3.24352e+14
1.23956e-05 3.23395e+14
1.2408e-05 3.22438e+14
1.24203e-05 3.21482e+14
1.24327e-05 3.20526e+14
1.2445e-05 3.19571e+14
1.24574e-05 3.18616e+14
1.24698e-05 3.17662e+14
1.24821e-05 3.16708e+14
1.24945e-05 3.15754e+14
1.25068e-05 3.14801e+14
1.25192e-05 3.13849e+14
1.25316e-05 3.12896e+14
1.25439e-05 3.11945e+14
1.25563e-05 3.10994e+14
1.25686e-05 3.10043e+14
1.2581e-05 3.09093e+14
1.25933e-05 3.08143e+14
1.26057e-05 3.07194e+14
1.26181e-05 3.06245e+14
1.26304e-05 3.05296e+14
1.26428e-05 3.04349e+14
1.26551e-05 3.03401e+14
1.26675e-05 3.02454e+14
1.26799e-05 3.01508e+14
1.26922e-05 3.00562e+14
1.27046e-05 2.99616e+14
1.27169e-05 2.98671e+14
1.27293e-05 2.97727e+14
1.27416e-05 2.96783e+14
1.2754e-05 2.95839e+14
1.27664e-05 2.94896e+14
1.27787e-05 2.93954e+14
1.27911e-05 2.93012e+14
1.28034e-05 2.9207e+14
1.28158e-05 2.91129e+14
1.28282e-05 2.90189e+14
1.28405e-05 2.89249e+14
1.28529e-05 2.88309e+14
1.28652e-05 2.8737e+14
1.28776e-05 2.86432e+14
1.28899e-05 2.85494e+14
1.29023e-05 2.84556e+14
1.29147e-05 2.83619e+14
1.2927e-05 2.82683e+14
1.29394e-05 2.81747e+14
1.29517e-05 2.80811e+14
1.29641e-05 2.79876e+14
1.29765e-05 2.78942e+14
1.29888e-05 2.78008e+14
1.30012e-05 2.77075e+14
1.30135e-05 2.76142e+14
1.30259e-05 2.75209e+14
1.30383e-05 2.74277e+14
1.30506e-05 2.73346e+14
1.3063e-05 2.72415e+14
1.30753e-05 2.71485e+14
1.30877e-05 2.70555e+14
1.31e-05 2.69626e+14
1.31124e-05 2.68697e+14
1.31248e-05 2.67769e+14
1.31371e-05 2.66842e+14
1.31495e-05 2.65915e+14
1.31618e-05 2.64988e+14
1.31742e-05 2.64062e+14
1.31866e-05 2.63136e+14
1.31989e-05 2.62211e+14
1.32113e-05 2.61287e+14
1.32236e-05 2.60363e+14
1.3236e-05 2.5944e+14
1.32483e-05 2.58517e+14
1.32607e-05 2.57595e+14
1.32731e-05 2.56673e+14
1.32854e-05 2.55752e+14
1.32978e-05 2.54831e+14
1.33101e-05 2.53911e+14
1.33225e-05 2.52992e+14
1.33349e-05 2.52073e+14
1.33472e-05 2.51154e+14
1.33596e-05 2.50236e+14
1.33719e-05 2.49319e+14
1.33843e-05 2.48402e+14
1.33966e-05 2.47486e+14
1.3409e-05 2.4657e+14
1.34214e-05 2.45655e+14
1.34337e-05 2.44741e+14
1.34461e-05 2.43827e+14
1.34584e-05 2.42913e+14
1.34708e-05 2.42e+14
1.34832e-05 2.41088e+14
1.34955e-05 2.40176e+14
1.35079e-05 2.39265e+14
1.35202e-05 2.38354e+14
1.35326e-05 2.37444e+14
1.3545e-05 2.36535e+14
1.35573e-05 2.35626e+14
1.35697e-05 2.34718e+14
1.3582e-05 2.3381e+14
1.35944e-05 2.32903e+14
1.36067e-05 2.31996e+14
1.36191e-05 2.3109e+14
1.36315e-05 2.30184e+14
1.36438e-05 2.29279e+14
1.36562e-05 2.28375e+14
1.36685e-05 2.27471e+14
1.36809e-05 2.26568e+14
1.36933e-05 2.25665e+14
1.37056e-05 2.24763e+14
1.3718e-05 2.23862e+14
1.37303e-05 2.22961e+14
1.37427e-05 2.2206e+14
1.3755e-05 2.2116e+14
1.37674e-05 2.20261e+14
1.37798e-05 2.19363e+14
1.37921e-05 2.18465e+14
1.38045e-05 2.17567e+14
1.38168e-05 2.1667e+14
1.38292e-05 2.15774e+14
1.38416e-05 2.14878e+14
1.38539e-05 2.13983e+14
1.38663e-05 2.13089e+14
1.38786e-05 2.12195e+14
1.3891e-05 2.11301e+14
1.39033e-05 2.10409e+14
1.39157e-05 2.09516e+14
1.39281e-05 2.08625e+14
1.39404e-05 2.07734e+14
1.39528e-05 2.06843e+14
1.39651e-05 2.05953e+14
1.39775e-05 2.05064e+14
1.39899e-05 2.04176e+14
1.40022e-05 2.03288e+14
1.40146e-05 2.024e+14
1.40269e-05 2.01513e+14
1.40393e-05 2.00627e+14
1.40517e-05 1.99741e+14
1.4064e-05 1.98856e+14
1.40764e-05 1.97972e+14
1.40887e-05 1.97088e+14
1.41011e-05 1.96204e+14
1.41134e-05 1.95322e+14
1.41258e-05 1.9444e+14
1.41382e-05 1.93558e+14
1.41505e-05 1.92677e+14
1.41629e-05 1.91797e+14
1.41752e-05 1.90917e+14
1.41876e-05 1.90038e+14
1.42e-05 1.8916e+14
1.42123e-05 1.88282e+14
1.42247e-05 1.87404e+14
1.4237e-05 1.86528e+14
1.42494e-05 1.85652e+14
1.42617e-05 1.84776e+14
1.42741e-05 1.83901e+14
1.42865e-05 1.83027e+14
1.42988e-05 1.82153e+14
1.43112e-05 1.8128e+14
1.43235e-05 1.80408e+14
1.43359e-05 1.79536e+14
1.43483e-05 1.78665e+14
1.43606e-05 1.77794e+14
1.4373e-05 1.76924e+14
1.43853e-05 1.76055e+14
1.43977e-05 1.75186e+14
1.441e-05 1.74318e+14
1.44224e-05 1.7345e+14
1.44348e-05 1.72583e+14
1.44471e-05 1.71717e+14
1.44595e-05 1.70851e+14
1.44718e-05 1.69986e+14
1.44842e-05 1.69121e+14
1.44966e-05 1.68257e+14
1.45089e-05 1.67394e+14
1.45213e-05 1.66532e+14
1.45336e-05 1.65669e+14
1.4546e-05 1.64808e+14
1.45584e-05 1.63947e+14
1.45707e-05 1.63087e+14
1.45831e-05 1.62227e+14
1.45954e-05 1.61368e+14
1.46078e-05 1.6051e+14
1.46201e-05 1.59652e+14
1.46325e-05 1.58795e+14
1.46449e-05 1.57939e+14
1.46572e-05 1.57083e+14
1.46696e-05 1.56228e+14
1.46819e-05 1.55373e+14
1.46943e-05 1.54519e+14
1.47067e-05 1.53666e+14
1.4719e-05 1.52813e+14
1.47314e-05 1.51961e+14
1.47437e-05 1.51109e+14
1.47561e-05 1.50258e+14
1.47684e-05 1.49408e+14
1.47808e-05 1.48558e+14
1.47932e-05 1.47709e+14
1.48055e-05 1.46861e+14
1.48179e-05 1.46013e+14
1.48302e-05 1.45166e+14
1.48426e-05 1.4432e+14
1.4855e-05 1.43474e+14
1.48673e-05 1.42628e+14
1.48797e-05 1.41784e+14
1.4892e-05 1.4094e+14
1.49044e-05 1.40096e+14
1.49167e-05 1.39254e+14
1.49291e-05 1.38412e+14
1.49415e-05 1.3757e+14
1.49538e-05 1.36729e+14
1.49662e-05 1.35889e+14
1.49785e-05 1.35049e+14
1.49909e-05 1.34211e+14
1.50033e-05 1.33372e+14
1.50156e-05 1.32535e+14
1.5028e-05 1.31697e+14
1.50403e-05 1.30861e+14
1.50527e-05 1.30025e+14
1.50651e-05 1.2919e+14
1.50774e-05 1.28356e+14
1.50898e-05 1.27522e+14
1.51021e-05 1.26689e+14
1.51145e-05 1.25856e+14
1.51268e-05 1.25024e+14
1.51392e-05 1.24193e+14
1.51516e-05 1.23362e+14
1.51639e-05 1.22532e+14
1.51763e-05 1.21703e+14
1.51886e-05 1.20874e+14
1.5201e-05 1.20046e+14
1.52134e-05 1.19218e+14
1.52257e-05 1.18392e+14
1.52381e-05 1.17565e+14
1.52504e-05 1.1674e+14
1.52628e-05 1.15915e+14
1.52751e-05 1.15091e+14
1.52875e-05 1.14267e+14
1.52999e-05 1.13444e+14
1.53122e-05 1.12622e+14
1.53246e-05 1.118e+14
1.53369e-05 1.10979e+14
1.53493e-05 1.10159e+14
1.53617e-05 1.09339e+14
1.5374e-05 1.0852e+14
1.53864e-05 1.07702e+14
1.53987e-05 1.06884e+14
1.54111e-05 1.06067e+14
1.54234e-05 1.0525e+14
1.54358e-05 1.04434e+14
1.54482e-05 1.03619e+14
1.54605e-05 1.02805e+14
1.54729e-05 1.01991e+14
1.54852e-05 1.01178e+14
1.54976e-05 1.00365e+14
1.551e-05 9.95533e+13
1.55223e-05 9.87421e+13
1.55347e-05 9.79315e+13
1.5547e-05 9.71216e+13
1.55594e-05 9.63123e+13
1.55718e-05 9.55037e+13
1.55841e-05 9.46958e+13
1.55965e-05 9.38885e+13
1.56088e-05 9.30818e+13
1.56212e-05 9.22759e+13
1.56335e-05 9.14706e+13
1.56459e-05 9.06659e+13
1.56583e-05 8.9862e+13
1.56706e-05 8.90587e+13
1.5683e-05 8.8256e+13
1.56953e-05 8.7454e+13
1.57077e-05 8.66527e+13
1.57201e-05 8.5852e+13
1.57324e-05 8.5052e+13
1.57448e-05 8.42527e+13
1.57571e-05 8.34541e+13
1.57695e-05 8.26561e+13
1.57818e-05 8.18588e+13
1.57942e-05 8.10621e+13
1.58066e-05 8.02661e+13
1.58189e-05 7.94708e+13
1.58313e-05 7.86762e+13
1.58436e-05 7.78822e+13
1.5856e-05 7.70889e+13
1.58684e-05 7.62963e+13
1.58807e-05 7.55044e+13
1.58931e-05 7.47131e+13
1.59054e-05 7.39225e+13
1.59178e-05 7.31326e+13
1.59301e-05 7.23434e+13
1.59425e-05 7.15548e+13
1.59549e-05 7.07669e+13
1.59672e-05 6.99797e+13
1.59796e-05 6.91932e+13
1.59919e-05 6.84073e+13
1.60043e-05 6.76222e+13
1.60167e-05 6.68377e+13
1.6029e-05 6.60539e+13
1.60414e-05 6.52708e+13
1.60537e-05 6.44883e+13
1.60661e-05 6.37066e+13
1.60785e-05 6.29255e+13
1.60908e-05 6.21451e+13
1.61032e-05 6.13654e+13
1.61155e-05 6.05864e+13
1.61279e-05 5.98081e+13
1.61402e-05 5.90305e+13
1.61526e-05 5.82535e+13
1.6165e-05 5.74773e+13
1.61773e-05 5.67017e+13
1.61897e-05 5.59268e+13
1.6202e-05 5.51527e+13
1.62144e-05 5.43792e+13
1.62268e-05 5.36064e+13
1.62391e-05 5.28343e+13
1.62515e-05 5.20629e+13
1.62638e-05 5.12922e+13
1.62762e-05 5.05222e+13
1.62885e-05 4.97528e+13
1.63009e-05 4.89842e+13
1.63133e-05 4.82163e+13
1.63256e-05 4.74491e+13
1.6338e-05 4.66826e+13
1.63503e-05 4.59167e+13
1.63627e-05 4.51516e+13
1.63751e-05 4.43872e+13
1.63874e-05 4.36235e+13
1.63998e-05 4.28605e+13
1.64121e-05 4.20982e+13
1.64245e-05 4.13366e+13
1.64368e-05 4.05757e+13
1.64492e-05 3.98155e+13
1.64616e-05 3.9056e+13
1.64739e-05 3.82972e+13
1.64863e-05 3.75391e+13
1.64986e-05 3.67818e+13
1.6511e-05 3.60251e+13
1.65234e-05 3.52692e+13
1.65357e-05 3.45139e+13
1.65481e-05 3.37594e+13
1.65604e-05 3.30056e+13
1.65728e-05 3.22525e+13
1.65852e-05 3.15002e+13
1.65975e-05 3.07485e+13
1.66099e-05 2.99975e+13
1.66222e-05 2.92473e+13
1.66346e-05 2.84978e+13
1.66469e-05 2.7749e+13
1.66593e-05 2.70009e+13
1.66717e-05 2.62536e+13
1.6684e-05 2.55069e+13
1.66964e-05 2.4761e+13
1.67087e-05 2.40158e+13
1.67211e-05 2.32713e+13
1.67335e-05 2.25276e+13
1.67458e-05 2.17845e+13
1.67582e-05 2.10422e+13
1.67705e-05 2.03006e+13
1.67829e-05 1.95598e+13
1.67952e-05 1.88197e+13
1.68076e-05 1.80802e+13
1.682e-05 1.73416e+13
1.68323e-05 1.66036e+13
1.68447e-05 1.58664e+13
1.6857e-05 1.51299e+13
1.68694e-05 1.43941e+13
1.68818e-05 1.36591e+13
1.68941e-05 1.29248e+13
1.69065e-05 1.21912e+13
1.69188e-05 1.14584e+13
1.69312e-05 1.07263e+13
1.69435e-05 9.99493e+12
1.69559e-05 9.26429e+12
1.69683e-05 8.53439e+12
1.69806e-05 7.80523e+12
1.6993e-05 7.0768e+12
1.70053e-05 6.34911e+12
1.70177e-05 5.62216e+12
1.70301e-05 4.89594e+12
1.70424e-05 4.17047e+12
1.70548e-05 3.44573e+12
1.70671e-05 2.72173e+12
1.70795e-05 1.99848e+12
1.70919e-05 1.27596e+12
1.71042e-05 5.54193e+11
1.71166e-05 -1.66836e+11
1.71289e-05 -8.87122e+11
1.71413e-05 -1.60666e+12
1.71536e-05 -2.32546e+12
1.7166e-05 -3.04352e+12
1.71784e-05 -3.76082e+12
1.71907e-05 -4.47738e+12
1.72031e-05 -5.1932e+12
1.72154e-05 -5.90827e+12
1.72278e-05 -6.62259e+12
1.72402e-05 -7.33616e+12
1.72525e-05 -8.04898e+12
1.72649e-05 -8.76105e+12
1.72772e-05 -9.47237e+12
1.72896e-05 -1.01829e+13
1.73019e-05 -1.08928e+13
1.73143e-05 -1.16018e+13
1.73267e-05 -1.23102e+13
1.7339e-05 -1.30177e+13
1.73514e-05 -1.37245e+13
1.73637e-05 -1.44306e+13
1.73761e-05 -1.51359e+13
1.73885e-05 -1.58404e+13
1.74008e-05 -1.65442e+13
1.74132e-05 -1.72473e+13
1.74255e-05 -1.79496e+13
1.74379e-05 -1.86511e+13
1.74502e-05 -1.93518e+13
1.74626e-05 -2.00519e+13
1.7475e-05 -2.07511e+13
1.74873e-05 -2.14496e+13
1.74997e-05 -2.21473e+13
1.7512e-05 -2.28443e+13
1.75244e-05 -2.35405e+13
1.75368e-05 -2.4236e+13
1.75491e-05 -2.49307e+13
1.75615e-05 -2.56246e+13
1.75738e-05 -2.63178e+13
1.75862e-05 -2.70102e+13
1.75986e-05 -2.77018e+13
1.76109e-05 -2.83927e+13
1.76233e-05 -2.90829e+13
1.76356e-05 -2.97722e+13
1.7648e-05 -3.04608e+13
1.76603e-05 -3.11486e+13
1.76727e-05 -3.18357e+13
1.76851e-05 -3.2522e+13
1.76974e-05 -3.32075e+13
1.77098e-05 -3.38923e+13
1.77221e-05 -3.45763e+13
1.77345e-05 -3.52596e+13
1.77469e-05 -3.5942e+13
1.77592e-05 -3.66237e+13
1.77716e-05 -3.73047e+13
1.77839e-05 -3.79848e+13
1.77963e-05 -3.86642e+13
1.78086e-05 -3.93429e+13
1.7821e-05 -4.00207e+13
1.78334e-05 -4.06978e+13
1.78457e-05 -4.13742e+13
1.78581e-05 -4.20497e+13
1.78704e-05 -4.27245e+13
1.78828e-05 -4.33985e+13
1.78952e-05 -4.40718e+13
1.79075e-05 -4.47442e+13
1.79199e-05 -4.5416e+13
1.79322e-05 -4.60869e+13
1.79446e-05 -4.67571e+13
1.79569e-05 -4.74264e+13
1.79693e-05 -4.80951e+13
1.79817e-05 -4.87629e+13
1.7994e-05 -4.943e+13
1.80064e-05 -5.00963e+13
1.80187e-05 -5.07618e+13
1.80311e-05 -5.14266e+13
1.80435e-05 -5.20906e+13
1.80558e-05 -5.27538e+13
1.80682e-05 -5.34162e+13
1.80805e-05 -5.40779e+13
1.80929e-05 -5.47388e+13
1.81053e-05 -5.53989e+13
1.81176e-05 -5.60583e+13
1.813e-05 -5.67169e+13
1.81423e-05 -5.73747e+13
1.81547e-05 -5.80317e+13
1.8167e-05 -5.86879e+13
1.81794e-05 -5.93434e+13
1.81918e-05 -5.99981e+13
1.82041e-05 -6.0652e+13
1.82165e-05 -6.13052e+13
1.82288e-05 -6.19576e+13
1.82412e-05 -6.26092e+13
1.82536e-05 -6.326e+13
1.82659e-05 -6.39101e+13
1.82783e-05 -6.45593e+13
1.82906e-05 -6.52079e+13
1.8303e-05 -6.58556e+13
1.83153e-05 -6.65025e+13
1.83277e-05 -6.71487e+13
1.83401e-05 -6.77941e+13
1.83524e-05 -6.84387e+13
1.83648e-05 -6.90826e+13
1.83771e-05 -6.97257e+13
1.83895e-05 -7.0368e+13
1.84019e-05 -7.10095e+13
1.84142e-05 -7.16503e+13
1.84266e-05 -7.22902e+13
1.84389e-05 -7.29294e+13
1.84513e-05 -7.35679e+13
1.84636e-05 -7.42055e+13
1.8476e-05 -7.48424e+13
1.84884e-05 -7.54785e+13
1.85007e-05 -7.61138e+13
1.85131e-05 -7.67484e+13
1.85254e-05 -7.73821e+13
1.85378e-05 -7.80151e+13
1.85502e-05 -7.86474e+13
1.85625e-05 -7.92788e+13
1.85749e-05 -7.99095e+13
1.85872e-05 -8.05394e+13
1.85996e-05 -8.11685e+13
1.8612e-05 -8.17969e+13
1.86243e-05 -8.24244e+13
1.86367e-05 -8.30512e+13
1.8649e-05 -8.36773e+13
1.86614e-05 -8.43025e+13
1.86737e-05 -8.4927e+13
1.86861e-05 -8.55507e+13
1.86985e-05 -8.61736e+13
1.87108e-05 -8.67958e+13
1.87232e-05 -8.74172e+13
1.87355e-05 -8.80378e+13
1.87479e-05 -8.86576e+13
1.87603e-05 -8.92767e+13
1.87726e-05 -8.9895e+13
1.8785e-05 -9.05125e+13
1.87973e-05 -9.11292e+13
1.88097e-05 -9.17452e+13
1.8822e-05 -9.23604e+13
1.88344e-05 -9.29748e+13
1.88468e-05 -9.35884e+13
1.88591e-05 -9.42013e+13
1.88715e-05 -9.48134e+13
1.88838e-05 -9.54248e+13
1.88962e-05 -9.60353e+13
1.89086e-05 -9.66451e+13
1.89209e-05 -9.72541e+13
1.89333e-05 -9.78624e+13
1.89456e-05 -9.84698e+13
1.8958e-05 -9.90765e+13
1.89703e-05 -9.96825e+13
1.89827e-05 -1.00288e+14
1.89951e-05 -1.00892e+14
1.90074e-05 -1.01496e+14
1.90198e-05 -1.02099e+14
1.90321e-05 -1.02701e+14
1.90445e-05 -1.03302e+14
1.90569e-05 -1.03902e+14
1.90692e-05 -1.04502e+14
1.90816e-05 -1.05101e+14
1.90939e-05 -1.05699e+14
1.91063e-05 -1.06297e+14
1.91187e-05 -1.06894e+14
1.9131e-05 -1.0749e+14
1.91434e-05 -1.08085e+14
1.91557e-05 -1.08679e+14
1.91681e-05 -1.09273e+14
1.91804e-05 -1.09866e+14
1.91928e-05 -1.10458e+14
1.92052e-05 -1.11049e+14
1.92175e-05 -1.1164e+14
1.92299e-05 -1.12229e+14
1.92422e-05 -1.12818e+14
1.92546e-05 -1.13407e+14
1.9267e-05 -1.13994e+14
1.92793e-05 -1.14581e+14
1.92917e-05 -1.15167e+14
1.9304e-05 -1.15752e+14
1.93164e-05 -1.16336e+14
1.93287e-05 -1.1692e+14
1.93411e-05 -1.17503e+14
1.93535e-05 -1.18085e+14
1.93658e-05 -1.18666e+14
1.93782e-05 -1.19247e+14
1.93905e-05 -1.19827e+14
1.94029e-05 -1.20406e+14
1.94153e-05 -1.20984e+14
1.94276e-05 -1.21562e+14
1.944e-05 -1.22139e+14
1.94523e-05 -1.22715e+14
1.94647e-05 -1.2329e+14
1.9477e-05 -1.23864e+14
1.94894e-05 -1.24438e+14
1.95018e-05 -1.25011e+14
1.95141e-05 -1.25583e+14
1.95265e-05 -1.26155e+14
1.95388e-05 -1.26725e+14
1.95512e-05 -1.27295e+14
1.95636e-05 -1.27865e+14
1.95759e-05 -1.28433e+14
1.95883e-05 -1.29001e+14
1.96006e-05 -1.29568e+14
1.9613e-05 -1.30134e+14
1.96254e-05 -1.30699e+14
1.96377e-05 -1.31264e+14
1.96501e-05 -1.31828e+14
1.96624e-05 -1.32391e+14
1.96748e-05 -1.32953e+14
1.96871e-05 -1.33515e+14
1.96995e-05 -1.34075e+14
1.97119e-05 -1.34635e+14
1.97242e-05 -1.35195e+14
1.97366e-05 -1.35753e+14
1.97489e-05 -1.36311e+14
1.97613e-05 -1.36868e+14
1.97737e-05 -1.37424e+14
1.9786e-05 -1.3798e+14
1.97984e-05 -1.38535e+14
1.98107e-05 -1.39089e+14
1.98231e-05 -1.39642e+14
1.98354e-05 -1.40194e+14
1.98478e-05 -1.40746e+14
1.98602e-05 -1.41297e+14
1.98725e-05 -1.41847e+14
1.98849e-05 -1.42397e+14
1.98972e-05 -1.42946e+14
1.99096e-05 -1.43493e+14
1.9922e-05 -1.44041e+14
1.99343e-05 -1.44587e+14
1.99467e-05 -1.45133e+14
1.9959e-05 -1.45678e+14
1.99714e-05 -1.46222e+14
1.99837e-05 -1.46765e+14
1.99961e-05 -1.47308e+14
2.00085e-05 -1.4785e+14
2.00208e-05 -1.48391e+14
2.00332e-05 -1.48932e+14
2.00455e-05 -1.49471e+14
2.00579e-05 -1.5001e+14
2.00703e-05 -1.50548e+14
2.00826e-05 -1.51086e+14
2.0095e-05 -1.51623e+14
2.01073e-05 -1.52158e+14
2.01197e-05 -1.52694e+14
2.01321e-05 -1.53228e+14
2.01444e-05 -1.53762e+14
2.01568e-05 -1.54295e+14
2.01691e-05 -1.54827e+14
2.01815e-05 -1.55358e+14
2.01938e-05 -1.55889e+14
2.02062e-05 -1.56419e+14
2.02186e-05 -1.56948e+14
2.02309e-05 -1.57476e+14
2.02433e-05 -1.58004e+14
2.02556e-05 -1.58531e+14
2.0268e-05 -1.59057e+14
2.02804e-05 -1.59582e+14
2.02927e-05 -1.60107e+14
2.03051e-05 -1.60631e+14
2.03174e-05 -1.61154e+14
2.03298e-05 -1.61676e+14
2.03421e-05 -1.62198e+14
2.03545e-05 -1.62719e+14
2.03669e-05 -1.63239e+14
2.03792e-05 -1.63759e+14
2.03916e-05 -1.64277e+14
2.04039e-05 -1.64795e+14
2.04163e-05 -1.65312e+14
2.04287e-05 -1.65829e+14
2.0441e-05 -1.66344e+14
2.04534e-05 -1.66859e+14
2.04657e-05 -1.67373e+14
2.04781e-05 -1.67887e+14
2.04904e-05 -1.68399e+14
2.05028e-05 -1.68911e+14
2.05152e-05 -1.69423e+14
2.05275e-05 -1.69933e+14
2.05399e-05 -1.70443e+14
2.05522e-05 -1.70952e+14
2.05646e-05 -1.7146e+14
2.0577e-05 -1.71967e+14
2.05893e-05 -1.72474e+14
2.06017e-05 -1.7298e+14
2.0614e-05 -1.73485e+14
2.06264e-05 -1.73989e+14
2.06388e-05 -1.74493e+14
2.06511e-05 -1.74996e+14
2.06635e-05 -1.75498e+14
2.06758e-05 -1.76e+14
2.06882e-05 -1.765e+14
2.07005e-05 -1.77e+14
2.07129e-05 -1.775e+14
2.07253e-05 -1.77998e+14
2.07376e-05 -1.78496e+14
2.075e-05 -1.78993e+14
2.07623e-05 -1.79489e+14
2.07747e-05 -1.79984e+14
2.07871e-05 -1.80479e+14
2.07994e-05 -1.80973e+14
2.08118e-05 -1.81466e+14
2.08241e-05 -1.81959e+14
2.08365e-05 -1.8245e+14
2.08488e-05 -1.82941e+14
2.08612e-05 -1.83432e+14
2.08736e-05 -1.83921e+14
2.08859e-05 -1.8441e+14
2.08983e-05 -1.84898e+14
2.09106e-05 -1.85385e+14
2.0923e-05 -1.85872e+14
2.09354e-05 -1.86357e+14
2.09477e-05 -1.86842e+14
2.09601e-05 -1.87327e+14
2.09724e-05 -1.8781e+14
2.09848e-05 -1.88293e+14
2.09971e-05 -1.88775e+14
2.10095e-05 -1.89256e+14
2.10219e-05 -1.89737e+14
2.10342e-05 -1.90217e+14
2.10466e-05 -1.90696e+14
2.10589e-05 -1.91174e+14
2.10713e-05 -1.91651e+14
2.10837e-05 -1.92128e+14
2.1096e-05 -1.92604e+14
2.11084e-05 -1.93079e+14
2.11207e-05 -1.93554e+14
2.11331e-05 -1.94028e+14
2.11455e-05 -1.94501e+14
2.11578e-05 -1.94973e+14
2.11702e-05 -1.95445e+14
2.11825e-05 -1.95915e+14
2.11949e-05 -1.96386e+14
2.12072e-05 -1.96855e+14
2.12196e-05 -1.97323e+14
2.1232e-05 -1.97791e+14
2.12443e-05 -1.98258e+14
2.12567e-05 -1.98725e+14
2.1269e-05 -1.9919e+14
2.12814e-05 -1.99655e+14
2.12938e-05 -2.00119e+14
2.13061e-05 -2.00582e+14
2.13185e-05 -2.01045e+14
2.13308e-05 -2.01507e+14
2.13432e-05 -2.01968e+14
2.13555e-05 -2.02428e+14
2.13679e-05 -2.02888e+14
2.13803e-05 -2.03347e+14
2.13926e-05 -2.03805e+14
2.1405e-05 -2.04262e+14
2.14173e-05 -2.04719e+14
2.14297e-05 -2.05175e+14
2.14421e-05 -2.0563e+14
2.14544e-05 -2.06084e+14
2.14668e-05 -2.06538e+14
2.14791e-05 -2.0699e+14
2.14915e-05 -2.07443e+14
2.15038e-05 -2.07894e+14
2.15162e-05 -2.08344e+14
2.15286e-05 -2.08794e+14
2.15409e-05 -2.09243e+14
2.15533e-05 -2.09692e+14
2.15656e-05 -2.10139e+14
2.1578e-05 -2.10586e+14
2.15904e-05 -2.11032e+14
2.16027e-05 -2.11478e+14
2.16151e-05 -2.11922e+14
2.16274e-05 -2.12366e+14
2.16398e-05 -2.12809e+14
2.16521e-05 -2.13252e+14
2.16645e-05 -2.13693e+14
2.16769e-05 -2.14134e+14
2.16892e-05 -2.14574e+14
2.17016e-05 -2.15014e+14
2.17139e-05 -2.15452e+14
2.17263e-05 -2.1589e+14
2.17387e-05 -2.16327e+14
2.1751e-05 -2.16764e+14
2.17634e-05 -2.17199e+14
2.17757e-05 -2.17634e+14
2.17881e-05 -2.18068e+14
2.18005e-05 -2.18502e+14
2.18128e-05 -2.18934e+14
2.18252e-05 -2.19366e+14
2.18375e-05 -2.19798e+14
2.18499e-05 -2.20228e+14
2.18622e-05 -2.20658e+14
2.18746e-05 -2.21086e+14
2.1887e-05 -2.21515e+14
2.18993e-05 -2.21942e+14
2.19117e-05 -2.22369e+14
2.1924e-05 -2.22795e+14
2.19364e-05 -2.2322e+14
2.19488e-05 -2.23644e+14
2.19611e-05 -2.24068e+14
2.19735e-05 -2.24491e+14
2.19858e-05 -2.24913e+14
2.19982e-05 -2.25334e+14
2.20105e-05 -2.25755e+14
2.20229e-05 -2.26175e+14
2.20353e-05 -2.26594e+14
2.20476e-05 -2.27012e+14
2.206e-05 -2.2743e+14
2.20723e-05 -2.27847e+14
2.20847e-05 -2.28263e+14
2.20971e-05 -2.28679e+14
2.21094e-05 -2.29093e+14
2.21218e-05 -2.29507e+14
2.21341e-05 -2.29921e+14
2.21465e-05 -2.30333e+14
2.21588e-05 -2.30745e+14
2.21712e-05 -2.31156e+14
2.21836e-05 -2.31566e+14
2.21959e-05 -2.31975e+14
2.22083e-05 -2.32384e+14
2.22206e-05 -2.32792e+14
2.2233e-05 -2.33199e+14
2.22454e-05 -2.33606e+14
2.22577e-05 -2.34011e+14
2.22701e-05 -2.34416e+14
2.22824e-05 -2.34821e+14
2.22948e-05 -2.35224e+14
2.23072e-05 -2.35627e+14
2.23195e-05 -2.36029e+14
2.23319e-05 -2.3643e+14
2.23442e-05 -2.36831e+14
2.23566e-05 -2.3723e+14
2.23689e-05 -2.37629e+14
2.23813e-05 -2.38028e+14
2.23937e-05 -2.38425e+14
2.2406e-05 -2.38822e+14
2.24184e-05 -2.39218e+14
2.24307e-05 -2.39613e+14
2.24431e-05 -2.40008e+14
2.24555e-05 -2.40402e+14
2.24678e-05 -2.40795e+14
2.24802e-05 -2.41187e+14
2.24925e-05 -2.41579e+14
2.25049e-05 -2.41969e+14
2.25172e-05 -2.42359e+14
2.25296e-05 -2.42749e+14
2.2542e-05 -2.43137e+14
2.25543e-05 -2.43525e+14
2.25667e-05 -2.43912e+14
2.2579e-05 -2.44299e+14
2.25914e-05 -2.44684e+14
2.26038e-05 -2.45069e+14
2.26161e-05 -2.45453e+14
2.26285e-05 -2.45837e+14
2.26408e-05 -2.4622e+14
2.26532e-05 -2.46601e+14
2.26655e-05 -2.46983e+14
2.26779e-05 -2.47363e+14
2.26903e-05 -2.47743e+14
2.27026e-05 -2.48122e+14
2.2715e-05 -2.485e+14
2.27273e-05 -2.48878e+14
2.27397e-05 -2.49254e+14
2.27521e-05 -2.4963e+14
2.27644e-05 -2.50006e+14
2.27768e-05 -2.5038e+14
2.27891e-05 -2.50754e+14
2.28015e-05 -2.51127e+14
2.28139e-05 -2.51499e+14
2.28262e-05 -2.51871e+14
2.28386e-05 -2.52242e+14
2.28509e-05 -2.52612e+14
2.28633e-05 -2.52981e+14
2.28756e-05 -2.5335e+14
2.2888e-05 -2.53718e+14
2.29004e-05 -2.54085e+14
2.29127e-05 -2.54452e+14
2.29251e-05 -2.54817e+14
2.29374e-05 -2.55182e+14
2.29498e-05 -2.55547e+14
2.29622e-05 -2.5591e+14
2.29745e-05 -2.56273e+14
2.29869e-05 -2.56635e+14
