-1e-05 50009.7
-9.98764e-06 50009.7
-9.97528e-06 50009.7
-9.96292e-06 50009.7
-9.95057e-06 50009.7
-9.93821e-06 50009.7
-9.92585e-06 50009.7
-9.91349e-06 50009.7
-9.90113e-06 50009.7
-9.88877e-06 50009.7
-9.87641e-06 50009.7
-9.86406e-06 50009.7
-9.8517e-06 50009.7
-9.83934e-06 50009.7
-9.82698e-06 50009.7
-9.81462e-06 50009.7
-9.80226e-06 50009.7
-9.7899e-06 50009.7
-9.77755e-06 50009.7
-9.76519e-06 50009.7
-9.75283e-06 50009.7
-9.74047e-06 50009.7
-9.72811e-06 50009.7
-9.71575e-06 50009.7
-9.7034e-06 50009.7
-9.69104e-06 50009.7
-9.67868e-06 50009.7
-9.66632e-06 50009.7
-9.65396e-06 50009.7
-9.6416e-06 50009.7
-9.62924e-06 50009.7
-9.61689e-06 50009.7
-9.60453e-06 50009.7
-9.59217e-06 50009.7
-9.57981e-06 50009.7
-9.56745e-06 50009.7
-9.55509e-06 50009.7
-9.54273e-06 50009.7
-9.53038e-06 50009.7
-9.51802e-06 50009.7
-9.50566e-06 50009.7
-9.4933e-06 50009.7
-9.48094e-06 50009.7
-9.46858e-06 50009.7
-9.45622e-06 50009.7
-9.44387e-06 50009.7
-9.43151e-06 50009.7
-9.41915e-06 50009.7
-9.40679e-06 50009.7
-9.39443e-06 50009.7
-9.38207e-06 50009.7
-9.36971e-06 50009.7
-9.35736e-06 50009.7
-9.345e-06 50009.7
-9.33264e-06 50009.7
-9.32028e-06 50009.7
-9.30792e-06 50009.7
-9.29556e-06 50009.7
-9.28321e-06 50009.7
-9.27085e-06 50009.7
-9.25849e-06 50009.7
-9.24613e-06 50009.7
-9.23377e-06 50009.7
-9.22141e-06 50009.7
-9.20905e-06 50009.7
-9.1967e-06 50009.7
-9.18434e-06 50009.7
-9.17198e-06 50009.7
-9.15962e-06 50009.7
-9.14726e-06 50009.7
-9.1349e-06 50009.7
-9.12254e-06 50009.7
-9.11019e-06 50009.7
-9.09783e-06 50009.7
-9.08547e-06 50009.7
-9.07311e-06 50009.7
-9.06075e-06 50009.7
-9.04839e-06 50009.7
-9.03603e-06 50009.7
-9.02368e-06 50009.7
-9.01132e-06 50009.7
-8.99896e-06 50009.7
-8.9866e-06 50009.7
-8.97424e-06 50009.7
-8.96188e-06 50009.7
-8.94952e-06 50009.7
-8.93717e-06 50009.7
-8.92481e-06 50009.7
-8.91245e-06 50009.7
-8.90009e-06 50009.7
-8.88773e-06 50009.7
-8.87537e-06 50009.7
-8.86301e-06 50009.7
-8.85066e-06 50009.7
-8.8383e-06 50009.7
-8.82594e-06 50009.7
-8.81358e-06 50009.7
-8.80122e-06 50009.7
-8.78886e-06 50009.7
-8.77651e-06 50009.7
-8.76415e-06 50009.7
-8.75179e-06 50009.7
-8.73943e-06 50009.7
-8.72707e-06 50009.7
-8.71471e-06 50009.7
-8.70235e-06 50009.7
-8.69e-06 50009.7
-8.67764e-06 50009.7
-8.66528e-06 50009.7
-8.65292e-06 50009.7
-8.64056e-06 50009.7
-8.6282e-06 50009.7
-8.61584e-06 50009.7
-8.60349e-06 50009.7
-8.59113e-06 50009.7
-8.57877e-06 50009.7
-8.56641e-06 50009.7
-8.55405e-06 50009.7
-8.54169e-06 50009.7
-8.52933e-06 50009.7
-8.51698e-06 50009.7
-8.50462e-06 50009.7
-8.49226e-06 50009.7
-8.4799e-06 50009.7
-8.46754e-06 50009.7
-8.45518e-06 50009.7
-8.44282e-06 50009.7
-8.43047e-06 50009.7
-8.41811e-06 50009.7
-8.40575e-06 50009.7
-8.39339e-06 50009.7
-8.38103e-06 50009.7
-8.36867e-06 50009.7
-8.35632e-06 50009.7
-8.34396e-06 50009.7
-8.3316e-06 50009.7
-8.31924e-06 50009.7
-8.30688e-06 50009.7
-8.29452e-06 50009.7
-8.28216e-06 50009.7
-8.26981e-06 50009.7
-8.25745e-06 50009.7
-8.24509e-06 50009.7
-8.23273e-06 50009.7
-8.22037e-06 50009.7
-8.20801e-06 50009.7
-8.19565e-06 50009.7
-8.1833e-06 50009.7
-8.17094e-06 50009.7
-8.15858e-06 50009.7
-8.14622e-06 50009.7
-8.13386e-06 50009.7
-8.1215e-06 50009.7
-8.10914e-06 50009.7
-8.09679e-06 50009.7
-8.08443e-06 50009.7
-8.07207e-06 50009.7
-8.05971e-06 50009.7
-8.04735e-06 50009.7
-8.03499e-06 50009.7
-8.02263e-06 50009.7
-8.01028e-06 50009.7
-7.99792e-06 50009.7
-7.98556e-06 50009.7
-7.9732e-06 50009.7
-7.96084e-06 50009.7
-7.94848e-06 50009.7
-7.93612e-06 50009.7
-7.92377e-06 50009.7
-7.91141e-06 50009.7
-7.89905e-06 50009.7
-7.88669e-06 50009.7
-7.87433e-06 50009.7
-7.86197e-06 50009.7
-7.84962e-06 50009.7
-7.83726e-06 50009.7
-7.8249e-06 50009.7
-7.81254e-06 50009.7
-7.80018e-06 50009.7
-7.78782e-06 50009.7
-7.77546e-06 50009.7
-7.76311e-06 50009.7
-7.75075e-06 50009.7
-7.73839e-06 50009.7
-7.72603e-06 50009.7
-7.71367e-06 50009.7
-7.70131e-06 50009.7
-7.68895e-06 50009.7
-7.6766e-06 50009.7
-7.66424e-06 50009.7
-7.65188e-06 50009.7
-7.63952e-06 50009.7
-7.62716e-06 50009.7
-7.6148e-06 50009.7
-7.60244e-06 50009.7
-7.59009e-06 50009.7
-7.57773e-06 50009.7
-7.56537e-06 50009.7
-7.55301e-06 50009.7
-7.54065e-06 50009.7
-7.52829e-06 50009.7
-7.51593e-06 50009.7
-7.50358e-06 50009.7
-7.49122e-06 50009.7
-7.47886e-06 50009.7
-7.4665e-06 50009.7
-7.45414e-06 50009.7
-7.44178e-06 50009.7
-7.42943e-06 50009.7
-7.41707e-06 50009.7
-7.40471e-06 50009.7
-7.39235e-06 50009.7
-7.37999e-06 50009.7
-7.36763e-06 50009.7
-7.35527e-06 50009.7
-7.34292e-06 50009.7
-7.33056e-06 50009.7
-7.3182e-06 50009.7
-7.30584e-06 50009.7
-7.29348e-06 50009.7
-7.28112e-06 50009.7
-7.26876e-06 50009.7
-7.25641e-06 50009.7
-7.24405e-06 50009.7
-7.23169e-06 50009.7
-7.21933e-06 50009.7
-7.20697e-06 50009.7
-7.19461e-06 50009.7
-7.18225e-06 50009.7
-7.1699e-06 50009.7
-7.15754e-06 50009.7
-7.14518e-06 50009.7
-7.13282e-06 50009.7
-7.12046e-06 50009.7
-7.1081e-06 50009.7
-7.09574e-06 50009.7
-7.08339e-06 50009.7
-7.07103e-06 50009.7
-7.05867e-06 50009.7
-7.04631e-06 50009.7
-7.03395e-06 50009.7
-7.02159e-06 50009.7
-7.00924e-06 50009.7
-6.99688e-06 50009.7
-6.98452e-06 50009.7
-6.97216e-06 50009.7
-6.9598e-06 50009.7
-6.94744e-06 50009.7
-6.93508e-06 50009.7
-6.92273e-06 50009.7
-6.91037e-06 50009.7
-6.89801e-06 50009.7
-6.88565e-06 50009.7
-6.87329e-06 50009.7
-6.86093e-06 50009.7
-6.84857e-06 50009.7
-6.83622e-06 50009.7
-6.82386e-06 50009.7
-6.8115e-06 50009.7
-6.79914e-06 50009.7
-6.78678e-06 50009.7
-6.77442e-06 50009.7
-6.76206e-06 50009.7
-6.74971e-06 50009.7
-6.73735e-06 50009.7
-6.72499e-06 50009.7
-6.71263e-06 50009.7
-6.70027e-06 50009.7
-6.68791e-06 50009.7
-6.67555e-06 50009.7
-6.6632e-06 50009.7
-6.65084e-06 50009.7
-6.63848e-06 50009.7
-6.62612e-06 50009.7
-6.61376e-06 50009.7
-6.6014e-06 50009.7
-6.58904e-06 50009.7
-6.57669e-06 50009.7
-6.56433e-06 50009.7
-6.55197e-06 50009.7
-6.53961e-06 50009.7
-6.52725e-06 50009.7
-6.51489e-06 50009.7
-6.50254e-06 50009.7
-6.49018e-06 50009.7
-6.47782e-06 50009.7
-6.46546e-06 50009.7
-6.4531e-06 50009.7
-6.44074e-06 50009.7
-6.42838e-06 50009.7
-6.41603e-06 50009.7
-6.40367e-06 50009.7
-6.39131e-06 50009.7
-6.37895e-06 50009.7
-6.36659e-06 50009.7
-6.35423e-06 50009.7
-6.34187e-06 50009.7
-6.32952e-06 50009.7
-6.31716e-06 50009.7
-6.3048e-06 50009.7
-6.29244e-06 50009.7
-6.28008e-06 50009.7
-6.26772e-06 50009.7
-6.25536e-06 50009.7
-6.24301e-06 50009.7
-6.23065e-06 50009.7
-6.21829e-06 50009.7
-6.20593e-06 50009.7
-6.19357e-06 50009.7
-6.18121e-06 50009.7
-6.16885e-06 50009.7
-6.1565e-06 50009.7
-6.14414e-06 50009.7
-6.13178e-06 50009.7
-6.11942e-06 50009.7
-6.10706e-06 50009.7
-6.0947e-06 50009.7
-6.08235e-06 50009.7
-6.06999e-06 50009.7
-6.05763e-06 50009.7
-6.04527e-06 50009.7
-6.03291e-06 50009.7
-6.02055e-06 50009.7
-6.00819e-06 50009.7
-5.99584e-06 50009.7
-5.98348e-06 50009.7
-5.97112e-06 50009.7
-5.95876e-06 50009.7
-5.9464e-06 50009.7
-5.93404e-06 50009.7
-5.92168e-06 50009.7
-5.90933e-06 50009.7
-5.89697e-06 50009.7
-5.88461e-06 50009.7
-5.87225e-06 50009.7
-5.85989e-06 50009.7
-5.84753e-06 50009.7
-5.83517e-06 50009.7
-5.82282e-06 50009.7
-5.81046e-06 50009.7
-5.7981e-06 50009.7
-5.78574e-06 50009.7
-5.77338e-06 50009.7
-5.76102e-06 50009.7
-5.74866e-06 50009.7
-5.73631e-06 50009.7
-5.72395e-06 50009.7
-5.71159e-06 50009.7
-5.69923e-06 50009.7
-5.68687e-06 50009.7
-5.67451e-06 50009.7
-5.66215e-06 50009.7
-5.6498e-06 50009.7
-5.63744e-06 50009.7
-5.62508e-06 50009.7
-5.61272e-06 50009.7
-5.60036e-06 50009.7
-5.588e-06 50009.7
-5.57565e-06 50009.7
-5.56329e-06 50009.7
-5.55093e-06 50009.7
-5.53857e-06 50009.7
-5.52621e-06 50009.7
-5.51385e-06 50009.7
-5.50149e-06 50009.7
-5.48914e-06 50009.7
-5.47678e-06 50009.7
-5.46442e-06 50009.7
-5.45206e-06 50009.7
-5.4397e-06 50009.7
-5.42734e-06 50009.7
-5.41498e-06 50009.7
-5.40263e-06 50009.7
-5.39027e-06 50009.7
-5.37791e-06 50009.7
-5.36555e-06 50009.7
-5.35319e-06 50009.7
-5.34083e-06 50009.7
-5.32847e-06 50009.7
-5.31612e-06 50009.7
-5.30376e-06 50009.7
-5.2914e-06 50009.7
-5.27904e-06 50009.7
-5.26668e-06 50009.7
-5.25432e-06 50009.7
-5.24196e-06 50009.7
-5.22961e-06 50009.7
-5.21725e-06 50009.7
-5.20489e-06 50009.7
-5.19253e-06 50009.7
-5.18017e-06 50009.7
-5.16781e-06 50009.7
-5.15546e-06 50009.7
-5.1431e-06 50009.7
-5.13074e-06 50009.7
-5.11838e-06 50009.7
-5.10602e-06 50009.7
-5.09366e-06 50009.7
-5.0813e-06 50009.7
-5.06895e-06 50009.7
-5.05659e-06 50009.7
-5.04423e-06 50009.7
-5.03187e-06 50009.7
-5.01951e-06 50009.7
-5.00715e-06 50009.7
-4.99479e-06 50009.7
-4.98244e-06 50009.7
-4.97008e-06 50009.7
-4.95772e-06 50009.7
-4.94536e-06 50009.7
-4.933e-06 50009.7
-4.92064e-06 50009.7
-4.90828e-06 50009.7
-4.89593e-06 50009.7
-4.88357e-06 50009.7
-4.87121e-06 50009.7
-4.85885e-06 50009.7
-4.84649e-06 50009.7
-4.83413e-06 50009.7
-4.82177e-06 50009.7
-4.80942e-06 50009.7
-4.79706e-06 50009.7
-4.7847e-06 50009.7
-4.77234e-06 50009.7
-4.75998e-06 50009.7
-4.74762e-06 50009.7
-4.73526e-06 50009.7
-4.72291e-06 50009.7
-4.71055e-06 50009.7
-4.69819e-06 50009.7
-4.68583e-06 50009.7
-4.67347e-06 50009.7
-4.66111e-06 50009.7
-4.64876e-06 50009.7
-4.6364e-06 50009.7
-4.62404e-06 50009.7
-4.61168e-06 50009.7
-4.59932e-06 50009.7
-4.58696e-06 50009.7
-4.5746e-06 50009.7
-4.56225e-06 50009.7
-4.54989e-06 50009.7
-4.53753e-06 50009.7
-4.52517e-06 50009.7
-4.51281e-06 50009.7
-4.50045e-06 50009.7
-4.48809e-06 50009.7
-4.47574e-06 50009.7
-4.46338e-06 50009.7
-4.45102e-06 50009.7
-4.43866e-06 50009.7
-4.4263e-06 50009.7
-4.41394e-06 50009.7
-4.40158e-06 50009.7
-4.38923e-06 50009.7
-4.37687e-06 50009.7
-4.36451e-06 50009.7
-4.35215e-06 50009.7
-4.33979e-06 50009.7
-4.32743e-06 50009.7
-4.31507e-06 50009.7
-4.30272e-06 50009.7
-4.29036e-06 50009.7
-4.278e-06 50009.7
-4.26564e-06 50009.7
-4.25328e-06 50009.7
-4.24092e-06 50009.7
-4.22857e-06 50009.7
-4.21621e-06 50009.7
-4.20385e-06 50009.7
-4.19149e-06 50009.7
-4.17913e-06 50009.7
-4.16677e-06 50009.7
-4.15441e-06 50009.7
-4.14206e-06 50009.7
-4.1297e-06 50009.7
-4.11734e-06 50009.7
-4.10498e-06 50009.7
-4.09262e-06 50009.7
-4.08026e-06 50009.7
-4.0679e-06 50009.7
-4.05555e-06 50009.7
-4.04319e-06 50009.7
-4.03083e-06 50009.7
-4.01847e-06 50009.7
-4.00611e-06 50009.7
-3.99375e-06 50009.7
-3.98139e-06 50009.7
-3.96904e-06 50009.7
-3.95668e-06 50009.7
-3.94432e-06 50009.7
-3.93196e-06 50009.7
-3.9196e-06 50009.7
-3.90724e-06 50009.7
-3.89488e-06 50009.7
-3.88253e-06 50009.7
-3.87017e-06 50009.7
-3.85781e-06 50009.7
-3.84545e-06 50009.7
-3.83309e-06 50009.7
-3.82073e-06 50009.7
-3.80837e-06 50009.7
-3.79602e-06 50009.7
-3.78366e-06 50009.7
-3.7713e-06 50009.7
-3.75894e-06 50009.7
-3.74658e-06 50009.7
-3.73422e-06 50009.7
-3.72187e-06 50009.7
-3.70951e-06 50009.7
-3.69715e-06 50009.7
-3.68479e-06 50009.7
-3.67243e-06 50009.7
-3.66007e-06 50009.7
-3.64771e-06 50009.7
-3.63536e-06 50009.7
-3.623e-06 50009.7
-3.61064e-06 50009.7
-3.59828e-06 50009.7
-3.58592e-06 50009.7
-3.57356e-06 50009.7
-3.5612e-06 50009.7
-3.54885e-06 50009.7
-3.53649e-06 50009.7
-3.52413e-06 50009.7
-3.51177e-06 50009.7
-3.49941e-06 50009.7
-3.48705e-06 50009.7
-3.47469e-06 50009.7
-3.46234e-06 50009.7
-3.44998e-06 50009.7
-3.43762e-06 50009.7
-3.42526e-06 50009.7
-3.4129e-06 50009.7
-3.40054e-06 50009.7
-3.38818e-06 50009.7
-3.37583e-06 50009.7
-3.36347e-06 50009.7
-3.35111e-06 50009.7
-3.33875e-06 50009.7
-3.32639e-06 50009.7
-3.31403e-06 50009.7
-3.30168e-06 50009.7
-3.28932e-06 50009.7
-3.27696e-06 50009.7
-3.2646e-06 50009.7
-3.25224e-06 50009.7
-3.23988e-06 50009.7
-3.22752e-06 50009.7
-3.21517e-06 50009.7
-3.20281e-06 50009.7
-3.19045e-06 50009.7
-3.17809e-06 50009.7
-3.16573e-06 50009.7
-3.15337e-06 50009.7
-3.14101e-06 50009.7
-3.12866e-06 50009.7
-3.1163e-06 50009.7
-3.10394e-06 50009.7
-3.09158e-06 50009.7
-3.07922e-06 50009.7
-3.06686e-06 50009.7
-3.0545e-06 50009.7
-3.04215e-06 50009.7
-3.02979e-06 50009.7
-3.01743e-06 50009.7
-3.00507e-06 50009.7
-2.99271e-06 50009.7
-2.98035e-06 50009.7
-2.96799e-06 50009.7
-2.95564e-06 50009.7
-2.94328e-06 50009.7
-2.93092e-06 50009.7
-2.91856e-06 50009.7
-2.9062e-06 50009.7
-2.89384e-06 50009.7
-2.88148e-06 50009.7
-2.86913e-06 50009.7
-2.85677e-06 50009.7
-2.84441e-06 50009.7
-2.83205e-06 50009.7
-2.81969e-06 50009.7
-2.80733e-06 50009.7
-2.79498e-06 50009.7
-2.78262e-06 50009.7
-2.77026e-06 50009.7
-2.7579e-06 50009.7
-2.74554e-06 50009.7
-2.73318e-06 50009.7
-2.72082e-06 50009.7
-2.70847e-06 50009.7
-2.69611e-06 50009.7
-2.68375e-06 50009.7
-2.67139e-06 50009.7
-2.65903e-06 50009.7
-2.64667e-06 50009.7
-2.63431e-06 50009.7
-2.62196e-06 50009.7
-2.6096e-06 50009.7
-2.59724e-06 50009.7
-2.58488e-06 50009.7
-2.57252e-06 50009.7
-2.56016e-06 50009.7
-2.5478e-06 50009.7
-2.53545e-06 50009.7
-2.52309e-06 50009.7
-2.51073e-06 50009.7
-2.49837e-06 50009.7
-2.48601e-06 50009.7
-2.47365e-06 50009.7
-2.46129e-06 50009.7
-2.44894e-06 50009.7
-2.43658e-06 50009.7
-2.42422e-06 50009.7
-2.41186e-06 50009.7
-2.3995e-06 50009.7
-2.38714e-06 50009.7
-2.37479e-06 50009.7
-2.36243e-06 50009.7
-2.35007e-06 50009.7
-2.33771e-06 50009.7
-2.32535e-06 50009.7
-2.31299e-06 50009.7
-2.30063e-06 50009.7
-2.28828e-06 50009.7
-2.27592e-06 50009.7
-2.26356e-06 50009.7
-2.2512e-06 50009.7
-2.23884e-06 50009.7
-2.22648e-06 50009.7
-2.21412e-06 50009.7
-2.20177e-06 50009.7
-2.18941e-06 50009.7
-2.17705e-06 50009.7
-2.16469e-06 50009.7
-2.15233e-06 50009.7
-2.13997e-06 50009.7
-2.12761e-06 50009.7
-2.11526e-06 50009.7
-2.1029e-06 50009.7
-2.09054e-06 50009.7
-2.07818e-06 50009.7
-2.06582e-06 50009.7
-2.05346e-06 50009.7
-2.0411e-06 50009.7
-2.02875e-06 50009.7
-2.01639e-06 50009.7
-2.00403e-06 50009.7
-1.99167e-06 50009.7
-1.97931e-06 50009.7
-1.96695e-06 50009.7
-1.95459e-06 50009.7
-1.94224e-06 50009.7
-1.92988e-06 50009.7
-1.91752e-06 50009.7
-1.90516e-06 50009.7
-1.8928e-06 50009.7
-1.88044e-06 50009.7
-1.86809e-06 50009.7
-1.85573e-06 50009.7
-1.84337e-06 50009.7
-1.83101e-06 50009.7
-1.81865e-06 50009.7
-1.80629e-06 50009.7
-1.79393e-06 50009.7
-1.78158e-06 50009.7
-1.76922e-06 50009.7
-1.75686e-06 50009.7
-1.7445e-06 50009.7
-1.73214e-06 50009.7
-1.71978e-06 50009.7
-1.70742e-06 50009.7
-1.69507e-06 50009.7
-1.68271e-06 50009.7
-1.67035e-06 50009.7
-1.65799e-06 50009.7
-1.64563e-06 50009.7
-1.63327e-06 50009.7
-1.62091e-06 50009.7
-1.60856e-06 50009.7
-1.5962e-06 50009.7
-1.58384e-06 50009.7
-1.57148e-06 50009.7
-1.55912e-06 50009.7
-1.54676e-06 50009.7
-1.5344e-06 50009.7
-1.52205e-06 50009.7
-1.50969e-06 50009.7
-1.49733e-06 50009.7
-1.48497e-06 50009.7
-1.47261e-06 50009.7
-1.46025e-06 50009.7
-1.4479e-06 50009.7
-1.43554e-06 50009.7
-1.42318e-06 50009.7
-1.41082e-06 50009.7
-1.39846e-06 50009.7
-1.3861e-06 50009.7
-1.37374e-06 50009.7
-1.36139e-06 50009.7
-1.34903e-06 50009.7
-1.33667e-06 50009.7
-1.32431e-06 50009.7
-1.31195e-06 50009.7
-1.29959e-06 50009.7
-1.28723e-06 50009.7
-1.27488e-06 50009.7
-1.26252e-06 50009.7
-1.25016e-06 50009.7
-1.2378e-06 50009.7
-1.22544e-06 50009.7
-1.21308e-06 50009.7
-1.20072e-06 50009.7
-1.18837e-06 50009.7
-1.17601e-06 50009.7
-1.16365e-06 50009.7
-1.15129e-06 50009.7
-1.13893e-06 50009.7
-1.12657e-06 50009.7
-1.11421e-06 50009.7
-1.10186e-06 50009.7
-1.0895e-06 50009.7
-1.07714e-06 50009.7
-1.06478e-06 50009.7
-1.05242e-06 50009.7
-1.04006e-06 50009.7
-1.02771e-06 50009.7
-1.01535e-06 50009.7
-1.00299e-06 50009.7
-9.90629e-07 50009.7
-9.78271e-07 50009.7
-9.65912e-07 50009.7
-9.53554e-07 50009.7
-9.41195e-07 50009.7
-9.28837e-07 50009.7
-9.16478e-07 50009.7
-9.0412e-07 50009.7
-8.91761e-07 50009.7
-8.79403e-07 50009.7
-8.67044e-07 50009.7
-8.54686e-07 50009.7
-8.42327e-07 50009.7
-8.29968e-07 50009.7
-8.1761e-07 50009.7
-8.05251e-07 50009.7
-7.92893e-07 50009.7
-7.80534e-07 50009.7
-7.68176e-07 50009.7
-7.55817e-07 50009.7
-7.43459e-07 50009.7
-7.311e-07 50009.7
-7.18742e-07 50009.7
-7.06383e-07 50009.7
-6.94025e-07 50009.7
-6.81666e-07 50009.7
-6.69308e-07 50009.7
-6.56949e-07 50009.7
-6.4459e-07 50009.7
-6.32232e-07 50009.7
-6.19873e-07 50009.7
-6.07515e-07 50009.7
-5.95156e-07 50009.7
-5.82798e-07 50009.7
-5.70439e-07 50009.7
-5.58081e-07 50009.7
-5.45722e-07 50009.7
-5.33364e-07 50009.7
-5.21005e-07 50009.7
-5.08647e-07 50009.7
-4.96288e-07 50009.7
-4.8393e-07 50009.7
-4.71571e-07 50009.7
-4.59213e-07 50009.7
-4.46854e-07 50009.7
-4.34495e-07 50009.7
-4.22137e-07 50009.7
-4.09778e-07 50009.7
-3.9742e-07 50009.7
-3.85061e-07 50009.7
-3.72703e-07 50009.7
-3.60344e-07 50009.7
-3.47986e-07 50009.7
-3.35627e-07 50009.7
-3.23269e-07 50009.7
-3.1091e-07 50009.7
-2.98552e-07 50009.7
-2.86193e-07 50009.7
-2.73835e-07 50009.7
-2.61476e-07 50009.7
-2.49117e-07 50009.7
-2.36759e-07 50009.7
-2.244e-07 50009.7
-2.12042e-07 50009.7
-1.99683e-07 50009.7
-1.87325e-07 50009.7
-1.74966e-07 50009.7
-1.62608e-07 50009.7
-1.50249e-07 50009.7
-1.37891e-07 50009.7
-1.25532e-07 50009.7
-1.13174e-07 50009.7
-1.00815e-07 50009.7
-8.84565e-08 50009.7
-7.6098e-08 50009.7
-6.37394e-08 50009.7
-5.13809e-08 50009.7
-3.90224e-08 50009.7
-2.66638e-08 50009.7
-1.43053e-08 50009.7
-1.94678e-09 50009.7
1.04118e-08 50009.7
2.27703e-08 50009.7
3.51288e-08 50009.7
4.74874e-08 50009.7
5.98459e-08 50009.7
7.22044e-08 50009.7
8.4563e-08 50009.7
9.69215e-08 50009.7
1.0928e-07 50009.7
1.21639e-07 50009.7
1.33997e-07 50009.7
1.46356e-07 50009.7
1.58714e-07 50009.7
1.71073e-07 50009.7
1.83431e-07 50009.7
1.9579e-07 50009.7
2.08148e-07 50009.7
2.20507e-07 50009.7
2.32865e-07 50009.7
2.45224e-07 50009.7
2.57582e-07 50009.7
2.69941e-07 50009.7
2.82299e-07 50009.7
2.94658e-07 50009.7
3.07017e-07 50009.7
3.19375e-07 50009.7
3.31734e-07 50009.7
3.44092e-07 50009.7
3.56451e-07 50009.7
3.68809e-07 50009.7
3.81168e-07 50009.7
3.93526e-07 50009.7
4.05885e-07 50009.7
4.18243e-07 50009.7
4.30602e-07 50009.7
4.4296e-07 50009.7
4.55319e-07 50009.7
4.67677e-07 50009.7
4.80036e-07 50009.7
4.92395e-07 50009.7
5.04753e-07 50009.7
5.17112e-07 50009.7
5.2947e-07 50009.7
5.41829e-07 50009.7
5.54187e-07 50009.7
5.66546e-07 50009.7
5.78904e-07 50009.7
5.91263e-07 50009.7
6.03621e-07 50009.7
6.1598e-07 50009.7
6.28338e-07 50009.7
6.40697e-07 50009.7
6.53055e-07 50009.7
6.65414e-07 50009.7
6.77773e-07 50009.7
6.90131e-07 50009.7
7.0249e-07 50009.7
7.14848e-07 50009.7
7.27207e-07 50009.7
7.39565e-07 50009.7
7.51924e-07 50009.7
7.64282e-07 50009.7
7.76641e-07 50009.7
7.88999e-07 50009.7
8.01358e-07 50009.7
8.13716e-07 50009.7
8.26075e-07 50009.7
8.38433e-07 50009.7
8.50792e-07 50009.7
8.63151e-07 50009.7
8.75509e-07 50009.7
8.87868e-07 50009.7
9.00226e-07 50009.7
9.12585e-07 50009.7
9.24943e-07 50009.7
9.37302e-07 50009.7
9.4966e-07 50009.7
9.62019e-07 50009.7
9.74377e-07 50009.7
9.86736e-07 50009.7
9.99094e-07 50009.7
1.01145e-06 50009.7
1.02381e-06 50009.7
1.03617e-06 50009.7
1.04853e-06 50009.7
1.06089e-06 50009.7
1.07325e-06 50009.7
1.0856e-06 50009.7
1.09796e-06 50009.7
1.11032e-06 50009.7
1.12268e-06 50009.7
1.13504e-06 50009.7
1.1474e-06 50009.7
1.15976e-06 50009.7
1.17211e-06 50009.7
1.18447e-06 50009.7
1.19683e-06 50009.7
1.20919e-06 50009.7
1.22155e-06 50009.7
1.23391e-06 50009.7
1.24627e-06 50009.7
1.25862e-06 50009.7
1.27098e-06 50009.7
1.28334e-06 50009.7
1.2957e-06 50009.7
1.30806e-06 50009.7
1.32042e-06 50009.7
1.33277e-06 50009.7
1.34513e-06 50009.7
1.35749e-06 50009.7
1.36985e-06 50009.7
1.38221e-06 50009.7
1.39457e-06 50009.7
1.40693e-06 50009.7
1.41928e-06 50009.7
1.43164e-06 50009.7
1.444e-06 50009.7
1.45636e-06 50009.7
1.46872e-06 50009.7
1.48108e-06 50009.7
1.49344e-06 50009.7
1.50579e-06 50009.7
1.51815e-06 50009.7
1.53051e-06 50009.7
1.54287e-06 50009.7
1.55523e-06 50009.7
1.56759e-06 50009.7
1.57995e-06 50009.7
1.5923e-06 50009.7
1.60466e-06 50009.7
1.61702e-06 50009.7
1.62938e-06 50009.7
1.64174e-06 50009.7
1.6541e-06 50009.7
1.66646e-06 50009.7
1.67881e-06 50009.7
1.69117e-06 50009.7
1.70353e-06 50009.7
1.71589e-06 50009.7
1.72825e-06 50009.7
1.74061e-06 50009.7
1.75296e-06 50009.7
1.76532e-06 50009.7
1.77768e-06 50009.7
1.79004e-06 50009.7
1.8024e-06 50009.7
1.81476e-06 50009.7
1.82712e-06 50009.7
1.83947e-06 50009.7
1.85183e-06 50009.7
1.86419e-06 50009.7
1.87655e-06 50009.7
1.88891e-06 50009.7
1.90127e-06 50009.7
1.91363e-06 50009.7
1.92598e-06 50009.7
1.93834e-06 50009.7
1.9507e-06 50009.7
1.96306e-06 50009.7
1.97542e-06 50009.7
1.98778e-06 50009.7
2.00014e-06 50009.7
2.01249e-06 50009.7
2.02485e-06 50009.7
2.03721e-06 50009.7
2.04957e-06 50009.7
2.06193e-06 50009.7
2.07429e-06 50009.7
2.08665e-06 50009.7
2.099e-06 50009.7
2.11136e-06 50009.7
2.12372e-06 50009.7
2.13608e-06 50009.7
2.14844e-06 50009.7
2.1608e-06 50009.7
2.17316e-06 50009.7
2.18551e-06 50009.7
2.19787e-06 50009.7
2.21023e-06 50009.7
2.22259e-06 50009.7
2.23495e-06 50009.7
2.24731e-06 50009.7
2.25966e-06 50009.7
2.27202e-06 50009.7
2.28438e-06 50009.7
2.29674e-06 50009.7
2.3091e-06 50009.7
2.32146e-06 50009.7
2.33382e-06 50009.7
2.34617e-06 50009.7
2.35853e-06 50009.7
2.37089e-06 50009.7
2.38325e-06 50009.7
2.39561e-06 50009.7
2.40797e-06 50009.7
2.42033e-06 50009.7
2.43268e-06 50009.7
2.44504e-06 50009.7
2.4574e-06 50009.7
2.46976e-06 50009.7
2.48212e-06 50009.7
2.49448e-06 50009.7
2.50684e-06 50009.7
2.51919e-06 50009.7
2.53155e-06 50009.7
2.54391e-06 50009.7
2.55627e-06 50009.7
2.56863e-06 50009.7
2.58099e-06 50009.7
2.59335e-06 50009.7
2.6057e-06 50009.7
2.61806e-06 50009.7
2.63042e-06 50009.7
2.64278e-06 50009.7
2.65514e-06 50009.7
2.6675e-06 50009.7
2.67985e-06 50009.7
2.69221e-06 50009.7
2.70457e-06 50009.7
2.71693e-06 50009.7
2.72929e-06 50009.7
2.74165e-06 50009.7
2.75401e-06 50009.7
2.76636e-06 50009.7
2.77872e-06 50009.7
2.79108e-06 50009.7
2.80344e-06 50009.7
2.8158e-06 50009.7
2.82816e-06 50009.7
2.84052e-06 50009.7
2.85287e-06 50009.7
2.86523e-06 50009.7
2.87759e-06 50009.7
2.88995e-06 50009.7
2.90231e-06 50009.7
2.91467e-06 50009.7
2.92703e-06 50009.7
2.93938e-06 50009.7
2.95174e-06 50009.7
2.9641e-06 50009.7
2.97646e-06 50009.7
2.98882e-06 50009.7
3.00118e-06 50009.7
3.01354e-06 50009.7
3.02589e-06 50009.7
3.03825e-06 50009.7
3.05061e-06 50009.7
3.06297e-06 50009.7
3.07533e-06 50009.7
3.08769e-06 50009.7
3.10005e-06 50009.7
3.1124e-06 50009.7
3.12476e-06 50009.7
3.13712e-06 50009.7
3.14948e-06 50009.7
3.16184e-06 50009.7
3.1742e-06 50009.7
3.18655e-06 50009.7
3.19891e-06 50009.7
3.21127e-06 50009.7
3.22363e-06 50009.7
3.23599e-06 50009.7
3.24835e-06 50009.7
3.26071e-06 50009.7
3.27306e-06 50009.7
3.28542e-06 50009.7
3.29778e-06 50009.7
3.31014e-06 50009.7
3.3225e-06 50009.7
3.33486e-06 50009.7
3.34722e-06 50009.7
3.35957e-06 50009.7
3.37193e-06 50009.7
3.38429e-06 50009.7
3.39665e-06 50009.7
3.40901e-06 50009.7
3.42137e-06 50009.7
3.43373e-06 50009.7
3.44608e-06 50009.7
3.45844e-06 50009.7
3.4708e-06 50009.7
3.48316e-06 50009.7
3.49552e-06 50009.7
3.50788e-06 50009.7
3.52024e-06 50009.7
3.53259e-06 50009.7
3.54495e-06 50009.7
3.55731e-06 50009.7
3.56967e-06 50009.7
3.58203e-06 50009.7
3.59439e-06 50009.7
3.60674e-06 50009.7
3.6191e-06 50009.7
3.63146e-06 50009.7
3.64382e-06 50009.7
3.65618e-06 50009.7
3.66854e-06 50009.7
3.6809e-06 50009.7
3.69325e-06 50009.7
3.70561e-06 50009.7
3.71797e-06 50009.7
3.73033e-06 50009.7
3.74269e-06 50009.7
3.75505e-06 50009.7
3.76741e-06 50009.7
3.77976e-06 50009.7
3.79212e-06 50009.7
3.80448e-06 50009.7
3.81684e-06 50009.7
3.8292e-06 50009.7
3.84156e-06 50009.7
3.85392e-06 50009.7
3.86627e-06 50009.7
3.87863e-06 50009.7
3.89099e-06 50009.7
3.90335e-06 50009.7
3.91571e-06 50009.7
3.92807e-06 50009.7
3.94043e-06 50009.7
3.95278e-06 50009.7
3.96514e-06 50009.7
3.9775e-06 50009.7
3.98986e-06 50009.7
4.00222e-06 50009.7
4.01458e-06 50009.7
4.02693e-06 50009.7
4.03929e-06 50009.7
4.05165e-06 50009.7
4.06401e-06 50009.7
4.07637e-06 50009.7
4.08873e-06 50009.7
4.10109e-06 50009.7
4.11344e-06 50009.7
4.1258e-06 50009.7
4.13816e-06 50009.7
4.15052e-06 50009.7
4.16288e-06 50009.7
4.17524e-06 50009.7
4.1876e-06 50009.7
4.19995e-06 50009.7
4.21231e-06 50009.7
4.22467e-06 50009.7
4.23703e-06 50009.7
4.24939e-06 50009.7
4.26175e-06 50009.7
4.27411e-06 50009.7
4.28646e-06 50009.7
4.29882e-06 50009.7
4.31118e-06 50009.7
4.32354e-06 50009.7
4.3359e-06 50009.7
4.34826e-06 50009.7
4.36062e-06 50009.7
4.37297e-06 50009.7
4.38533e-06 50009.7
4.39769e-06 50009.7
4.41005e-06 50009.7
4.42241e-06 50009.7
4.43477e-06 50009.7
4.44713e-06 50009.7
4.45948e-06 50009.7
4.47184e-06 50009.7
4.4842e-06 50009.7
4.49656e-06 50009.7
4.50892e-06 50009.7
4.52128e-06 50009.7
4.53363e-06 50009.7
4.54599e-06 50009.7
4.55835e-06 50009.7
4.57071e-06 50009.7
4.58307e-06 50009.7
4.59543e-06 50009.7
4.60779e-06 50009.7
4.62014e-06 50009.7
4.6325e-06 50009.7
4.64486e-06 50009.7
4.65722e-06 50009.7
4.66958e-06 50009.7
4.68194e-06 50009.7
4.6943e-06 50009.7
4.70665e-06 50009.7
4.71901e-06 50009.7
4.73137e-06 50009.7
4.74373e-06 50009.7
4.75609e-06 50009.7
4.76845e-06 50009.7
4.78081e-06 50009.7
4.79316e-06 50009.7
4.80552e-06 50009.7
4.81788e-06 50009.7
4.83024e-06 50009.7
4.8426e-06 50009.7
4.85496e-06 50009.7
4.86732e-06 50009.7
4.87967e-06 50009.7
4.89203e-06 50009.7
4.90439e-06 50009.7
4.91675e-06 50009.7
4.92911e-06 50009.7
4.94147e-06 50009.7
4.95382e-06 50009.7
4.96618e-06 50009.7
4.97854e-06 50009.7
4.9909e-06 50009.7
5.00326e-06 50009.7
5.01562e-06 50009.7
5.02798e-06 50009.7
5.04033e-06 50009.7
5.05269e-06 50009.7
5.06505e-06 50009.7
5.07741e-06 50009.7
5.08977e-06 50009.7
5.10213e-06 50009.7
5.11449e-06 50009.7
5.12684e-06 50009.7
5.1392e-06 50009.7
5.15156e-06 50009.7
5.16392e-06 50009.7
5.17628e-06 50009.7
5.18864e-06 50009.7
5.201e-06 50009.7
5.21335e-06 50009.7
5.22571e-06 50009.7
5.23807e-06 50009.7
5.25043e-06 50009.7
5.26279e-06 50009.7
5.27515e-06 50009.7
5.28751e-06 50009.7
5.29986e-06 50009.7
5.31222e-06 50009.7
5.32458e-06 50009.7
5.33694e-06 50009.7
5.3493e-06 50009.7
5.36166e-06 50009.7
5.37402e-06 50009.7
5.38637e-06 50009.7
5.39873e-06 50009.7
5.41109e-06 50009.7
5.42345e-06 50009.7
5.43581e-06 50009.7
5.44817e-06 50009.7
5.46052e-06 50009.7
5.47288e-06 50009.7
5.48524e-06 50009.7
5.4976e-06 50009.7
5.50996e-06 50009.7
5.52232e-06 50009.7
5.53468e-06 50009.7
5.54703e-06 50009.7
5.55939e-06 50009.7
5.57175e-06 50009.7
5.58411e-06 50009.7
5.59647e-06 50009.7
5.60883e-06 50009.7
5.62119e-06 50009.7
5.63354e-06 50009.7
5.6459e-06 50009.7
5.65826e-06 50009.7
5.67062e-06 50009.7
5.68298e-06 50009.7
5.69534e-06 50009.7
5.7077e-06 50009.7
5.72005e-06 50009.7
5.73241e-06 50009.7
5.74477e-06 50009.7
5.75713e-06 50009.7
5.76949e-06 50009.7
5.78185e-06 50009.7
5.79421e-06 50009.7
5.80656e-06 50009.7
5.81892e-06 50009.7
5.83128e-06 50009.7
5.84364e-06 50009.7
5.856e-06 50009.7
5.86836e-06 50009.7
5.88071e-06 50009.7
5.89307e-06 50009.7
5.90543e-06 50009.7
5.91779e-06 50009.7
5.93015e-06 50009.7
5.94251e-06 50009.7
5.95487e-06 50009.7
5.96722e-06 50009.7
5.97958e-06 50009.7
5.99194e-06 50009.7
6.0043e-06 50009.7
6.01666e-06 50009.7
6.02902e-06 50009.7
6.04138e-06 50009.7
6.05373e-06 50009.7
6.06609e-06 50009.7
6.07845e-06 50009.7
6.09081e-06 50009.7
6.10317e-06 50009.7
6.11553e-06 50009.7
6.12789e-06 50009.7
6.14024e-06 50009.7
6.1526e-06 50009.7
6.16496e-06 50009.7
6.17732e-06 50009.7
6.18968e-06 50009.7
6.20204e-06 50009.7
6.2144e-06 50009.7
6.22675e-06 50009.7
6.23911e-06 50009.7
6.25147e-06 50009.7
6.26383e-06 50009.7
6.27619e-06 50009.7
6.28855e-06 50009.7
6.30091e-06 50009.7
6.31326e-06 50009.7
6.32562e-06 50009.7
6.33798e-06 50009.7
6.35034e-06 50009.7
6.3627e-06 50009.7
6.37506e-06 50009.7
6.38741e-06 50009.7
6.39977e-06 50009.7
6.41213e-06 50009.7
6.42449e-06 50009.7
6.43685e-06 50009.7
6.44921e-06 50009.7
6.46157e-06 50009.7
6.47392e-06 50009.7
6.48628e-06 50009.7
6.49864e-06 50009.7
6.511e-06 50009.7
6.52336e-06 50009.7
6.53572e-06 50009.7
6.54808e-06 50009.7
6.56043e-06 50009.7
6.57279e-06 50009.7
6.58515e-06 50009.7
6.59751e-06 50009.7
6.60987e-06 50009.7
6.62223e-06 50009.7
6.63459e-06 50009.7
6.64694e-06 50009.7
6.6593e-06 50009.7
6.67166e-06 50009.7
6.68402e-06 50009.7
6.69638e-06 50009.7
6.70874e-06 50009.7
6.7211e-06 50009.7
6.73345e-06 50009.7
6.74581e-06 50009.7
6.75817e-06 50009.7
6.77053e-06 50009.7
6.78289e-06 50009.7
6.79525e-06 50009.7
6.8076e-06 50009.7
6.81996e-06 50009.7
6.83232e-06 50009.7
6.84468e-06 50009.7
6.85704e-06 50009.7
6.8694e-06 50009.7
6.88176e-06 50009.7
6.89411e-06 50009.7
6.90647e-06 50009.7
6.91883e-06 50009.7
6.93119e-06 50009.7
6.94355e-06 50009.7
6.95591e-06 50009.7
6.96827e-06 50009.7
6.98062e-06 50009.7
6.99298e-06 50009.7
7.00534e-06 50009.7
7.0177e-06 50009.7
7.03006e-06 50009.7
7.04242e-06 50009.7
7.05478e-06 50009.7
7.06713e-06 50009.7
7.07949e-06 50009.7
7.09185e-06 50009.7
7.10421e-06 50009.7
7.11657e-06 50009.7
7.12893e-06 50009.7
7.14129e-06 50009.7
7.15364e-06 50009.7
7.166e-06 50009.7
7.17836e-06 50009.7
7.19072e-06 50009.7
7.20308e-06 50009.7
7.21544e-06 50009.7
7.2278e-06 50009.7
7.24015e-06 50009.7
7.25251e-06 50009.7
7.26487e-06 50009.7
7.27723e-06 50009.7
7.28959e-06 50009.7
7.30195e-06 50009.7
7.3143e-06 50009.7
7.32666e-06 50009.7
7.33902e-06 50009.7
7.35138e-06 50009.7
7.36374e-06 50009.7
7.3761e-06 50009.7
7.38846e-06 50009.7
7.40081e-06 50009.7
7.41317e-06 50009.7
7.42553e-06 50009.7
7.43789e-06 50009.7
7.45025e-06 50009.7
7.46261e-06 50009.7
7.47497e-06 50009.7
7.48732e-06 50009.7
7.49968e-06 50009.7
7.51204e-06 50009.7
7.5244e-06 50009.7
7.53676e-06 50009.7
7.54912e-06 50009.7
7.56148e-06 50009.7
7.57383e-06 50009.7
7.58619e-06 50009.7
7.59855e-06 50009.7
7.61091e-06 50009.7
7.62327e-06 50009.7
7.63563e-06 50009.7
7.64799e-06 50009.7
7.66034e-06 50009.7
7.6727e-06 50009.7
7.68506e-06 50009.7
7.69742e-06 50009.7
7.70978e-06 50009.7
7.72214e-06 50009.7
7.73449e-06 50009.7
7.74685e-06 50009.7
7.75921e-06 50009.7
7.77157e-06 50009.7
7.78393e-06 50009.7
7.79629e-06 50009.7
7.80865e-06 50009.7
7.821e-06 50009.7
7.83336e-06 50009.7
7.84572e-06 50009.7
7.85808e-06 50009.7
7.87044e-06 50009.7
7.8828e-06 50009.7
7.89516e-06 50009.7
7.90751e-06 50009.7
7.91987e-06 50009.7
7.93223e-06 50009.7
7.94459e-06 50009.7
7.95695e-06 50009.7
7.96931e-06 50009.7
7.98167e-06 50009.7
7.99402e-06 50009.7
8.00638e-06 50009.7
8.01874e-06 50009.7
8.0311e-06 50009.7
8.04346e-06 50009.7
8.05582e-06 50009.7
8.06818e-06 50009.7
8.08053e-06 50009.7
8.09289e-06 50009.7
8.10525e-06 50009.7
8.11761e-06 50009.7
8.12997e-06 50009.7
8.14233e-06 50009.7
8.15469e-06 50009.7
8.16704e-06 50009.7
8.1794e-06 50009.7
8.19176e-06 50009.7
8.20412e-06 50009.7
8.21648e-06 50009.7
8.22884e-06 50009.7
8.24119e-06 50009.7
8.25355e-06 50009.7
8.26591e-06 50009.7
8.27827e-06 50009.7
8.29063e-06 50009.7
8.30299e-06 50009.7
8.31535e-06 50009.7
8.3277e-06 50009.7
8.34006e-06 50009.7
8.35242e-06 50009.7
8.36478e-06 50009.7
8.37714e-06 50009.7
8.3895e-06 50009.7
8.40186e-06 50009.7
8.41421e-06 50009.7
8.42657e-06 50009.7
8.43893e-06 50009.7
8.45129e-06 50009.7
8.46365e-06 50009.7
8.47601e-06 50009.7
8.48837e-06 50009.7
8.50072e-06 50009.7
8.51308e-06 50009.7
8.52544e-06 50009.7
8.5378e-06 50009.7
8.55016e-06 50009.7
8.56252e-06 50009.7
8.57488e-06 50009.7
8.58723e-06 50009.7
8.59959e-06 50009.7
8.61195e-06 50009.7
8.62431e-06 50009.7
8.63667e-06 50009.7
8.64903e-06 50009.7
8.66138e-06 50009.7
8.67374e-06 50009.7
8.6861e-06 50009.7
8.69846e-06 50009.7
8.71082e-06 50009.7
8.72318e-06 50009.7
8.73554e-06 50009.7
8.74789e-06 50009.7
8.76025e-06 50009.7
8.77261e-06 50009.7
8.78497e-06 50009.7
8.79733e-06 50009.7
8.80969e-06 50009.7
8.82205e-06 50009.7
8.8344e-06 50009.7
8.84676e-06 50009.7
8.85912e-06 50009.7
8.87148e-06 50009.7
8.88384e-06 50009.7
8.8962e-06 50009.7
8.90856e-06 50009.7
8.92091e-06 50009.7
8.93327e-06 50009.7
8.94563e-06 50009.7
8.95799e-06 50009.7
8.97035e-06 50009.7
8.98271e-06 50009.7
8.99507e-06 50009.7
9.00742e-06 50009.7
9.01978e-06 50009.7
9.03214e-06 50009.7
9.0445e-06 50009.7
9.05686e-06 50009.7
9.06922e-06 50009.7
9.08157e-06 50009.7
9.09393e-06 50009.7
9.10629e-06 50009.7
9.11865e-06 50009.7
9.13101e-06 50009.7
9.14337e-06 50009.7
9.15573e-06 50009.7
9.16808e-06 50009.7
9.18044e-06 50009.7
9.1928e-06 50009.7
9.20516e-06 50009.7
9.21752e-06 50009.7
9.22988e-06 50009.7
9.24224e-06 50009.7
9.25459e-06 50009.7
9.26695e-06 50009.7
9.27931e-06 50009.7
9.29167e-06 50009.7
9.30403e-06 50009.7
9.31639e-06 50009.7
9.32875e-06 50009.7
9.3411e-06 50009.7
9.35346e-06 50009.7
9.36582e-06 50009.7
9.37818e-06 50009.7
9.39054e-06 50009.7
9.4029e-06 50009.7
9.41526e-06 50009.7
9.42761e-06 50009.7
9.43997e-06 50009.7
9.45233e-06 50009.7
9.46469e-06 50009.7
9.47705e-06 50009.7
9.48941e-06 50009.7
9.50177e-06 50009.7
9.51412e-06 50009.7
9.52648e-06 50009.7
9.53884e-06 50009.7
9.5512e-06 50009.7
9.56356e-06 50009.7
9.57592e-06 50009.7
9.58827e-06 50009.7
9.60063e-06 50009.7
9.61299e-06 50009.7
9.62535e-06 50009.7
9.63771e-06 50009.7
9.65007e-06 50009.7
9.66243e-06 50009.7
9.67478e-06 50009.7
9.68714e-06 50009.7
9.6995e-06 50009.7
9.71186e-06 50009.7
9.72422e-06 50009.7
9.73658e-06 50009.7
9.74894e-06 50009.7
9.76129e-06 50009.7
9.77365e-06 50009.7
9.78601e-06 50009.7
9.79837e-06 50009.7
9.81073e-06 50009.7
9.82309e-06 50009.7
9.83545e-06 50009.7
9.8478e-06 50009.7
9.86016e-06 50009.7
9.87252e-06 50009.7
9.88488e-06 50009.7
9.89724e-06 50009.7
9.9096e-06 50009.7
9.92196e-06 50009.7
9.93431e-06 50009.7
9.94667e-06 50009.7
9.95903e-06 50009.7
9.97139e-06 50009.7
9.98375e-06 50009.7
9.99611e-06 0
1.00085e-05 0
1.00208e-05 0
1.00332e-05 0
1.00455e-05 0
1.00579e-05 0
1.00703e-05 0
1.00826e-05 0
1.0095e-05 0
1.01073e-05 0
1.01197e-05 0
1.01321e-05 0
1.01444e-05 0
1.01568e-05 0
1.01691e-05 0
1.01815e-05 0
1.01938e-05 0
1.02062e-05 0
1.02186e-05 0
1.02309e-05 0
1.02433e-05 0
1.02556e-05 0
1.0268e-05 0
1.02804e-05 0
1.02927e-05 0
1.03051e-05 0
1.03174e-05 0
1.03298e-05 0
1.03421e-05 0
1.03545e-05 0
1.03669e-05 0
1.03792e-05 0
1.03916e-05 0
1.04039e-05 0
1.04163e-05 0
1.04287e-05 0
1.0441e-05 0
1.04534e-05 0
1.04657e-05 0
1.04781e-05 0
1.04904e-05 0
1.05028e-05 0
1.05152e-05 0
1.05275e-05 0
1.05399e-05 0
1.05522e-05 0
1.05646e-05 0
1.0577e-05 0
1.05893e-05 0
1.06017e-05 0
1.0614e-05 0
1.06264e-05 0
1.06388e-05 0
1.06511e-05 0
1.06635e-05 0
1.06758e-05 0
1.06882e-05 0
1.07005e-05 0
1.07129e-05 0
1.07253e-05 0
1.07376e-05 0
1.075e-05 0
1.07623e-05 0
1.07747e-05 0
1.07871e-05 0
1.07994e-05 0
1.08118e-05 0
1.08241e-05 0
1.08365e-05 0
1.08488e-05 0
1.08612e-05 0
1.08736e-05 0
1.08859e-05 0
1.08983e-05 0
1.09106e-05 0
1.0923e-05 0
1.09354e-05 0
1.09477e-05 0
1.09601e-05 0
1.09724e-05 0
1.09848e-05 0
1.09971e-05 0
1.10095e-05 0
1.10219e-05 0
1.10342e-05 0
1.10466e-05 0
1.10589e-05 0
1.10713e-05 0
1.10837e-05 0
1.1096e-05 0
1.11084e-05 0
1.11207e-05 0
1.11331e-05 0
1.11455e-05 0
1.11578e-05 0
1.11702e-05 0
1.11825e-05 0
1.11949e-05 0
1.12072e-05 0
1.12196e-05 0
1.1232e-05 0
1.12443e-05 0
1.12567e-05 0
1.1269e-05 0
1.12814e-05 0
1.12938e-05 0
1.13061e-05 0
1.13185e-05 0
1.13308e-05 0
1.13432e-05 0
1.13555e-05 0
1.13679e-05 0
1.13803e-05 0
1.13926e-05 0
1.1405e-05 0
1.14173e-05 0
1.14297e-05 0
1.14421e-05 0
1.14544e-05 0
1.14668e-05 0
1.14791e-05 0
1.14915e-05 0
1.15038e-05 0
1.15162e-05 0
1.15286e-05 0
1.15409e-05 0
1.15533e-05 0
1.15656e-05 0
1.1578e-05 0
1.15904e-05 0
1.16027e-05 0
1.16151e-05 0
1.16274e-05 0
1.16398e-05 0
1.16521e-05 0
1.16645e-05 0
1.16769e-05 0
1.16892e-05 0
1.17016e-05 0
1.17139e-05 0
1.17263e-05 0
1.17387e-05 0
1.1751e-05 0
1.17634e-05 0
1.17757e-05 0
1.17881e-05 0
1.18005e-05 0
1.18128e-05 0
1.18252e-05 0
1.18375e-05 0
1.18499e-05 0
1.18622e-05 0
1.18746e-05 0
1.1887e-05 0
1.18993e-05 0
1.19117e-05 0
1.1924e-05 0
1.19364e-05 0
1.19488e-05 0
1.19611e-05 0
1.19735e-05 0
1.19858e-05 0
1.19982e-05 0
1.20105e-05 0
1.20229e-05 0
1.20353e-05 0
1.20476e-05 0
1.206e-05 0
1.20723e-05 0
1.20847e-05 0
1.20971e-05 0
1.21094e-05 0
1.21218e-05 0
1.21341e-05 0
1.21465e-05 0
1.21588e-05 0
1.21712e-05 0
1.21836e-05 0
1.21959e-05 0
1.22083e-05 0
1.22206e-05 0
1.2233e-05 0
1.22454e-05 0
1.22577e-05 0
1.22701e-05 0
1.22824e-05 0
1.22948e-05 0
1.23072e-05 0
1.23195e-05 0
1.23319e-05 0
1.23442e-05 0
1.23566e-05 0
1.23689e-05 0
1.23813e-05 0
1.23937e-05 0
1.2406e-05 0
1.24184e-05 0
1.24307e-05 0
1.24431e-05 0
1.24555e-05 0
1.24678e-05 0
1.24802e-05 0
1.24925e-05 0
1.25049e-05 0
1.25172e-05 0
1.25296e-05 0
1.2542e-05 0
1.25543e-05 0
1.25667e-05 0
1.2579e-05 0
1.25914e-05 0
1.26038e-05 0
1.26161e-05 0
1.26285e-05 0
1.26408e-05 0
1.26532e-05 0
1.26655e-05 0
1.26779e-05 0
1.26903e-05 0
1.27026e-05 0
1.2715e-05 0
1.27273e-05 0
1.27397e-05 0
1.27521e-05 0
1.27644e-05 0
1.27768e-05 0
1.27891e-05 0
1.28015e-05 0
1.28139e-05 0
1.28262e-05 0
1.28386e-05 0
1.28509e-05 0
1.28633e-05 0
1.28756e-05 0
1.2888e-05 0
1.29004e-05 0
1.29127e-05 0
1.29251e-05 0
1.29374e-05 0
1.29498e-05 0
1.29622e-05 0
1.29745e-05 0
1.29869e-05 0
