-1e-05 102975
-9.98764e-06 102993
-9.97528e-06 103011
-9.96292e-06 103029
-9.95057e-06 103047
-9.93821e-06 103065
-9.92585e-06 103083
-9.91349e-06 103100
-9.90113e-06 103118
-9.88877e-06 103136
-9.87641e-06 103153
-9.86406e-06 103171
-9.8517e-06 103188
-9.83934e-06 103205
-9.82698e-06 103223
-9.81462e-06 103240
-9.80226e-06 103257
-9.7899e-06 103274
-9.77755e-06 103291
-9.76519e-06 103308
-9.75283e-06 103325
-9.74047e-06 103342
-9.72811e-06 103358
-9.71575e-06 103375
-9.7034e-06 103391
-9.69104e-06 103408
-9.67868e-06 103424
-9.66632e-06 103441
-9.65396e-06 103457
-9.6416e-06 103473
-9.62924e-06 103490
-9.61689e-06 103506
-9.60453e-06 103522
-9.59217e-06 103538
-9.57981e-06 103553
-9.56745e-06 103569
-9.55509e-06 103585
-9.54273e-06 103601
-9.53038e-06 103616
-9.51802e-06 103632
-9.50566e-06 103647
-9.4933e-06 103663
-9.48094e-06 103678
-9.46858e-06 103693
-9.45622e-06 103708
-9.44387e-06 103723
-9.43151e-06 103739
-9.41915e-06 103753
-9.40679e-06 103768
-9.39443e-06 103783
-9.38207e-06 103798
-9.36971e-06 103813
-9.35736e-06 103827
-9.345e-06 103842
-9.33264e-06 103856
-9.32028e-06 103871
-9.30792e-06 103885
-9.29556e-06 103899
-9.28321e-06 103913
-9.27085e-06 103927
-9.25849e-06 103941
-9.24613e-06 103955
-9.23377e-06 103969
-9.22141e-06 103983
-9.20905e-06 103997
-9.1967e-06 104010
-9.18434e-06 104024
-9.17198e-06 104038
-9.15962e-06 104051
-9.14726e-06 104064
-9.1349e-06 104078
-9.12254e-06 104091
-9.11019e-06 104104
-9.09783e-06 104117
-9.08547e-06 104130
-9.07311e-06 104143
-9.06075e-06 104156
-9.04839e-06 104169
-9.03603e-06 104181
-9.02368e-06 104194
-9.01132e-06 104207
-8.99896e-06 104219
-8.9866e-06 104231
-8.97424e-06 104244
-8.96188e-06 104256
-8.94952e-06 104268
-8.93717e-06 104280
-8.92481e-06 104292
-8.91245e-06 104304
-8.90009e-06 104316
-8.88773e-06 104328
-8.87537e-06 104340
-8.86301e-06 104351
-8.85066e-06 104363
-8.8383e-06 104374
-8.82594e-06 104386
-8.81358e-06 104397
-8.80122e-06 104408
-8.78886e-06 104420
-8.77651e-06 104431
-8.76415e-06 104442
-8.75179e-06 104453
-8.73943e-06 104464
-8.72707e-06 104474
-8.71471e-06 104485
-8.70235e-06 104496
-8.69e-06 104506
-8.67764e-06 104517
-8.66528e-06 104527
-8.65292e-06 104538
-8.64056e-06 104548
-8.6282e-06 104558
-8.61584e-06 104568
-8.60349e-06 104578
-8.59113e-06 104588
-8.57877e-06 104598
-8.56641e-06 104608
-8.55405e-06 104618
-8.54169e-06 104627
-8.52933e-06 104637
-8.51698e-06 104646
-8.50462e-06 104656
-8.49226e-06 104665
-8.4799e-06 104674
-8.46754e-06 104683
-8.45518e-06 104693
-8.44282e-06 104702
-8.43047e-06 104711
-8.41811e-06 104719
-8.40575e-06 104728
-8.39339e-06 104737
-8.38103e-06 104745
-8.36867e-06 104754
-8.35632e-06 104763
-8.34396e-06 104771
-8.3316e-06 104779
-8.31924e-06 104787
-8.30688e-06 104796
-8.29452e-06 104804
-8.28216e-06 104812
-8.26981e-06 104820
-8.25745e-06 104827
-8.24509e-06 104835
-8.23273e-06 104843
-8.22037e-06 104850
-8.20801e-06 104858
-8.19565e-06 104865
-8.1833e-06 104873
-8.17094e-06 104880
-8.15858e-06 104887
-8.14622e-06 104894
-8.13386e-06 104901
-8.1215e-06 104908
-8.10914e-06 104915
-8.09679e-06 104922
-8.08443e-06 104928
-8.07207e-06 104935
-8.05971e-06 104941
-8.04735e-06 104948
-8.03499e-06 104954
-8.02263e-06 104961
-8.01028e-06 104967
-7.99792e-06 104973
-7.98556e-06 104979
-7.9732e-06 104985
-7.96084e-06 104991
-7.94848e-06 104996
-7.93612e-06 105002
-7.92377e-06 105008
-7.91141e-06 105013
-7.89905e-06 105019
-7.88669e-06 105024
-7.87433e-06 105029
-7.86197e-06 105035
-7.84962e-06 105040
-7.83726e-06 105045
-7.8249e-06 105050
-7.81254e-06 105055
-7.80018e-06 105059
-7.78782e-06 105064
-7.77546e-06 105069
-7.76311e-06 105073
-7.75075e-06 105078
-7.73839e-06 105082
-7.72603e-06 105086
-7.71367e-06 105090
-7.70131e-06 105095
-7.68895e-06 105099
-7.6766e-06 105103
-7.66424e-06 105106
-7.65188e-06 105110
-7.63952e-06 105114
-7.62716e-06 105117
-7.6148e-06 105121
-7.60244e-06 105124
-7.59009e-06 105128
-7.57773e-06 105131
-7.56537e-06 105134
-7.55301e-06 105137
-7.54065e-06 105140
-7.52829e-06 105143
-7.51593e-06 105146
-7.50358e-06 105149
-7.49122e-06 105151
-7.47886e-06 105154
-7.4665e-06 105156
-7.45414e-06 105159
-7.44178e-06 105161
-7.42943e-06 105163
-7.41707e-06 105165
-7.40471e-06 105168
-7.39235e-06 105169
-7.37999e-06 105171
-7.36763e-06 105173
-7.35527e-06 105175
-7.34292e-06 105176
-7.33056e-06 105178
-7.3182e-06 105179
-7.30584e-06 105181
-7.29348e-06 105182
-7.28112e-06 105183
-7.26876e-06 105184
-7.25641e-06 105185
-7.24405e-06 105186
-7.23169e-06 105187
-7.21933e-06 105188
-7.20697e-06 105188
-7.19461e-06 105189
-7.18225e-06 105189
-7.1699e-06 105190
-7.15754e-06 105190
-7.14518e-06 105190
-7.13282e-06 105190
-7.12046e-06 105190
-7.1081e-06 105190
-7.09574e-06 105190
-7.08339e-06 105190
-7.07103e-06 105190
-7.05867e-06 105189
-7.04631e-06 105189
-7.03395e-06 105188
-7.02159e-06 105187
-7.00924e-06 105187
-6.99688e-06 105186
-6.98452e-06 105185
-6.97216e-06 105184
-6.9598e-06 105182
-6.94744e-06 105181
-6.93508e-06 105180
-6.92273e-06 105178
-6.91037e-06 105177
-6.89801e-06 105175
-6.88565e-06 105174
-6.87329e-06 105172
-6.86093e-06 105170
-6.84857e-06 105168
-6.83622e-06 105166
-6.82386e-06 105164
-6.8115e-06 105162
-6.79914e-06 105159
-6.78678e-06 105157
-6.77442e-06 105154
-6.76206e-06 105152
-6.74971e-06 105149
-6.73735e-06 105146
-6.72499e-06 105143
-6.71263e-06 105140
-6.70027e-06 105137
-6.68791e-06 105134
-6.67555e-06 105131
-6.6632e-06 105128
-6.65084e-06 105124
-6.63848e-06 105121
-6.62612e-06 105117
-6.61376e-06 105113
-6.6014e-06 105110
-6.58904e-06 105106
-6.57669e-06 105102
-6.56433e-06 105098
-6.55197e-06 105093
-6.53961e-06 105089
-6.52725e-06 105085
-6.51489e-06 105080
-6.50254e-06 105076
-6.49018e-06 105071
-6.47782e-06 105066
-6.46546e-06 105062
-6.4531e-06 105057
-6.44074e-06 105052
-6.42838e-06 105047
-6.41603e-06 105041
-6.40367e-06 105036
-6.39131e-06 105031
-6.37895e-06 105025
-6.36659e-06 105020
-6.35423e-06 105014
-6.34187e-06 105008
-6.32952e-06 105002
-6.31716e-06 104996
-6.3048e-06 104990
-6.29244e-06 104984
-6.28008e-06 104978
-6.26772e-06 104971
-6.25536e-06 104965
-6.24301e-06 104959
-6.23065e-06 104952
-6.21829e-06 104945
-6.20593e-06 104938
-6.19357e-06 104931
-6.18121e-06 104924
-6.16885e-06 104917
-6.1565e-06 104910
-6.14414e-06 104903
-6.13178e-06 104895
-6.11942e-06 104888
-6.10706e-06 104880
-6.0947e-06 104873
-6.08235e-06 104865
-6.06999e-06 104857
-6.05763e-06 104849
-6.04527e-06 104841
-6.03291e-06 104833
-6.02055e-06 104825
-6.00819e-06 104816
-5.99584e-06 104808
-5.98348e-06 104799
-5.97112e-06 104790
-5.95876e-06 104782
-5.9464e-06 104773
-5.93404e-06 104764
-5.92168e-06 104755
-5.90933e-06 104746
-5.89697e-06 104737
-5.88461e-06 104727
-5.87225e-06 104718
-5.85989e-06 104708
-5.84753e-06 104699
-5.83517e-06 104689
-5.82282e-06 104679
-5.81046e-06 104669
-5.7981e-06 104659
-5.78574e-06 104649
-5.77338e-06 104639
-5.76102e-06 104628
-5.74866e-06 104618
-5.73631e-06 104607
-5.72395e-06 104597
-5.71159e-06 104586
-5.69923e-06 104575
-5.68687e-06 104564
-5.67451e-06 104553
-5.66215e-06 104542
-5.6498e-06 104531
-5.63744e-06 104520
-5.62508e-06 104508
-5.61272e-06 104497
-5.60036e-06 104485
-5.588e-06 104474
-5.57565e-06 104462
-5.56329e-06 104450
-5.55093e-06 104438
-5.53857e-06 104426
-5.52621e-06 104413
-5.51385e-06 104401
-5.50149e-06 104389
-5.48914e-06 104376
-5.47678e-06 104364
-5.46442e-06 104351
-5.45206e-06 104338
-5.4397e-06 104325
-5.42734e-06 104312
-5.41498e-06 104299
-5.40263e-06 104286
-5.39027e-06 104273
-5.37791e-06 104259
-5.36555e-06 104246
-5.35319e-06 104232
-5.34083e-06 104218
-5.32847e-06 104204
-5.31612e-06 104190
-5.30376e-06 104176
-5.2914e-06 104162
-5.27904e-06 104148
-5.26668e-06 104134
-5.25432e-06 104119
-5.24196e-06 104105
-5.22961e-06 104090
-5.21725e-06 104075
-5.20489e-06 104061
-5.19253e-06 104046
-5.18017e-06 104031
-5.16781e-06 104015
-5.15546e-06 104000
-5.1431e-06 103985
-5.13074e-06 103969
-5.11838e-06 103954
-5.10602e-06 103938
-5.09366e-06 103922
-5.0813e-06 103906
-5.06895e-06 103891
-5.05659e-06 103874
-5.04423e-06 103858
-5.03187e-06 103842
-5.01951e-06 103826
-5.00715e-06 103809
-4.99479e-06 103792
-4.98244e-06 103776
-4.97008e-06 103759
-4.95772e-06 103742
-4.94536e-06 103725
-4.933e-06 103708
-4.92064e-06 103691
-4.90828e-06 103673
-4.89593e-06 103656
-4.88357e-06 103638
-4.87121e-06 103621
-4.85885e-06 103603
-4.84649e-06 103585
-4.83413e-06 103567
-4.82177e-06 103549
-4.80942e-06 103531
-4.79706e-06 103513
-4.7847e-06 103494
-4.77234e-06 103476
-4.75998e-06 103457
-4.74762e-06 103439
-4.73526e-06 103420
-4.72291e-06 103401
-4.71055e-06 103382
-4.69819e-06 103363
-4.68583e-06 103344
-4.67347e-06 103324
-4.66111e-06 103305
-4.64876e-06 103285
-4.6364e-06 103266
-4.62404e-06 103246
-4.61168e-06 103226
-4.59932e-06 103206
-4.58696e-06 103186
-4.5746e-06 103166
-4.56225e-06 103146
-4.54989e-06 103125
-4.53753e-06 103105
-4.52517e-06 103084
-4.51281e-06 103064
-4.50045e-06 103043
-4.48809e-06 103022
-4.47574e-06 103001
-4.46338e-06 102980
-4.45102e-06 102958
-4.43866e-06 102937
-4.4263e-06 102916
-4.41394e-06 102894
-4.40158e-06 102872
-4.38923e-06 102851
-4.37687e-06 102829
-4.36451e-06 102807
-4.35215e-06 102785
-4.33979e-06 102763
-4.32743e-06 102740
-4.31507e-06 102718
-4.30272e-06 102695
-4.29036e-06 102673
-4.278e-06 102650
-4.26564e-06 102627
-4.25328e-06 102604
-4.24092e-06 102581
-4.22857e-06 102558
-4.21621e-06 102535
-4.20385e-06 102511
-4.19149e-06 102488
-4.17913e-06 102464
-4.16677e-06 102440
-4.15441e-06 102417
-4.14206e-06 102393
-4.1297e-06 102369
-4.11734e-06 102344
-4.10498e-06 102320
-4.09262e-06 102296
-4.08026e-06 102271
-4.0679e-06 102247
-4.05555e-06 102222
-4.04319e-06 102197
-4.03083e-06 102172
-4.01847e-06 102147
-4.00611e-06 102122
-3.99375e-06 102097
-3.98139e-06 102071
-3.96904e-06 102046
-3.95668e-06 102020
-3.94432e-06 101995
-3.93196e-06 101969
-3.9196e-06 101943
-3.90724e-06 101917
-3.89488e-06 101891
-3.88253e-06 101865
-3.87017e-06 101838
-3.85781e-06 101812
-3.84545e-06 101785
-3.83309e-06 101759
-3.82073e-06 101732
-3.80837e-06 101705
-3.79602e-06 101678
-3.78366e-06 101651
-3.7713e-06 101624
-3.75894e-06 101596
-3.74658e-06 101569
-3.73422e-06 101541
-3.72187e-06 101513
-3.70951e-06 101486
-3.69715e-06 101458
-3.68479e-06 101430
-3.67243e-06 101402
-3.66007e-06 101373
-3.64771e-06 101345
-3.63536e-06 101317
-3.623e-06 101288
-3.61064e-06 101259
-3.59828e-06 101230
-3.58592e-06 101202
-3.57356e-06 101173
-3.5612e-06 101143
-3.54885e-06 101114
-3.53649e-06 101085
-3.52413e-06 101055
-3.51177e-06 101026
-3.49941e-06 100996
-3.48705e-06 100966
-3.47469e-06 100936
-3.46234e-06 100906
-3.44998e-06 100876
-3.43762e-06 100846
-3.42526e-06 100815
-3.4129e-06 100785
-3.40054e-06 100754
-3.38818e-06 100724
-3.37583e-06 100693
-3.36347e-06 100662
-3.35111e-06 100631
-3.33875e-06 100600
-3.32639e-06 100568
-3.31403e-06 100537
-3.30168e-06 100505
-3.28932e-06 100474
-3.27696e-06 100442
-3.2646e-06 100410
-3.25224e-06 100378
-3.23988e-06 100346
-3.22752e-06 100314
-3.21517e-06 100282
-3.20281e-06 100249
-3.19045e-06 100217
-3.17809e-06 100184
-3.16573e-06 100151
-3.15337e-06 100118
-3.14101e-06 100085
-3.12866e-06 100052
-3.1163e-06 100019
-3.10394e-06 99985.8
-3.09158e-06 99952.3
-3.07922e-06 99918.7
-3.06686e-06 99885
-3.0545e-06 99851.2
-3.04215e-06 99817.3
-3.02979e-06 99783.3
-3.01743e-06 99749.1
-3.00507e-06 99714.9
-2.99271e-06 99680.5
-2.98035e-06 99646
-2.96799e-06 99611.4
-2.95564e-06 99576.7
-2.94328e-06 99541.8
-2.93092e-06 99506.9
-2.91856e-06 99471.8
-2.9062e-06 99436.6
-2.89384e-06 99401.3
-2.88148e-06 99365.9
-2.86913e-06 99330.4
-2.85677e-06 99294.7
-2.84441e-06 99258.9
-2.83205e-06 99223.1
-2.81969e-06 99187.1
-2.80733e-06 99150.9
-2.79498e-06 99114.7
-2.78262e-06 99078.4
-2.77026e-06 99041.9
-2.7579e-06 99005.3
-2.74554e-06 98968.6
-2.73318e-06 98931.8
-2.72082e-06 98894.9
-2.70847e-06 98857.8
-2.69611e-06 98820.7
-2.68375e-06 98783.4
-2.67139e-06 98746
-2.65903e-06 98708.5
-2.64667e-06 98670.8
-2.63431e-06 98633.1
-2.62196e-06 98595.2
-2.6096e-06 98557.2
-2.59724e-06 98519.1
-2.58488e-06 98480.9
-2.57252e-06 98442.5
-2.56016e-06 98404.1
-2.5478e-06 98365.5
-2.53545e-06 98326.8
-2.52309e-06 98288
-2.51073e-06 98249.1
-2.49837e-06 98210
-2.48601e-06 98170.9
-2.47365e-06 98131.6
-2.46129e-06 98092.2
-2.44894e-06 98052.7
-2.43658e-06 98013
-2.42422e-06 97973.3
-2.41186e-06 97933.4
-2.3995e-06 97893.4
-2.38714e-06 97853.3
-2.37479e-06 97813.1
-2.36243e-06 97772.7
-2.35007e-06 97732.3
-2.33771e-06 97691.7
-2.32535e-06 97651
-2.31299e-06 97610.2
-2.30063e-06 97569.2
-2.28828e-06 97528.2
-2.27592e-06 97487
-2.26356e-06 97445.7
-2.2512e-06 97404.3
-2.23884e-06 97362.8
-2.22648e-06 97321.1
-2.21412e-06 97279.3
-2.20177e-06 97237.5
-2.18941e-06 97195.4
-2.17705e-06 97153.3
-2.16469e-06 97111.1
-2.15233e-06 97068.7
-2.13997e-06 97026.2
-2.12761e-06 96983.6
-2.11526e-06 96940.9
-2.1029e-06 96898
-2.09054e-06 96855.1
-2.07818e-06 96812
-2.06582e-06 96768.8
-2.05346e-06 96725.5
-2.0411e-06 96682
-2.02875e-06 96638.4
-2.01639e-06 96594.8
-2.00403e-06 96551
-1.99167e-06 96507
-1.97931e-06 96463
-1.96695e-06 96418.8
-1.95459e-06 96374.5
-1.94224e-06 96330.1
-1.92988e-06 96285.6
-1.91752e-06 96241
-1.90516e-06 96196.2
-1.8928e-06 96151.3
-1.88044e-06 96106.3
-1.86809e-06 96061.2
-1.85573e-06 96015.9
-1.84337e-06 95970.6
-1.83101e-06 95925.1
-1.81865e-06 95879.5
-1.80629e-06 95833.7
-1.79393e-06 95787.9
-1.78158e-06 95741.9
-1.76922e-06 95695.8
-1.75686e-06 95649.6
-1.7445e-06 95603.3
-1.73214e-06 95556.8
-1.71978e-06 95510.3
-1.70742e-06 95463.6
-1.69507e-06 95416.7
-1.68271e-06 95369.8
-1.67035e-06 95322.7
-1.65799e-06 95275.6
-1.64563e-06 95228.3
-1.63327e-06 95180.8
-1.62091e-06 95133.3
-1.60856e-06 95085.6
-1.5962e-06 95037.8
-1.58384e-06 94989.9
-1.57148e-06 94941.9
-1.55912e-06 94893.7
-1.54676e-06 94845.5
-1.5344e-06 94797.1
-1.52205e-06 94748.5
-1.50969e-06 94699.9
-1.49733e-06 94651.1
-1.48497e-06 94602.3
-1.47261e-06 94553.3
-1.46025e-06 94504.1
-1.4479e-06 94454.9
-1.43554e-06 94405.5
-1.42318e-06 94356
-1.41082e-06 94306.4
-1.39846e-06 94256.7
-1.3861e-06 94206.8
-1.37374e-06 94156.8
-1.36139e-06 94106.7
-1.34903e-06 94056.5
-1.33667e-06 94006.2
-1.32431e-06 93955.7
-1.31195e-06 93905.1
-1.29959e-06 93854.4
-1.28723e-06 93803.5
-1.27488e-06 93752.6
-1.26252e-06 93701.5
-1.25016e-06 93650.3
-1.2378e-06 93599
-1.22544e-06 93547.5
-1.21308e-06 93495.9
-1.20072e-06 93444.3
-1.18837e-06 93392.4
-1.17601e-06 93340.5
-1.16365e-06 93288.4
-1.15129e-06 93236.2
-1.13893e-06 93183.9
-1.12657e-06 93131.5
-1.11421e-06 93079
-1.10186e-06 93026.3
-1.0895e-06 92973.5
-1.07714e-06 92920.6
-1.06478e-06 92867.5
-1.05242e-06 92814.3
-1.04006e-06 92761
-1.02771e-06 92707.6
-1.01535e-06 92654.1
-1.00299e-06 92600.4
-9.90629e-07 92546.6
-9.78271e-07 92492.7
-9.65912e-07 92438.7
-9.53554e-07 92384.6
-9.41195e-07 92330.3
-9.28837e-07 92275.9
-9.16478e-07 92221.4
-9.0412e-07 92166.7
-8.91761e-07 92111.9
-8.79403e-07 92057
-8.67044e-07 92002
-8.54686e-07 91946.9
-8.42327e-07 91891.6
-8.29968e-07 91836.2
-8.1761e-07 91780.7
-8.05251e-07 91725.1
-7.92893e-07 91669.3
-7.80534e-07 91613.4
-7.68176e-07 91557.4
-7.55817e-07 91501.3
-7.43459e-07 91445.1
-7.311e-07 91388.7
-7.18742e-07 91332.2
-7.06383e-07 91275.5
-6.94025e-07 91218.8
-6.81666e-07 91161.9
-6.69308e-07 91104.9
-6.56949e-07 91047.8
-6.4459e-07 90990.6
-6.32232e-07 90933.2
-6.19873e-07 90875.7
-6.07515e-07 90818.1
-5.95156e-07 90760.3
-5.82798e-07 90702.5
-5.70439e-07 90644.5
-5.58081e-07 90586.4
-5.45722e-07 90528.1
-5.33364e-07 90469.8
-5.21005e-07 90411.3
-5.08647e-07 90352.7
-4.96288e-07 90294
-4.8393e-07 90235.1
-4.71571e-07 90176.1
-4.59213e-07 90117
-4.46854e-07 90057.8
-4.34495e-07 89998.4
-4.22137e-07 89939
-4.09778e-07 89879.3
-3.9742e-07 89819.6
-3.85061e-07 89759.8
-3.72703e-07 89699.8
-3.60344e-07 89639.7
-3.47986e-07 89579.5
-3.35627e-07 89519.1
-3.23269e-07 89458.6
-3.1091e-07 89398
-2.98552e-07 89337.3
-2.86193e-07 89276.5
-2.73835e-07 89215.5
-2.61476e-07 89154.4
-2.49117e-07 89093.2
-2.36759e-07 89031.8
-2.244e-07 88970.4
-2.12042e-07 88908.8
-1.99683e-07 88847.1
-1.87325e-07 88785.2
-1.74966e-07 88723.2
-1.62608e-07 88661.2
-1.50249e-07 88598.9
-1.37891e-07 88536.6
-1.25532e-07 88474.1
-1.13174e-07 88411.5
-1.00815e-07 88348.8
-8.84565e-08 88286
-7.6098e-08 88223
-6.37394e-08 88159.9
-5.13809e-08 88096.7
-3.90224e-08 88033.4
-2.66638e-08 87969.9
-1.43053e-08 87906.3
-1.94678e-09 87842.6
1.04118e-08 87778.7
2.27703e-08 87714.8
3.51288e-08 87650.7
4.74874e-08 87586.5
5.98459e-08 87522.1
7.22044e-08 87457.7
8.4563e-08 87393.1
9.69215e-08 87328.4
1.0928e-07 87263.5
1.21639e-07 87198.6
1.33997e-07 87133.5
1.46356e-07 87068.3
1.58714e-07 87002.9
1.71073e-07 86937.4
1.83431e-07 86871.9
1.9579e-07 86806.1
2.08148e-07 86740.3
2.20507e-07 86674.3
2.32865e-07 86608.2
2.45224e-07 86542
2.57582e-07 86475.7
2.69941e-07 86409.2
2.82299e-07 86342.6
2.94658e-07 86275.9
3.07017e-07 86209.1
3.19375e-07 86142.1
3.31734e-07 86075
3.44092e-07 86007.8
3.56451e-07 85940.5
3.68809e-07 85873
3.81168e-07 85805.4
3.93526e-07 85737.7
4.05885e-07 85669.8
4.18243e-07 85601.9
4.30602e-07 85533.8
4.4296e-07 85465.6
4.55319e-07 85397.2
4.67677e-07 85328.7
4.80036e-07 85260.1
4.92395e-07 85191.4
5.04753e-07 85122.6
5.17112e-07 85053.6
5.2947e-07 84984.5
5.41829e-07 84915.3
5.54187e-07 84846
5.66546e-07 84776.5
5.78904e-07 84706.9
5.91263e-07 84637.2
6.03621e-07 84567.3
6.1598e-07 84497.3
6.28338e-07 84427.2
6.40697e-07 84357
6.53055e-07 84286.7
6.65414e-07 84216.2
6.77773e-07 84145.6
6.90131e-07 84074.9
7.0249e-07 84004
7.14848e-07 83933.1
7.27207e-07 83862
7.39565e-07 83790.7
7.51924e-07 83719.4
7.64282e-07 83647.9
7.76641e-07 83576.3
7.88999e-07 83504.6
8.01358e-07 83432.7
8.13716e-07 83360.7
8.26075e-07 83288.6
8.38433e-07 83216.4
8.50792e-07 83144.1
8.63151e-07 83071.6
8.75509e-07 82999
8.87868e-07 82926.2
9.00226e-07 82853.4
9.12585e-07 82780.4
9.24943e-07 82707.3
9.37302e-07 82634.1
9.4966e-07 82560.7
9.62019e-07 82487.2
9.74377e-07 82413.6
9.86736e-07 82339.9
9.99094e-07 82266
1.01145e-06 82192.1
1.02381e-06 82117.9
1.03617e-06 82043.7
1.04853e-06 81969.4
1.06089e-06 81894.9
1.07325e-06 81820.3
1.0856e-06 81745.5
1.09796e-06 81670.7
1.11032e-06 81595.7
1.12268e-06 81520.6
1.13504e-06 81445.3
1.1474e-06 81370
1.15976e-06 81294.5
1.17211e-06 81218.9
1.18447e-06 81143.1
1.19683e-06 81067.3
1.20919e-06 80991.3
1.22155e-06 80915.2
1.23391e-06 80838.9
1.24627e-06 80762.6
1.25862e-06 80686.1
1.27098e-06 80609.5
1.28334e-06 80532.7
1.2957e-06 80455.9
1.30806e-06 80378.9
1.32042e-06 80301.8
1.33277e-06 80224.5
1.34513e-06 80147.2
1.35749e-06 80069.7
1.36985e-06 79992.1
1.38221e-06 79914.3
1.39457e-06 79836.5
1.40693e-06 79758.5
1.41928e-06 79680.4
1.43164e-06 79602.1
1.444e-06 79523.8
1.45636e-06 79445.3
1.46872e-06 79366.6
1.48108e-06 79287.9
1.49344e-06 79209
1.50579e-06 79130.1
1.51815e-06 79050.9
1.53051e-06 78971.7
1.54287e-06 78892.3
1.55523e-06 78812.8
1.56759e-06 78733.2
1.57995e-06 78653.5
1.5923e-06 78573.6
1.60466e-06 78493.6
1.61702e-06 78413.5
1.62938e-06 78333.3
1.64174e-06 78252.9
1.6541e-06 78172.4
1.66646e-06 78091.8
1.67881e-06 78011.1
1.69117e-06 77930.2
1.70353e-06 77849.2
1.71589e-06 77768.1
1.72825e-06 77686.9
1.74061e-06 77605.5
1.75296e-06 77524
1.76532e-06 77442.4
1.77768e-06 77360.7
1.79004e-06 77278.8
1.8024e-06 77196.9
1.81476e-06 77114.7
1.82712e-06 77032.5
1.83947e-06 76950.2
1.85183e-06 76867.7
1.86419e-06 76785.1
1.87655e-06 76702.3
1.88891e-06 76619.5
1.90127e-06 76536.5
1.91363e-06 76453.4
1.92598e-06 76370.2
1.93834e-06 76286.8
1.9507e-06 76203.3
1.96306e-06 76119.7
1.97542e-06 76036
1.98778e-06 75952.2
2.00014e-06 75868.2
2.01249e-06 75784.1
2.02485e-06 75699.9
2.03721e-06 75615.5
2.04957e-06 75531.1
2.06193e-06 75446.5
2.07429e-06 75361.8
2.08665e-06 75276.9
2.099e-06 75191.9
2.11136e-06 75106.9
2.12372e-06 75021.6
2.13608e-06 74936.3
2.14844e-06 74850.9
2.1608e-06 74765.3
2.17316e-06 74679.6
2.18551e-06 74593.7
2.19787e-06 74507.8
2.21023e-06 74421.7
2.22259e-06 74335.5
2.23495e-06 74249.2
2.24731e-06 74162.7
2.25966e-06 74076.1
2.27202e-06 73989.4
2.28438e-06 73902.6
2.29674e-06 73815.7
2.3091e-06 73728.6
2.32146e-06 73641.4
2.33382e-06 73554.1
2.34617e-06 73466.7
2.35853e-06 73379.1
2.37089e-06 73291.4
2.38325e-06 73203.6
2.39561e-06 73115.7
2.40797e-06 73027.6
2.42033e-06 72939.5
2.43268e-06 72851.2
2.44504e-06 72762.8
2.4574e-06 72674.2
2.46976e-06 72585.5
2.48212e-06 72496.8
2.49448e-06 72407.8
2.50684e-06 72318.8
2.51919e-06 72229.7
2.53155e-06 72140.4
2.54391e-06 72051
2.55627e-06 71961.4
2.56863e-06 71871.8
2.58099e-06 71782
2.59335e-06 71692.1
2.6057e-06 71602.1
2.61806e-06 71512
2.63042e-06 71421.7
2.64278e-06 71331.3
2.65514e-06 71240.8
2.6675e-06 71150.2
2.67985e-06 71059.5
2.69221e-06 70968.6
2.70457e-06 70877.6
2.71693e-06 70786.5
2.72929e-06 70695.3
2.74165e-06 70603.9
2.75401e-06 70512.4
2.76636e-06 70420.8
2.77872e-06 70329.1
2.79108e-06 70237.3
2.80344e-06 70145.3
2.8158e-06 70053.2
2.82816e-06 69961
2.84052e-06 69868.7
2.85287e-06 69776.2
2.86523e-06 69683.7
2.87759e-06 69591
2.88995e-06 69498.2
2.90231e-06 69405.2
2.91467e-06 69312.2
2.92703e-06 69219
2.93938e-06 69125.7
2.95174e-06 69032.3
2.9641e-06 68938.7
2.97646e-06 68845.1
2.98882e-06 68751.3
3.00118e-06 68657.4
3.01354e-06 68563.4
3.02589e-06 68469.2
3.03825e-06 68375
3.05061e-06 68280.6
3.06297e-06 68186.1
3.07533e-06 68091.5
3.08769e-06 67996.7
3.10005e-06 67901.8
3.1124e-06 67806.9
3.12476e-06 67711.8
3.13712e-06 67616.5
3.14948e-06 67521.2
3.16184e-06 67425.7
3.1742e-06 67330.2
3.18655e-06 67234.4
3.19891e-06 67138.6
3.21127e-06 67042.7
3.22363e-06 66946.6
3.23599e-06 66850.4
3.24835e-06 66754.1
3.26071e-06 66657.7
3.27306e-06 66561.2
3.28542e-06 66464.5
3.29778e-06 66367.8
3.31014e-06 66270.9
3.3225e-06 66173.9
3.33486e-06 66076.7
3.34722e-06 65979.5
3.35957e-06 65882.1
3.37193e-06 65784.6
3.38429e-06 65687
3.39665e-06 65589.3
3.40901e-06 65491.4
3.42137e-06 65393.5
3.43373e-06 65295.4
3.44608e-06 65197.2
3.45844e-06 65098.9
3.4708e-06 65000.5
3.48316e-06 64901.9
3.49552e-06 64803.2
3.50788e-06 64704.5
3.52024e-06 64605.5
3.53259e-06 64506.5
3.54495e-06 64407.4
3.55731e-06 64308.1
3.56967e-06 64208.8
3.58203e-06 64109.3
3.59439e-06 64009.7
3.60674e-06 63909.9
3.6191e-06 63810.1
3.63146e-06 63710.1
3.64382e-06 63610.1
3.65618e-06 63509.9
3.66854e-06 63409.6
3.6809e-06 63309.1
3.69325e-06 63208.6
3.70561e-06 63107.9
3.71797e-06 63007.2
3.73033e-06 62906.3
3.74269e-06 62805.3
3.75505e-06 62704.1
3.76741e-06 62602.9
3.77976e-06 62501.6
3.79212e-06 62400.1
3.80448e-06 62298.5
3.81684e-06 62196.8
3.8292e-06 62095
3.84156e-06 61993.1
3.85392e-06 61891
3.86627e-06 61788.8
3.87863e-06 61686.6
3.89099e-06 61584.2
3.90335e-06 61481.7
3.91571e-06 61379.1
3.92807e-06 61276.3
3.94043e-06 61173.5
3.95278e-06 61070.5
3.96514e-06 60967.4
3.9775e-06 60864.2
3.98986e-06 60760.9
4.00222e-06 60657.5
4.01458e-06 60554
4.02693e-06 60450.3
4.03929e-06 60346.6
4.05165e-06 60242.7
4.06401e-06 60138.7
4.07637e-06 60034.6
4.08873e-06 59930.4
4.10109e-06 59826
4.11344e-06 59721.6
4.1258e-06 59617
4.13816e-06 59512.4
4.15052e-06 59407.6
4.16288e-06 59302.7
4.17524e-06 59197.7
4.1876e-06 59092.5
4.19995e-06 58987.3
4.21231e-06 58882
4.22467e-06 58776.5
4.23703e-06 58670.9
4.24939e-06 58565.3
4.26175e-06 58459.5
4.27411e-06 58353.6
4.28646e-06 58247.5
4.29882e-06 58141.4
4.31118e-06 58035.2
4.32354e-06 57928.8
4.3359e-06 57822.4
4.34826e-06 57715.8
4.36062e-06 57609.1
4.37297e-06 57502.3
4.38533e-06 57395.4
4.39769e-06 57288.4
4.41005e-06 57181.2
4.42241e-06 57074
4.43477e-06 56966.6
4.44713e-06 56859.2
4.45948e-06 56751.6
4.47184e-06 56643.9
4.4842e-06 56536.1
4.49656e-06 56428.2
4.50892e-06 56320.2
4.52128e-06 56212.1
4.53363e-06 56103.9
4.54599e-06 55995.5
4.55835e-06 55887.1
4.57071e-06 55778.5
4.58307e-06 55669.9
4.59543e-06 55561.1
4.60779e-06 55452.2
4.62014e-06 55343.2
4.6325e-06 55234.1
4.64486e-06 55124.9
4.65722e-06 55015.6
4.66958e-06 54906.2
4.68194e-06 54796.6
4.6943e-06 54687
4.70665e-06 54577.2
4.71901e-06 54467.4
4.73137e-06 54357.4
4.74373e-06 54247.3
4.75609e-06 54137.2
4.76845e-06 54026.9
4.78081e-06 53916.5
4.79316e-06 53806
4.80552e-06 53695.4
4.81788e-06 53584.7
4.83024e-06 53473.8
4.8426e-06 53362.9
4.85496e-06 53251.9
4.86732e-06 53140.7
4.87967e-06 53029.5
4.89203e-06 52918.1
4.90439e-06 52806.7
4.91675e-06 52695.1
4.92911e-06 52583.4
4.94147e-06 52471.7
4.95382e-06 52359.8
4.96618e-06 52247.8
4.97854e-06 52135.7
4.9909e-06 52023.5
5.00326e-06 51911.2
5.01562e-06 51798.8
5.02798e-06 51686.3
5.04033e-06 51573.7
5.05269e-06 51460.9
5.06505e-06 51348.1
5.07741e-06 51235.2
5.08977e-06 51122.2
5.10213e-06 51009
5.11449e-06 50895.8
5.12684e-06 50782.4
5.1392e-06 50669
5.15156e-06 50555.4
5.16392e-06 50441.8
5.17628e-06 50328
5.18864e-06 50214.2
5.201e-06 50100.2
5.21335e-06 49986.2
5.22571e-06 49872
5.23807e-06 49757.7
5.25043e-06 49643.3
5.26279e-06 49528.9
5.27515e-06 49414.3
5.28751e-06 49299.6
5.29986e-06 49184.8
5.31222e-06 49070
5.32458e-06 48955
5.33694e-06 48839.9
5.3493e-06 48724.7
5.36166e-06 48609.4
5.37402e-06 48494
5.38637e-06 48378.6
5.39873e-06 48263
5.41109e-06 48147.3
5.42345e-06 48031.5
5.43581e-06 47915.6
5.44817e-06 47799.6
5.46052e-06 47683.5
5.47288e-06 47567.4
5.48524e-06 47451.1
5.4976e-06 47334.7
5.50996e-06 47218.2
5.52232e-06 47101.6
5.53468e-06 46984.9
5.54703e-06 46868.2
5.55939e-06 46751.3
5.57175e-06 46634.3
5.58411e-06 46517.2
5.59647e-06 46400
5.60883e-06 46282.8
5.62119e-06 46165.4
5.63354e-06 46047.9
5.6459e-06 45930.4
5.65826e-06 45812.7
5.67062e-06 45694.9
5.68298e-06 45577.1
5.69534e-06 45459.1
5.7077e-06 45341.1
5.72005e-06 45222.9
5.73241e-06 45104.7
5.74477e-06 44986.3
5.75713e-06 44867.9
5.76949e-06 44749.4
5.78185e-06 44630.7
5.79421e-06 44512
5.80656e-06 44393.2
5.81892e-06 44274.3
5.83128e-06 44155.3
5.84364e-06 44036.2
5.856e-06 43917
5.86836e-06 43797.7
5.88071e-06 43678.3
5.89307e-06 43558.8
5.90543e-06 43439.2
5.91779e-06 43319.5
5.93015e-06 43199.8
5.94251e-06 43079.9
5.95487e-06 42959.9
5.96722e-06 42839.9
5.97958e-06 42719.8
5.99194e-06 42599.5
6.0043e-06 42479.2
6.01666e-06 42358.8
6.02902e-06 42238.2
6.04138e-06 42117.6
6.05373e-06 41996.9
6.06609e-06 41876.2
6.07845e-06 41755.3
6.09081e-06 41634.3
6.10317e-06 41513.2
6.11553e-06 41392.1
6.12789e-06 41270.8
6.14024e-06 41149.5
6.1526e-06 41028
6.16496e-06 40906.5
6.17732e-06 40784.9
6.18968e-06 40663.2
6.20204e-06 40541.4
6.2144e-06 40419.5
6.22675e-06 40297.5
6.23911e-06 40175.5
6.25147e-06 40053.3
6.26383e-06 39931.1
6.27619e-06 39808.7
6.28855e-06 39686.3
6.30091e-06 39563.8
6.31326e-06 39441.2
6.32562e-06 39318.5
6.33798e-06 39195.7
6.35034e-06 39072.9
6.3627e-06 38949.9
6.37506e-06 38826.9
6.38741e-06 38703.7
6.39977e-06 38580.5
6.41213e-06 38457.2
6.42449e-06 38333.8
6.43685e-06 38210.4
6.44921e-06 38086.8
6.46157e-06 37963.1
6.47392e-06 37839.4
6.48628e-06 37715.6
6.49864e-06 37591.7
6.511e-06 37467.7
6.52336e-06 37343.6
6.53572e-06 37219.4
6.54808e-06 37095.2
6.56043e-06 36970.8
6.57279e-06 36846.4
6.58515e-06 36721.9
6.59751e-06 36597.3
6.60987e-06 36472.6
6.62223e-06 36347.9
6.63459e-06 36223
6.64694e-06 36098.1
6.6593e-06 35973.1
6.67166e-06 35848
6.68402e-06 35722.8
6.69638e-06 35597.5
6.70874e-06 35472.2
6.7211e-06 35346.8
6.73345e-06 35221.2
6.74581e-06 35095.7
6.75817e-06 34970
6.77053e-06 34844.2
6.78289e-06 34718.4
6.79525e-06 34592.5
6.8076e-06 34466.5
6.81996e-06 34340.4
6.83232e-06 34214.2
6.84468e-06 34088
6.85704e-06 33961.7
6.8694e-06 33835.3
6.88176e-06 33708.8
6.89411e-06 33582.2
6.90647e-06 33455.6
6.91883e-06 33328.8
6.93119e-06 33202
6.94355e-06 33075.2
6.95591e-06 32948.2
6.96827e-06 32821.2
6.98062e-06 32694
6.99298e-06 32566.9
7.00534e-06 32439.6
7.0177e-06 32312.2
7.03006e-06 32184.8
7.04242e-06 32057.3
7.05478e-06 31929.7
7.06713e-06 31802.1
7.07949e-06 31674.3
7.09185e-06 31546.5
7.10421e-06 31418.6
7.11657e-06 31290.7
7.12893e-06 31162.6
7.14129e-06 31034.5
7.15364e-06 30906.3
7.166e-06 30778.1
7.17836e-06 30649.7
7.19072e-06 30521.3
7.20308e-06 30392.8
7.21544e-06 30264.3
7.2278e-06 30135.6
7.24015e-06 30006.9
7.25251e-06 29878.2
7.26487e-06 29749.3
7.27723e-06 29620.4
7.28959e-06 29491.4
7.30195e-06 29362.3
7.3143e-06 29233.2
7.32666e-06 29103.9
7.33902e-06 28974.6
7.35138e-06 28845.3
7.36374e-06 28715.9
7.3761e-06 28586.4
7.38846e-06 28456.8
7.40081e-06 28327.1
7.41317e-06 28197.4
7.42553e-06 28067.6
7.43789e-06 27937.8
7.45025e-06 27807.9
7.46261e-06 27677.9
7.47497e-06 27547.8
7.48732e-06 27417.7
7.49968e-06 27287.5
7.51204e-06 27157.2
7.5244e-06 27026.9
7.53676e-06 26896.5
7.54912e-06 26766
7.56148e-06 26635.5
7.57383e-06 26504.9
7.58619e-06 26374.2
7.59855e-06 26243.5
7.61091e-06 26112.7
7.62327e-06 25981.8
7.63563e-06 25850.9
7.64799e-06 25719.9
7.66034e-06 25588.8
7.6727e-06 25457.7
7.68506e-06 25326.5
7.69742e-06 25195.2
7.70978e-06 25063.9
7.72214e-06 24932.5
7.73449e-06 24801.1
7.74685e-06 24669.5
7.75921e-06 24538
7.77157e-06 24406.3
7.78393e-06 24274.6
7.79629e-06 24142.9
7.80865e-06 24011
7.821e-06 23879.1
7.83336e-06 23747.2
7.84572e-06 23615.2
7.85808e-06 23483.1
7.87044e-06 23351
7.8828e-06 23218.8
7.89516e-06 23086.5
7.90751e-06 22954.2
7.91987e-06 22821.9
7.93223e-06 22689.4
7.94459e-06 22556.9
7.95695e-06 22424.4
7.96931e-06 22291.8
7.98167e-06 22159.1
7.99402e-06 22026.4
8.00638e-06 21893.6
8.01874e-06 21760.8
8.0311e-06 21627.9
8.04346e-06 21494.9
8.05582e-06 21361.9
8.06818e-06 21228.9
8.08053e-06 21095.8
8.09289e-06 20962.6
8.10525e-06 20829.4
8.11761e-06 20696.1
8.12997e-06 20562.7
8.14233e-06 20429.4
8.15469e-06 20295.9
8.16704e-06 20162.4
8.1794e-06 20028.9
8.19176e-06 19895.3
8.20412e-06 19761.6
8.21648e-06 19627.9
8.22884e-06 19494.1
8.24119e-06 19360.3
8.25355e-06 19226.5
8.26591e-06 19092.5
8.27827e-06 18958.6
8.29063e-06 18824.6
8.30299e-06 18690.5
8.31535e-06 18556.4
8.3277e-06 18422.2
8.34006e-06 18288
8.35242e-06 18153.7
8.36478e-06 18019.4
8.37714e-06 17885.1
8.3895e-06 17750.6
8.40186e-06 17616.2
8.41421e-06 17481.7
8.42657e-06 17347.1
8.43893e-06 17212.5
8.45129e-06 17077.9
8.46365e-06 16943.2
8.47601e-06 16808.5
8.48837e-06 16673.7
8.50072e-06 16538.9
8.51308e-06 16404
8.52544e-06 16269.1
8.5378e-06 16134.1
8.55016e-06 15999.1
8.56252e-06 15864.1
8.57488e-06 15729
8.58723e-06 15593.9
8.59959e-06 15458.7
8.61195e-06 15323.5
8.62431e-06 15188.2
8.63667e-06 15052.9
8.64903e-06 14917.6
8.66138e-06 14782.2
8.67374e-06 14646.8
8.6861e-06 14511.3
8.69846e-06 14375.8
8.71082e-06 14240.3
8.72318e-06 14104.7
8.73554e-06 13969.1
8.74789e-06 13833.4
8.76025e-06 13697.8
8.77261e-06 13562
8.78497e-06 13426.3
8.79733e-06 13290.5
8.80969e-06 13154.6
8.82205e-06 13018.7
8.8344e-06 12882.8
8.84676e-06 12746.9
8.85912e-06 12610.9
8.87148e-06 12474.9
8.88384e-06 12338.8
8.8962e-06 12202.7
8.90856e-06 12066.6
8.92091e-06 11930.5
8.93327e-06 11794.3
8.94563e-06 11658.1
8.95799e-06 11521.8
8.97035e-06 11385.5
8.98271e-06 11249.2
8.99507e-06 11112.9
9.00742e-06 10976.5
9.01978e-06 10840.1
9.03214e-06 10703.7
9.0445e-06 10567.2
9.05686e-06 10430.7
9.06922e-06 10294.2
9.08157e-06 10157.6
9.09393e-06 10021.1
9.10629e-06 9884.45
9.11865e-06 9747.82
9.13101e-06 9611.15
9.14337e-06 9474.47
9.15573e-06 9337.75
9.16808e-06 9201.01
9.18044e-06 9064.24
9.1928e-06 8927.45
9.20516e-06 8790.63
9.21752e-06 8653.79
9.22988e-06 8516.92
9.24224e-06 8380.03
9.25459e-06 8243.12
9.26695e-06 8106.19
9.27931e-06 7969.23
9.29167e-06 7832.25
9.30403e-06 7695.24
9.31639e-06 7558.22
9.32875e-06 7421.17
9.3411e-06 7284.11
9.35346e-06 7147.02
9.36582e-06 7009.92
9.37818e-06 6872.79
9.39054e-06 6735.64
9.4029e-06 6598.48
9.41526e-06 6461.3
9.42761e-06 6324.1
9.43997e-06 6186.88
9.45233e-06 6049.64
9.46469e-06 5912.39
9.47705e-06 5775.12
9.48941e-06 5637.84
9.50177e-06 5500.53
9.51412e-06 5363.22
9.52648e-06 5225.89
9.53884e-06 5088.54
9.5512e-06 4951.18
9.56356e-06 4813.81
9.57592e-06 4676.42
9.58827e-06 4539.02
9.60063e-06 4401.6
9.61299e-06 4264.18
9.62535e-06 4126.74
9.63771e-06 3989.29
9.65007e-06 3851.83
9.66243e-06 3714.36
9.67478e-06 3576.88
9.68714e-06 3439.39
9.6995e-06 3301.89
9.71186e-06 3164.38
9.72422e-06 3026.86
9.73658e-06 2889.33
9.74894e-06 2751.79
9.76129e-06 2614.25
9.77365e-06 2476.7
9.78601e-06 2339.14
9.79837e-06 2201.58
9.81073e-06 2064.01
9.82309e-06 1926.43
9.83545e-06 1788.85
9.8478e-06 1651.27
9.86016e-06 1513.68
9.87252e-06 1376.08
9.88488e-06 1238.48
9.89724e-06 1100.88
9.9096e-06 963.279
9.92196e-06 825.673
9.93431e-06 688.064
9.94667e-06 550.453
9.95903e-06 412.841
9.97139e-06 275.228
9.98375e-06 137.614
9.99611e-06 0
1.00085e-05 0
1.00208e-05 0
1.00332e-05 0
1.00455e-05 0
1.00579e-05 0
1.00703e-05 0
1.00826e-05 0
1.0095e-05 0
1.01073e-05 0
1.01197e-05 0
1.01321e-05 0
1.01444e-05 0
1.01568e-05 0
1.01691e-05 0
1.01815e-05 0
1.01938e-05 0
1.02062e-05 0
1.02186e-05 0
1.02309e-05 0
1.02433e-05 0
1.02556e-05 0
1.0268e-05 0
1.02804e-05 0
1.02927e-05 0
1.03051e-05 0
1.03174e-05 0
1.03298e-05 0
1.03421e-05 0
1.03545e-05 0
1.03669e-05 0
1.03792e-05 0
1.03916e-05 0
1.04039e-05 0
1.04163e-05 0
1.04287e-05 0
1.0441e-05 0
1.04534e-05 0
1.04657e-05 0
1.04781e-05 0
1.04904e-05 0
1.05028e-05 0
1.05152e-05 0
1.05275e-05 0
1.05399e-05 0
1.05522e-05 0
1.05646e-05 0
1.0577e-05 0
1.05893e-05 0
1.06017e-05 0
1.0614e-05 0
1.06264e-05 0
1.06388e-05 0
1.06511e-05 0
1.06635e-05 0
1.06758e-05 0
1.06882e-05 0
1.07005e-05 0
1.07129e-05 0
1.07253e-05 0
1.07376e-05 0
1.075e-05 0
1.07623e-05 0
1.07747e-05 0
1.07871e-05 0
1.07994e-05 0
1.08118e-05 0
1.08241e-05 0
1.08365e-05 0
1.08488e-05 0
1.08612e-05 0
1.08736e-05 0
1.08859e-05 0
1.08983e-05 0
1.09106e-05 0
1.0923e-05 0
1.09354e-05 0
1.09477e-05 0
1.09601e-05 0
1.09724e-05 0
1.09848e-05 0
1.09971e-05 0
1.10095e-05 0
1.10219e-05 0
1.10342e-05 0
1.10466e-05 0
1.10589e-05 0
1.10713e-05 0
1.10837e-05 0
1.1096e-05 0
1.11084e-05 0
1.11207e-05 0
1.11331e-05 0
1.11455e-05 0
1.11578e-05 0
1.11702e-05 0
1.11825e-05 0
1.11949e-05 0
1.12072e-05 0
1.12196e-05 0
1.1232e-05 0
1.12443e-05 0
1.12567e-05 0
1.1269e-05 0
1.12814e-05 0
1.12938e-05 0
1.13061e-05 0
1.13185e-05 0
1.13308e-05 0
1.13432e-05 0
1.13555e-05 0
1.13679e-05 0
1.13803e-05 0
1.13926e-05 0
1.1405e-05 0
1.14173e-05 0
1.14297e-05 0
1.14421e-05 0
1.14544e-05 0
1.14668e-05 0
1.14791e-05 0
1.14915e-05 0
1.15038e-05 0
1.15162e-05 0
1.15286e-05 0
1.15409e-05 0
1.15533e-05 0
1.15656e-05 0
1.1578e-05 0
1.15904e-05 0
1.16027e-05 0
1.16151e-05 0
1.16274e-05 0
1.16398e-05 0
1.16521e-05 0
1.16645e-05 0
1.16769e-05 0
1.16892e-05 0
1.17016e-05 0
1.17139e-05 0
1.17263e-05 0
1.17387e-05 0
1.1751e-05 0
1.17634e-05 0
1.17757e-05 0
1.17881e-05 0
1.18005e-05 0
1.18128e-05 0
1.18252e-05 0
1.18375e-05 0
1.18499e-05 0
1.18622e-05 0
1.18746e-05 0
1.1887e-05 0
1.18993e-05 0
1.19117e-05 0
1.1924e-05 0
1.19364e-05 0
1.19488e-05 0
1.19611e-05 0
1.19735e-05 0
1.19858e-05 0
1.19982e-05 0
1.20105e-05 0
1.20229e-05 0
1.20353e-05 0
1.20476e-05 0
1.206e-05 0
1.20723e-05 0
1.20847e-05 0
1.20971e-05 0
1.21094e-05 0
1.21218e-05 0
1.21341e-05 0
1.21465e-05 0
1.21588e-05 0
1.21712e-05 0
1.21836e-05 0
1.21959e-05 0
1.22083e-05 0
1.22206e-05 0
1.2233e-05 0
1.22454e-05 0
1.22577e-05 0
1.22701e-05 0
1.22824e-05 0
1.22948e-05 0
1.23072e-05 0
1.23195e-05 0
1.23319e-05 0
1.23442e-05 0
1.23566e-05 0
1.23689e-05 0
1.23813e-05 0
1.23937e-05 0
1.2406e-05 0
1.24184e-05 0
1.24307e-05 0
1.24431e-05 0
1.24555e-05 0
1.24678e-05 0
1.24802e-05 0
1.24925e-05 0
1.25049e-05 0
1.25172e-05 0
1.25296e-05 0
1.2542e-05 0
1.25543e-05 0
1.25667e-05 0
1.2579e-05 0
1.25914e-05 0
1.26038e-05 0
1.26161e-05 0
1.26285e-05 0
1.26408e-05 0
1.26532e-05 0
1.26655e-05 0
1.26779e-05 0
1.26903e-05 0
1.27026e-05 0
1.2715e-05 0
1.27273e-05 0
1.27397e-05 0
1.27521e-05 0
1.27644e-05 0
1.27768e-05 0
1.27891e-05 0
1.28015e-05 0
1.28139e-05 0
1.28262e-05 0
1.28386e-05 0
1.28509e-05 0
1.28633e-05 0
1.28756e-05 0
1.2888e-05 0
1.29004e-05 0
1.29127e-05 0
1.29251e-05 0
1.29374e-05 0
1.29498e-05 0
1.29622e-05 0
1.29745e-05 0
1.29869e-05 0
